"subject","activity","settype","variable","V1"
"1",2,"STANDING","test data","tBodyAcc-mean()-X",0.277911472222222
"2",2,"SITTING","test data","tBodyAcc-mean()-X",0.27708735173913
"3",2,"LAYING","test data","tBodyAcc-mean()-X",0.281373403958333
"4",2,"WALKING","test data","tBodyAcc-mean()-X",0.276426586440678
"5",2,"WALKING_DOWNSTAIRS","test data","tBodyAcc-mean()-X",0.27761534806383
"6",2,"WALKING_UPSTAIRS","test data","tBodyAcc-mean()-X",0.247164790395833
"7",4,"STANDING","test data","tBodyAcc-mean()-X",0.280499745892857
"8",4,"SITTING","test data","tBodyAcc-mean()-X",0.27153827992
"9",4,"LAYING","test data","tBodyAcc-mean()-X",0.263559214981481
"10",4,"WALKING","test data","tBodyAcc-mean()-X",0.278582015166667
"11",4,"WALKING_DOWNSTAIRS","test data","tBodyAcc-mean()-X",0.279965329555556
"12",4,"WALKING_UPSTAIRS","test data","tBodyAcc-mean()-X",0.270876696730769
"13",9,"STANDING","test data","tBodyAcc-mean()-X",0.282310057333333
"14",9,"SITTING","test data","tBodyAcc-mean()-X",0.24832674354
"15",9,"LAYING","test data","tBodyAcc-mean()-X",0.2591955368
"16",9,"WALKING","test data","tBodyAcc-mean()-X",0.278502842115385
"17",9,"WALKING_DOWNSTAIRS","test data","tBodyAcc-mean()-X",0.295923445
"18",9,"WALKING_UPSTAIRS","test data","tBodyAcc-mean()-X",0.262436475714286
"19",10,"STANDING","test data","tBodyAcc-mean()-X",0.276650300681818
"20",10,"SITTING","test data","tBodyAcc-mean()-X",0.270612056481481
"21",10,"LAYING","test data","tBodyAcc-mean()-X",0.280230574137931
"22",10,"WALKING","test data","tBodyAcc-mean()-X",0.278574076603774
"23",10,"WALKING_DOWNSTAIRS","test data","tBodyAcc-mean()-X",0.290401594315789
"24",10,"WALKING_UPSTAIRS","test data","tBodyAcc-mean()-X",0.267121853404255
"25",12,"STANDING","test data","tBodyAcc-mean()-X",0.277405834918033
"26",12,"SITTING","test data","tBodyAcc-mean()-X",0.275007224901961
"27",12,"LAYING","test data","tBodyAcc-mean()-X",0.260113433
"28",12,"WALKING","test data","tBodyAcc-mean()-X",0.2771286656
"29",12,"WALKING_DOWNSTAIRS","test data","tBodyAcc-mean()-X",0.281521097391304
"30",12,"WALKING_UPSTAIRS","test data","tBodyAcc-mean()-X",0.272970338653846
"31",13,"STANDING","test data","tBodyAcc-mean()-X",0.277758431052632
"32",13,"SITTING","test data","tBodyAcc-mean()-X",0.274328499591837
"33",13,"LAYING","test data","tBodyAcc-mean()-X",0.276716360483871
"34",13,"WALKING","test data","tBodyAcc-mean()-X",0.275883130350877
"35",13,"WALKING_DOWNSTAIRS","test data","tBodyAcc-mean()-X",0.294907553404255
"36",13,"WALKING_UPSTAIRS","test data","tBodyAcc-mean()-X",0.258203939581818
"37",18,"STANDING","test data","tBodyAcc-mean()-X",0.278458805890411
"38",18,"SITTING","test data","tBodyAcc-mean()-X",0.27727001877193
"39",18,"LAYING","test data","tBodyAcc-mean()-X",0.274691576923077
"40",18,"WALKING","test data","tBodyAcc-mean()-X",0.273887758571429
"41",18,"WALKING_DOWNSTAIRS","test data","tBodyAcc-mean()-X",0.288439468909091
"42",18,"WALKING_UPSTAIRS","test data","tBodyAcc-mean()-X",0.265401201896552
"43",20,"STANDING","test data","tBodyAcc-mean()-X",0.278076904657534
"44",20,"SITTING","test data","tBodyAcc-mean()-X",0.278045439090909
"45",20,"LAYING","test data","tBodyAcc-mean()-X",0.239507882205882
"46",20,"WALKING","test data","tBodyAcc-mean()-X",0.272589336470588
"47",20,"WALKING_DOWNSTAIRS","test data","tBodyAcc-mean()-X",0.296144421355556
"48",20,"WALKING_UPSTAIRS","test data","tBodyAcc-mean()-X",0.252098317156863
"49",24,"STANDING","test data","tBodyAcc-mean()-X",0.280348883913043
"50",24,"SITTING","test data","tBodyAcc-mean()-X",0.273475690147059
"51",24,"LAYING","test data","tBodyAcc-mean()-X",0.272850494930556
"52",24,"WALKING","test data","tBodyAcc-mean()-X",0.276980816034483
"53",24,"WALKING_DOWNSTAIRS","test data","tBodyAcc-mean()-X",0.288631208909091
"54",24,"WALKING_UPSTAIRS","test data","tBodyAcc-mean()-X",0.269881106779661
"55",1,"STANDING","training data","tBodyAcc-mean()-X",0.278917629056604
"56",1,"SITTING","training data","tBodyAcc-mean()-X",0.261237565425532
"57",1,"LAYING","training data","tBodyAcc-mean()-X",0.22159824394
"58",1,"WALKING","training data","tBodyAcc-mean()-X",0.277330758736842
"59",1,"WALKING_DOWNSTAIRS","training data","tBodyAcc-mean()-X",0.289188320408163
"60",1,"WALKING_UPSTAIRS","training data","tBodyAcc-mean()-X",0.255461689622641
"61",3,"STANDING","training data","tBodyAcc-mean()-X",0.280046513278689
"62",3,"SITTING","training data","tBodyAcc-mean()-X",0.257197599134615
"63",3,"LAYING","training data","tBodyAcc-mean()-X",0.275516852741935
"64",3,"WALKING","training data","tBodyAcc-mean()-X",0.275567462068966
"65",3,"WALKING_DOWNSTAIRS","training data","tBodyAcc-mean()-X",0.292423484693878
"66",3,"WALKING_UPSTAIRS","training data","tBodyAcc-mean()-X",0.260819873067797
"67",5,"STANDING","training data","tBodyAcc-mean()-X",0.282544390892857
"68",5,"SITTING","training data","tBodyAcc-mean()-X",0.273694139545455
"69",5,"LAYING","training data","tBodyAcc-mean()-X",0.278334325576923
"70",5,"WALKING","training data","tBodyAcc-mean()-X",0.27784234625
"71",5,"WALKING_DOWNSTAIRS","training data","tBodyAcc-mean()-X",0.29354392712766
"72",5,"WALKING_UPSTAIRS","training data","tBodyAcc-mean()-X",0.268459469914894
"73",6,"STANDING","training data","tBodyAcc-mean()-X",0.280346248596491
"74",6,"SITTING","training data","tBodyAcc-mean()-X",0.276778487454545
"75",6,"LAYING","training data","tBodyAcc-mean()-X",0.248656520140351
"76",6,"WALKING","training data","tBodyAcc-mean()-X",0.283658868070175
"77",6,"WALKING_DOWNSTAIRS","training data","tBodyAcc-mean()-X",0.277045258145833
"78",6,"WALKING_UPSTAIRS","training data","tBodyAcc-mean()-X",0.268229355098039
"79",7,"STANDING","training data","tBodyAcc-mean()-X",0.282723539433962
"80",7,"SITTING","training data","tBodyAcc-mean()-X",0.284674637291667
"81",7,"LAYING","training data","tBodyAcc-mean()-X",0.250176694038462
"82",7,"WALKING","training data","tBodyAcc-mean()-X",0.275592961754386
"83",7,"WALKING_DOWNSTAIRS","training data","tBodyAcc-mean()-X",0.28030708
"84",7,"WALKING_UPSTAIRS","training data","tBodyAcc-mean()-X",0.248706923078431
"85",8,"STANDING","training data","tBodyAcc-mean()-X",0.279620986111111
"86",8,"SITTING","training data","tBodyAcc-mean()-X",0.267491472934783
"87",8,"LAYING","training data","tBodyAcc-mean()-X",0.261254282907407
"88",8,"WALKING","training data","tBodyAcc-mean()-X",0.27468631
"89",8,"WALKING_DOWNSTAIRS","training data","tBodyAcc-mean()-X",0.283484089210526
"90",8,"WALKING_UPSTAIRS","training data","tBodyAcc-mean()-X",0.258880152048781
"91",11,"STANDING","training data","tBodyAcc-mean()-X",0.277715562765957
"92",11,"SITTING","training data","tBodyAcc-mean()-X",0.276590197358491
"93",11,"LAYING","training data","tBodyAcc-mean()-X",0.280592970877193
"94",11,"WALKING","training data","tBodyAcc-mean()-X",0.271821892881356
"95",11,"WALKING_DOWNSTAIRS","training data","tBodyAcc-mean()-X",0.291605631956522
"96",11,"WALKING_UPSTAIRS","training data","tBodyAcc-mean()-X",0.263775859277778
"97",14,"STANDING","training data","tBodyAcc-mean()-X",0.280545613833333
"98",14,"SITTING","training data","tBodyAcc-mean()-X",0.279990577037037
"99",14,"LAYING","training data","tBodyAcc-mean()-X",0.233275439803922
"100",14,"WALKING","training data","tBodyAcc-mean()-X",0.271959598644068
"101",14,"WALKING_DOWNSTAIRS","training data","tBodyAcc-mean()-X",0.293422115555556
"102",14,"WALKING_UPSTAIRS","training data","tBodyAcc-mean()-X",0.26242106612963
"103",15,"STANDING","training data","tBodyAcc-mean()-X",0.278915803962264
"104",15,"SITTING","training data","tBodyAcc-mean()-X",0.27290337979661
"105",15,"LAYING","training data","tBodyAcc-mean()-X",0.2894756525
"106",15,"WALKING","training data","tBodyAcc-mean()-X",0.273899207962963
"107",15,"WALKING_DOWNSTAIRS","training data","tBodyAcc-mean()-X",0.280198851190476
"108",15,"WALKING_UPSTAIRS","training data","tBodyAcc-mean()-X",0.270187595833333
"109",16,"STANDING","training data","tBodyAcc-mean()-X",0.283497402948718
"110",16,"SITTING","training data","tBodyAcc-mean()-X",0.280768574492754
"111",16,"LAYING","training data","tBodyAcc-mean()-X",0.274227162571429
"112",16,"WALKING","training data","tBodyAcc-mean()-X",0.276023564509804
"113",16,"WALKING_DOWNSTAIRS","training data","tBodyAcc-mean()-X",0.295586802191489
"114",16,"WALKING_UPSTAIRS","training data","tBodyAcc-mean()-X",0.255986102627451
"115",17,"STANDING","training data","tBodyAcc-mean()-X",0.277942503333333
"116",17,"SITTING","training data","tBodyAcc-mean()-X",0.2773570196875
"117",17,"LAYING","training data","tBodyAcc-mean()-X",0.269780085577465
"118",17,"WALKING","training data","tBodyAcc-mean()-X",0.272341855245902
"119",17,"WALKING_DOWNSTAIRS","training data","tBodyAcc-mean()-X",0.29391828326087
"120",17,"WALKING_UPSTAIRS","training data","tBodyAcc-mean()-X",0.252604768583333
"121",19,"STANDING","training data","tBodyAcc-mean()-X",0.27817226
"122",19,"SITTING","training data","tBodyAcc-mean()-X",0.273830316164384
"123",19,"LAYING","training data","tBodyAcc-mean()-X",0.272653733493976
"124",19,"WALKING","training data","tBodyAcc-mean()-X",0.273931172307692
"125",19,"WALKING_DOWNSTAIRS","training data","tBodyAcc-mean()-X",0.262688053871795
"126",19,"WALKING_UPSTAIRS","training data","tBodyAcc-mean()-X",0.242118808925
"127",21,"STANDING","training data","tBodyAcc-mean()-X",0.27695224258427
"128",21,"SITTING","training data","tBodyAcc-mean()-X",0.277539616823529
"129",21,"LAYING","training data","tBodyAcc-mean()-X",0.271325472455556
"130",21,"WALKING","training data","tBodyAcc-mean()-X",0.279183526730769
"131",21,"WALKING_DOWNSTAIRS","training data","tBodyAcc-mean()-X",0.3014610196
"132",21,"WALKING_UPSTAIRS","training data","tBodyAcc-mean()-X",0.265194544680851
"133",22,"STANDING","training data","tBodyAcc-mean()-X",0.279053861587302
"134",22,"SITTING","training data","tBodyAcc-mean()-X",0.273583822709677
"135",22,"LAYING","training data","tBodyAcc-mean()-X",0.279959721194444
"136",22,"WALKING","training data","tBodyAcc-mean()-X",0.27886459
"137",22,"WALKING_DOWNSTAIRS","training data","tBodyAcc-mean()-X",0.284458963861111
"138",22,"WALKING_UPSTAIRS","training data","tBodyAcc-mean()-X",0.248391534566667
"139",23,"STANDING","training data","tBodyAcc-mean()-X",0.277899323235294
"140",23,"SITTING","training data","tBodyAcc-mean()-X",0.273351251617647
"141",23,"LAYING","training data","tBodyAcc-mean()-X",0.274038007986111
"142",23,"WALKING","training data","tBodyAcc-mean()-X",0.273211884237288
"143",23,"WALKING_DOWNSTAIRS","training data","tBodyAcc-mean()-X",0.289897411148148
"144",23,"WALKING_UPSTAIRS","training data","tBodyAcc-mean()-X",0.249995171031373
"145",25,"STANDING","training data","tBodyAcc-mean()-X",0.278013701621622
"146",25,"SITTING","training data","tBodyAcc-mean()-X",0.278541482461538
"147",25,"LAYING","training data","tBodyAcc-mean()-X",0.250791828613699
"148",25,"WALKING","training data","tBodyAcc-mean()-X",0.278992759054054
"149",25,"WALKING_DOWNSTAIRS","training data","tBodyAcc-mean()-X",0.291329666206897
"150",25,"WALKING_UPSTAIRS","training data","tBodyAcc-mean()-X",0.277995411384615
"151",26,"STANDING","training data","tBodyAcc-mean()-X",0.281127035405405
"152",26,"SITTING","training data","tBodyAcc-mean()-X",0.258243530166667
"153",26,"LAYING","training data","tBodyAcc-mean()-X",0.271645864540789
"154",26,"WALKING","training data","tBodyAcc-mean()-X",0.279264443728814
"155",26,"WALKING_DOWNSTAIRS","training data","tBodyAcc-mean()-X",0.2792845828
"156",26,"WALKING_UPSTAIRS","training data","tBodyAcc-mean()-X",0.272691394545455
"157",27,"STANDING","training data","tBodyAcc-mean()-X",0.279566921625
"158",27,"SITTING","training data","tBodyAcc-mean()-X",0.273941302571429
"159",27,"LAYING","training data","tBodyAcc-mean()-X",0.274102492432432
"160",27,"WALKING","training data","tBodyAcc-mean()-X",0.276849485438596
"161",27,"WALKING_DOWNSTAIRS","training data","tBodyAcc-mean()-X",0.2975441875
"162",27,"WALKING_UPSTAIRS","training data","tBodyAcc-mean()-X",0.265770253921569
"163",28,"STANDING","training data","tBodyAcc-mean()-X",0.277795069113924
"164",28,"SITTING","training data","tBodyAcc-mean()-X",0.276977629444444
"165",28,"LAYING","training data","tBodyAcc-mean()-X",0.2759134825
"166",28,"WALKING","training data","tBodyAcc-mean()-X",0.281228223888889
"167",28,"WALKING_DOWNSTAIRS","training data","tBodyAcc-mean()-X",0.293642076521739
"168",28,"WALKING_UPSTAIRS","training data","tBodyAcc-mean()-X",0.262005841764706
"169",29,"STANDING","training data","tBodyAcc-mean()-X",0.277965065846154
"170",29,"SITTING","training data","tBodyAcc-mean()-X",0.2771799775
"171",29,"LAYING","training data","tBodyAcc-mean()-X",0.287295196811594
"172",29,"WALKING","training data","tBodyAcc-mean()-X",0.271999916792453
"173",29,"WALKING_DOWNSTAIRS","training data","tBodyAcc-mean()-X",0.293140441083333
"174",29,"WALKING_UPSTAIRS","training data","tBodyAcc-mean()-X",0.265423066877551
"175",30,"STANDING","training data","tBodyAcc-mean()-X",0.277112699152542
"176",30,"SITTING","training data","tBodyAcc-mean()-X",0.268336081379032
"177",30,"LAYING","training data","tBodyAcc-mean()-X",0.281033900571429
"178",30,"WALKING","training data","tBodyAcc-mean()-X",0.276406758
"179",30,"WALKING_DOWNSTAIRS","training data","tBodyAcc-mean()-X",0.283190646967742
"180",30,"WALKING_UPSTAIRS","training data","tBodyAcc-mean()-X",0.271415642261538
"181",2,"STANDING","test data","tBodyAcc-mean()-Y",-0.0184208270166667
"182",2,"SITTING","test data","tBodyAcc-mean()-Y",-0.0156879937282609
"183",2,"LAYING","test data","tBodyAcc-mean()-Y",-0.0181587397583333
"184",2,"WALKING","test data","tBodyAcc-mean()-Y",-0.0185949199145763
"185",2,"WALKING_DOWNSTAIRS","test data","tBodyAcc-mean()-Y",-0.0226614158361702
"186",2,"WALKING_UPSTAIRS","test data","tBodyAcc-mean()-Y",-0.0214121132045833
"187",4,"STANDING","test data","tBodyAcc-mean()-Y",-0.00948911098553571
"188",4,"SITTING","test data","tBodyAcc-mean()-Y",-0.007163065158
"189",4,"LAYING","test data","tBodyAcc-mean()-Y",-0.0150031841055556
"190",4,"WALKING","test data","tBodyAcc-mean()-Y",-0.0148399475341667
"191",4,"WALKING_DOWNSTAIRS","test data","tBodyAcc-mean()-Y",-0.00980200850666667
"192",4,"WALKING_UPSTAIRS","test data","tBodyAcc-mean()-Y",-0.0319804295729615
"193",9,"STANDING","test data","tBodyAcc-mean()-Y",-0.0200454954022222
"194",9,"SITTING","test data","tBodyAcc-mean()-Y",-0.02701677698
"195",9,"LAYING","test data","tBodyAcc-mean()-Y",-0.020526821662
"196",9,"WALKING","test data","tBodyAcc-mean()-Y",-0.0180891971284423
"197",9,"WALKING_DOWNSTAIRS","test data","tBodyAcc-mean()-Y",-0.0203994269075476
"198",9,"WALKING_UPSTAIRS","test data","tBodyAcc-mean()-Y",-0.0195101099975714
"199",10,"STANDING","test data","tBodyAcc-mean()-Y",-0.0155418603409091
"200",10,"SITTING","test data","tBodyAcc-mean()-Y",-0.015042681852037
"201",10,"LAYING","test data","tBodyAcc-mean()-Y",-0.024294484137931
"202",10,"WALKING","test data","tBodyAcc-mean()-Y",-0.017022351190566
"203",10,"WALKING_DOWNSTAIRS","test data","tBodyAcc-mean()-Y",-0.0200050770710526
"204",10,"WALKING_UPSTAIRS","test data","tBodyAcc-mean()-Y",-0.0143854920340426
"205",12,"STANDING","test data","tBodyAcc-mean()-Y",-0.0169002543196721
"206",12,"SITTING","test data","tBodyAcc-mean()-Y",-0.0157892988523529
"207",12,"LAYING","test data","tBodyAcc-mean()-Y",-0.0175203917146667
"208",12,"WALKING","test data","tBodyAcc-mean()-Y",-0.015560927606
"209",12,"WALKING_DOWNSTAIRS","test data","tBodyAcc-mean()-Y",-0.018084266865793
"210",12,"WALKING_UPSTAIRS","test data","tBodyAcc-mean()-Y",-0.0263574903403846
"211",13,"STANDING","test data","tBodyAcc-mean()-Y",-0.0167891993964912
"212",13,"SITTING","test data","tBodyAcc-mean()-Y",-0.00587732936326531
"213",13,"LAYING","test data","tBodyAcc-mean()-Y",-0.020440454366129
"214",13,"WALKING","test data","tBodyAcc-mean()-Y",-0.0185660651947368
"215",13,"WALKING_DOWNSTAIRS","test data","tBodyAcc-mean()-Y",-0.0143723839108511
"216",13,"WALKING_UPSTAIRS","test data","tBodyAcc-mean()-Y",-0.0277392253910909
"217",18,"STANDING","test data","tBodyAcc-mean()-Y",-0.0166353518150685
"218",18,"SITTING","test data","tBodyAcc-mean()-Y",-0.0128691279736842
"219",18,"LAYING","test data","tBodyAcc-mean()-Y",-0.0173937684615385
"220",18,"WALKING","test data","tBodyAcc-mean()-Y",-0.0178023631866071
"221",18,"WALKING_DOWNSTAIRS","test data","tBodyAcc-mean()-Y",-0.0168666920221818
"222",18,"WALKING_UPSTAIRS","test data","tBodyAcc-mean()-Y",-0.0222060684378914
"223",20,"STANDING","test data","tBodyAcc-mean()-Y",-0.0180695049161644
"224",20,"SITTING","test data","tBodyAcc-mean()-Y",-0.0147229305131818
"225",20,"LAYING","test data","tBodyAcc-mean()-Y",-0.0144406281132353
"226",20,"WALKING","test data","tBodyAcc-mean()-Y",-0.021199992245098
"227",20,"WALKING_DOWNSTAIRS","test data","tBodyAcc-mean()-Y",-0.00964120773155556
"228",20,"WALKING_UPSTAIRS","test data","tBodyAcc-mean()-Y",-0.0282258047588235
"229",24,"STANDING","test data","tBodyAcc-mean()-Y",-0.0144785340348986
"230",24,"SITTING","test data","tBodyAcc-mean()-Y",-0.0131255097938235
"231",24,"LAYING","test data","tBodyAcc-mean()-Y",-0.0173555210111111
"232",24,"WALKING","test data","tBodyAcc-mean()-Y",-0.0225446400534483
"233",24,"WALKING_DOWNSTAIRS","test data","tBodyAcc-mean()-Y",-0.0145730348310909
"234",24,"WALKING_UPSTAIRS","test data","tBodyAcc-mean()-Y",-0.0251979434569492
"235",1,"STANDING","training data","tBodyAcc-mean()-Y",-0.0161375901037736
"236",1,"SITTING","training data","tBodyAcc-mean()-Y",-0.00130828765170213
"237",1,"LAYING","training data","tBodyAcc-mean()-Y",-0.0405139534294
"238",1,"WALKING","training data","tBodyAcc-mean()-Y",-0.0173838185273684
"239",1,"WALKING_DOWNSTAIRS","training data","tBodyAcc-mean()-Y",-0.00991850461020408
"240",1,"WALKING_UPSTAIRS","training data","tBodyAcc-mean()-Y",-0.0239531492643396
"241",3,"STANDING","training data","tBodyAcc-mean()-Y",-0.0143376555065574
"242",3,"SITTING","training data","tBodyAcc-mean()-Y",-0.00350299841730769
"243",3,"LAYING","training data","tBodyAcc-mean()-Y",-0.0189556785048387
"244",3,"WALKING","training data","tBodyAcc-mean()-Y",-0.0171767844203448
"245",3,"WALKING_DOWNSTAIRS","training data","tBodyAcc-mean()-Y",-0.0193554079328571
"246",3,"WALKING_UPSTAIRS","training data","tBodyAcc-mean()-Y",-0.0324109410555932
"247",5,"STANDING","training data","tBodyAcc-mean()-Y",-0.00700418554517857
"248",5,"SITTING","training data","tBodyAcc-mean()-Y",-0.00990083527045455
"249",5,"LAYING","training data","tBodyAcc-mean()-Y",-0.0183042123269231
"250",5,"WALKING","training data","tBodyAcc-mean()-Y",-0.0172850317482679
"251",5,"WALKING_DOWNSTAIRS","training data","tBodyAcc-mean()-Y",-0.00850107533191489
"252",5,"WALKING_UPSTAIRS","training data","tBodyAcc-mean()-Y",-0.0325269755153191
"253",6,"STANDING","training data","tBodyAcc-mean()-Y",-0.0181236327175439
"254",6,"SITTING","training data","tBodyAcc-mean()-Y",-0.0145911615290909
"255",6,"LAYING","training data","tBodyAcc-mean()-Y",-0.0102529170561404
"256",6,"WALKING","training data","tBodyAcc-mean()-Y",-0.0168954189082456
"257",6,"WALKING_DOWNSTAIRS","training data","tBodyAcc-mean()-Y",-0.019536840063125
"258",6,"WALKING_UPSTAIRS","training data","tBodyAcc-mean()-Y",-0.0272425385070588
"259",7,"STANDING","training data","tBodyAcc-mean()-Y",-0.0145740341037736
"260",7,"SITTING","training data","tBodyAcc-mean()-Y",-0.01461097580375
"261",7,"LAYING","training data","tBodyAcc-mean()-Y",-0.0204411516884615
"262",7,"WALKING","training data","tBodyAcc-mean()-Y",-0.018653665345614
"263",7,"WALKING_DOWNSTAIRS","training data","tBodyAcc-mean()-Y",-0.0166332372978723
"264",7,"WALKING_UPSTAIRS","training data","tBodyAcc-mean()-Y",-0.0275639005607843
"265",8,"STANDING","training data","tBodyAcc-mean()-Y",-0.0148113067148148
"266",8,"SITTING","training data","tBodyAcc-mean()-Y",-0.00672550621304348
"267",8,"LAYING","training data","tBodyAcc-mean()-Y",-0.0212281733881481
"268",8,"WALKING","training data","tBodyAcc-mean()-Y",-0.0186628865310417
"269",8,"WALKING_DOWNSTAIRS","training data","tBodyAcc-mean()-Y",-0.0211058674973684
"270",8,"WALKING_UPSTAIRS","training data","tBodyAcc-mean()-Y",-0.0282415136341463
"271",11,"STANDING","training data","tBodyAcc-mean()-Y",-0.0171990886595745
"272",11,"SITTING","training data","tBodyAcc-mean()-Y",-0.0149195616754717
"273",11,"LAYING","training data","tBodyAcc-mean()-Y",-0.0176598052315789
"274",11,"WALKING","training data","tBodyAcc-mean()-Y",-0.0166475833623729
"275",11,"WALKING_DOWNSTAIRS","training data","tBodyAcc-mean()-Y",-0.0178097721219565
"276",11,"WALKING_UPSTAIRS","training data","tBodyAcc-mean()-Y",-0.0303157822055556
"277",14,"STANDING","training data","tBodyAcc-mean()-Y",-0.01520781344
"278",14,"SITTING","training data","tBodyAcc-mean()-Y",-0.00870565463888889
"279",14,"LAYING","training data","tBodyAcc-mean()-Y",-0.0113424652490196
"280",14,"WALKING","training data","tBodyAcc-mean()-Y",-0.0217785380966102
"281",14,"WALKING_DOWNSTAIRS","training data","tBodyAcc-mean()-Y",-0.0200141413657778
"282",14,"WALKING_UPSTAIRS","training data","tBodyAcc-mean()-Y",-0.0204388180024074
"283",15,"STANDING","training data","tBodyAcc-mean()-Y",-0.0183516360396226
"284",15,"SITTING","training data","tBodyAcc-mean()-Y",-0.0117188472271186
"285",15,"LAYING","training data","tBodyAcc-mean()-Y",-0.0166296542054167
"286",15,"WALKING","training data","tBodyAcc-mean()-Y",-0.0170809740090741
"287",15,"WALKING_DOWNSTAIRS","training data","tBodyAcc-mean()-Y",-0.00563047804309524
"288",15,"WALKING_UPSTAIRS","training data","tBodyAcc-mean()-Y",-0.0287523860708333
"289",16,"STANDING","training data","tBodyAcc-mean()-Y",-0.0165999672935897
"290",16,"SITTING","training data","tBodyAcc-mean()-Y",-0.0102497939956522
"291",16,"LAYING","training data","tBodyAcc-mean()-Y",-0.0166103510562857
"292",16,"WALKING","training data","tBodyAcc-mean()-Y",-0.0204286929452941
"293",16,"WALKING_DOWNSTAIRS","training data","tBodyAcc-mean()-Y",-0.0183898583787234
"294",16,"WALKING_UPSTAIRS","training data","tBodyAcc-mean()-Y",-0.0143654945011765
"295",17,"STANDING","training data","tBodyAcc-mean()-Y",-0.0174120064169231
"296",17,"SITTING","training data","tBodyAcc-mean()-Y",-0.014156274084375
"297",17,"LAYING","training data","tBodyAcc-mean()-Y",-0.0168462006729577
"298",17,"WALKING","training data","tBodyAcc-mean()-Y",-0.0184875403339344
"299",17,"WALKING_DOWNSTAIRS","training data","tBodyAcc-mean()-Y",-0.0167359404347826
"300",17,"WALKING_UPSTAIRS","training data","tBodyAcc-mean()-Y",-0.0228645614308333
"301",19,"STANDING","training data","tBodyAcc-mean()-Y",-0.0154244056945205
"302",19,"SITTING","training data","tBodyAcc-mean()-Y",-0.016739260030137
"303",19,"LAYING","training data","tBodyAcc-mean()-Y",-0.0171426864421687
"304",19,"WALKING","training data","tBodyAcc-mean()-Y",-0.0191773587903846
"305",19,"WALKING_DOWNSTAIRS","training data","tBodyAcc-mean()-Y",-0.0145942275069487
"306",19,"WALKING_UPSTAIRS","training data","tBodyAcc-mean()-Y",-0.0303986615775
"307",21,"STANDING","training data","tBodyAcc-mean()-Y",-0.0167084730205618
"308",21,"SITTING","training data","tBodyAcc-mean()-Y",-0.0144009705494118
"309",21,"LAYING","training data","tBodyAcc-mean()-Y",-0.0184233048415556
"310",21,"WALKING","training data","tBodyAcc-mean()-Y",-0.0181610317526923
"311",21,"WALKING_DOWNSTAIRS","training data","tBodyAcc-mean()-Y",-0.0173195390157778
"312",21,"WALKING_UPSTAIRS","training data","tBodyAcc-mean()-Y",-0.0237218695148936
"313",22,"STANDING","training data","tBodyAcc-mean()-Y",-0.0158563207496825
"314",22,"SITTING","training data","tBodyAcc-mean()-Y",-0.0123468446419355
"315",22,"LAYING","training data","tBodyAcc-mean()-Y",-0.0142629864502778
"316",22,"WALKING","training data","tBodyAcc-mean()-Y",-0.0167213607957174
"317",22,"WALKING_DOWNSTAIRS","training data","tBodyAcc-mean()-Y",-0.0197999371686389
"318",22,"WALKING_UPSTAIRS","training data","tBodyAcc-mean()-Y",-0.0268622561133333
"319",23,"STANDING","training data","tBodyAcc-mean()-Y",-0.0177475547867647
"320",23,"SITTING","training data","tBodyAcc-mean()-Y",-0.0133945015676471
"321",23,"LAYING","training data","tBodyAcc-mean()-Y",-0.0216553835833333
"322",23,"WALKING","training data","tBodyAcc-mean()-Y",-0.0183618711932203
"323",23,"WALKING_DOWNSTAIRS","training data","tBodyAcc-mean()-Y",-0.0162111457238889
"324",23,"WALKING_UPSTAIRS","training data","tBodyAcc-mean()-Y",-0.0323844029237255
"325",25,"STANDING","training data","tBodyAcc-mean()-Y",-0.0163569730274324
"326",25,"SITTING","training data","tBodyAcc-mean()-Y",-0.0147696808030769
"327",25,"LAYING","training data","tBodyAcc-mean()-Y",-0.0188943663671233
"328",25,"WALKING","training data","tBodyAcc-mean()-Y",-0.0186477624716216
"329",25,"WALKING_DOWNSTAIRS","training data","tBodyAcc-mean()-Y",-0.0210170522987931
"330",25,"WALKING_UPSTAIRS","training data","tBodyAcc-mean()-Y",-0.0269863524264615
"331",26,"STANDING","training data","tBodyAcc-mean()-Y",-0.0166608306652703
"332",26,"SITTING","training data","tBodyAcc-mean()-Y",-0.00713364541358974
"333",26,"LAYING","training data","tBodyAcc-mean()-Y",-0.0191895728026316
"334",26,"WALKING","training data","tBodyAcc-mean()-Y",-0.0154259586949153
"335",26,"WALKING_DOWNSTAIRS","training data","tBodyAcc-mean()-Y",-0.01262580966778
"336",26,"WALKING_UPSTAIRS","training data","tBodyAcc-mean()-Y",-0.0281633797398182
"337",27,"STANDING","training data","tBodyAcc-mean()-Y",-0.016593236445
"338",27,"SITTING","training data","tBodyAcc-mean()-Y",-0.0155269799285714
"339",27,"LAYING","training data","tBodyAcc-mean()-Y",-0.0179867611216216
"340",27,"WALKING","training data","tBodyAcc-mean()-Y",-0.0166478783221912
"341",27,"WALKING_DOWNSTAIRS","training data","tBodyAcc-mean()-Y",-0.0135564467159091
"342",27,"WALKING_UPSTAIRS","training data","tBodyAcc-mean()-Y",-0.0200953324078431
"343",28,"STANDING","training data","tBodyAcc-mean()-Y",-0.0172635124672152
"344",28,"SITTING","training data","tBodyAcc-mean()-Y",-0.0185404441258333
"345",28,"LAYING","training data","tBodyAcc-mean()-Y",-0.0167537858225
"346",28,"WALKING","training data","tBodyAcc-mean()-Y",-0.0156759722981481
"347",28,"WALKING_DOWNSTAIRS","training data","tBodyAcc-mean()-Y",-0.0220230465913043
"348",28,"WALKING_UPSTAIRS","training data","tBodyAcc-mean()-Y",-0.0279443943478431
"349",29,"STANDING","training data","tBodyAcc-mean()-Y",-0.0172605869061538
"350",29,"SITTING","training data","tBodyAcc-mean()-Y",-0.016630680375
"351",29,"LAYING","training data","tBodyAcc-mean()-Y",-0.0171965484202899
"352",29,"WALKING","training data","tBodyAcc-mean()-Y",-0.0162915600588679
"353",29,"WALKING_DOWNSTAIRS","training data","tBodyAcc-mean()-Y",-0.01494121505625
"354",29,"WALKING_UPSTAIRS","training data","tBodyAcc-mean()-Y",-0.0299465312326531
"355",30,"STANDING","training data","tBodyAcc-mean()-Y",-0.0170163887813559
"356",30,"SITTING","training data","tBodyAcc-mean()-Y",-0.00804731295322581
"357",30,"LAYING","training data","tBodyAcc-mean()-Y",-0.0194494098614286
"358",30,"WALKING","training data","tBodyAcc-mean()-Y",-0.0175880385730769
"359",30,"WALKING_DOWNSTAIRS","training data","tBodyAcc-mean()-Y",-0.0174383900204839
"360",30,"WALKING_UPSTAIRS","training data","tBodyAcc-mean()-Y",-0.0253311698786154
"361",2,"STANDING","test data","tBodyAcc-mean()-Z",-0.105908536055556
"362",2,"SITTING","test data","tBodyAcc-mean()-Z",-0.109218272456522
"363",2,"LAYING","test data","tBodyAcc-mean()-Z",-0.107245610416667
"364",2,"WALKING","test data","tBodyAcc-mean()-Z",-0.105500357966102
"365",2,"WALKING_DOWNSTAIRS","test data","tBodyAcc-mean()-Z",-0.116812942382979
"366",2,"WALKING_UPSTAIRS","test data","tBodyAcc-mean()-Z",-0.152513899520833
"367",4,"STANDING","test data","tBodyAcc-mean()-Z",-0.0961574905535714
"368",4,"SITTING","test data","tBodyAcc-mean()-Z",-0.10587459588
"369",4,"LAYING","test data","tBodyAcc-mean()-Z",-0.110688150314815
"370",4,"WALKING","test data","tBodyAcc-mean()-Z",-0.11140306485
"371",4,"WALKING_DOWNSTAIRS","test data","tBodyAcc-mean()-Z",-0.1067775246
"372",4,"WALKING_UPSTAIRS","test data","tBodyAcc-mean()-Z",-0.114219455519231
"373",9,"STANDING","test data","tBodyAcc-mean()-Z",-0.0952747481333333
"374",9,"SITTING","test data","tBodyAcc-mean()-Z",-0.07537846886
"375",9,"LAYING","test data","tBodyAcc-mean()-Z",-0.10754972144
"376",9,"WALKING","test data","tBodyAcc-mean()-Z",-0.110820512307692
"377",9,"WALKING_DOWNSTAIRS","test data","tBodyAcc-mean()-Z",-0.0910278793952381
"378",9,"WALKING_UPSTAIRS","test data","tBodyAcc-mean()-Z",-0.125219003959184
"379",10,"STANDING","test data","tBodyAcc-mean()-Z",-0.107964083931818
"380",10,"SITTING","test data","tBodyAcc-mean()-Z",-0.104253238796296
"381",10,"LAYING","test data","tBodyAcc-mean()-Z",-0.117168642362069
"382",10,"WALKING","test data","tBodyAcc-mean()-Z",-0.109057512132075
"383",10,"WALKING_DOWNSTAIRS","test data","tBodyAcc-mean()-Z",-0.110848597247368
"384",10,"WALKING_UPSTAIRS","test data","tBodyAcc-mean()-Z",-0.118180420834043
"385",12,"STANDING","test data","tBodyAcc-mean()-Z",-0.105526999754098
"386",12,"SITTING","test data","tBodyAcc-mean()-Z",-0.106307228960784
"387",12,"LAYING","test data","tBodyAcc-mean()-Z",-0.108160125666667
"388",12,"WALKING","test data","tBodyAcc-mean()-Z",-0.10316110632
"389",12,"WALKING_DOWNSTAIRS","test data","tBodyAcc-mean()-Z",-0.10955593226087
"390",12,"WALKING_UPSTAIRS","test data","tBodyAcc-mean()-Z",-0.107339730115385
"391",13,"STANDING","test data","tBodyAcc-mean()-Z",-0.112124137754386
"392",13,"SITTING","test data","tBodyAcc-mean()-Z",-0.0972465110836735
"393",13,"LAYING","test data","tBodyAcc-mean()-Z",-0.104331864532258
"394",13,"WALKING","test data","tBodyAcc-mean()-Z",-0.111431456192982
"395",13,"WALKING_DOWNSTAIRS","test data","tBodyAcc-mean()-Z",-0.101993941531915
"396",13,"WALKING_UPSTAIRS","test data","tBodyAcc-mean()-Z",-0.125767265890909
"397",18,"STANDING","test data","tBodyAcc-mean()-Z",-0.108453355945205
"398",18,"SITTING","test data","tBodyAcc-mean()-Z",-0.111904775824561
"399",18,"LAYING","test data","tBodyAcc-mean()-Z",-0.107698927907692
"400",18,"WALKING","test data","tBodyAcc-mean()-Z",-0.104218315464286
"401",18,"WALKING_DOWNSTAIRS","test data","tBodyAcc-mean()-Z",-0.1033908092
"402",18,"WALKING_UPSTAIRS","test data","tBodyAcc-mean()-Z",-0.112655891327586
"403",20,"STANDING","test data","tBodyAcc-mean()-Z",-0.100402759931507
"404",20,"SITTING","test data","tBodyAcc-mean()-Z",-0.108369634515152
"405",20,"LAYING","test data","tBodyAcc-mean()-Z",-0.104274322538235
"406",20,"WALKING","test data","tBodyAcc-mean()-Z",-0.113539477098039
"407",20,"WALKING_DOWNSTAIRS","test data","tBodyAcc-mean()-Z",-0.104602925937778
"408",20,"WALKING_UPSTAIRS","test data","tBodyAcc-mean()-Z",-0.121023947784314
"409",24,"STANDING","test data","tBodyAcc-mean()-Z",-0.108222553855072
"410",24,"SITTING","test data","tBodyAcc-mean()-Z",-0.103041061426471
"411",24,"LAYING","test data","tBodyAcc-mean()-Z",-0.107236237236111
"412",24,"WALKING","test data","tBodyAcc-mean()-Z",-0.110595952913793
"413",24,"WALKING_DOWNSTAIRS","test data","tBodyAcc-mean()-Z",-0.104818820272727
"414",24,"WALKING_UPSTAIRS","test data","tBodyAcc-mean()-Z",-0.114248610966102
"415",1,"STANDING","training data","tBodyAcc-mean()-Z",-0.110601817735849
"416",1,"SITTING","training data","tBodyAcc-mean()-Z",-0.104544182255319
"417",1,"LAYING","training data","tBodyAcc-mean()-Z",-0.11320355358
"418",1,"WALKING","training data","tBodyAcc-mean()-Z",-0.111148103547368
"419",1,"WALKING_DOWNSTAIRS","training data","tBodyAcc-mean()-Z",-0.107566190908163
"420",1,"WALKING_UPSTAIRS","training data","tBodyAcc-mean()-Z",-0.0973020020943396
"421",3,"STANDING","training data","tBodyAcc-mean()-Z",-0.101621722633148
"422",3,"SITTING","training data","tBodyAcc-mean()-Z",-0.0983579203269231
"423",3,"LAYING","training data","tBodyAcc-mean()-Z",-0.101300477506452
"424",3,"WALKING","training data","tBodyAcc-mean()-Z",-0.112674859827586
"425",3,"WALKING_DOWNSTAIRS","training data","tBodyAcc-mean()-Z",-0.116139842908163
"426",3,"WALKING_UPSTAIRS","training data","tBodyAcc-mean()-Z",-0.110064863437288
"427",5,"STANDING","training data","tBodyAcc-mean()-Z",-0.102171095696429
"428",5,"SITTING","training data","tBodyAcc-mean()-Z",-0.108540300265909
"429",5,"LAYING","training data","tBodyAcc-mean()-Z",-0.107937603673077
"430",5,"WALKING","training data","tBodyAcc-mean()-Z",-0.107741776464286
"431",5,"WALKING_DOWNSTAIRS","training data","tBodyAcc-mean()-Z",-0.100319930659574
"432",5,"WALKING_UPSTAIRS","training data","tBodyAcc-mean()-Z",-0.107471453914894
"433",6,"STANDING","training data","tBodyAcc-mean()-Z",-0.112172831947368
"434",6,"SITTING","training data","tBodyAcc-mean()-Z",-0.110127728709091
"435",6,"LAYING","training data","tBodyAcc-mean()-Z",-0.133119570368421
"436",6,"WALKING","training data","tBodyAcc-mean()-Z",-0.110303165877193
"437",6,"WALKING_DOWNSTAIRS","training data","tBodyAcc-mean()-Z",-0.107209356208333
"438",6,"WALKING_UPSTAIRS","training data","tBodyAcc-mean()-Z",-0.122082438784314
"439",7,"STANDING","training data","tBodyAcc-mean()-Z",-0.0997778303207547
"440",7,"SITTING","training data","tBodyAcc-mean()-Z",-0.122464597625
"441",7,"LAYING","training data","tBodyAcc-mean()-Z",-0.101361036576923
"442",7,"WALKING","training data","tBodyAcc-mean()-Z",-0.110912234947368
"443",7,"WALKING_DOWNSTAIRS","training data","tBodyAcc-mean()-Z",-0.096938308587234
"444",7,"WALKING_UPSTAIRS","training data","tBodyAcc-mean()-Z",-0.143769688803922
"445",8,"STANDING","training data","tBodyAcc-mean()-Z",-0.106114996837037
"446",8,"SITTING","training data","tBodyAcc-mean()-Z",-0.104461049130435
"447",8,"LAYING","training data","tBodyAcc-mean()-Z",-0.102245365611111
"448",8,"WALKING","training data","tBodyAcc-mean()-Z",-0.107252090833333
"449",8,"WALKING_DOWNSTAIRS","training data","tBodyAcc-mean()-Z",-0.107598135394737
"450",8,"WALKING_UPSTAIRS","training data","tBodyAcc-mean()-Z",-0.11512211995122
"451",11,"STANDING","training data","tBodyAcc-mean()-Z",-0.108686630425532
"452",11,"SITTING","training data","tBodyAcc-mean()-Z",-0.112840218339623
"453",11,"LAYING","training data","tBodyAcc-mean()-Z",-0.108786578070175
"454",11,"WALKING","training data","tBodyAcc-mean()-Z",-0.106096304033898
"455",11,"WALKING_DOWNSTAIRS","training data","tBodyAcc-mean()-Z",-0.111070149978261
"456",11,"WALKING_UPSTAIRS","training data","tBodyAcc-mean()-Z",-0.106797216481481
"457",14,"STANDING","training data","tBodyAcc-mean()-Z",-0.103817701790667
"458",14,"SITTING","training data","tBodyAcc-mean()-Z",-0.100401490425926
"459",14,"LAYING","training data","tBodyAcc-mean()-Z",-0.0868333315509804
"460",14,"WALKING","training data","tBodyAcc-mean()-Z",-0.106756369135593
"461",14,"WALKING_DOWNSTAIRS","training data","tBodyAcc-mean()-Z",-0.0928330165533333
"462",14,"WALKING_UPSTAIRS","training data","tBodyAcc-mean()-Z",-0.112279688983333
"463",15,"STANDING","training data","tBodyAcc-mean()-Z",-0.105910832679245
"464",15,"SITTING","training data","tBodyAcc-mean()-Z",-0.11366125320339
"465",15,"LAYING","training data","tBodyAcc-mean()-Z",-0.118530240291667
"466",15,"WALKING","training data","tBodyAcc-mean()-Z",-0.107621819518519
"467",15,"WALKING_DOWNSTAIRS","training data","tBodyAcc-mean()-Z",-0.110526066428571
"468",15,"WALKING_UPSTAIRS","training data","tBodyAcc-mean()-Z",-0.116952464895833
"469",16,"STANDING","training data","tBodyAcc-mean()-Z",-0.103657729076923
"470",16,"SITTING","training data","tBodyAcc-mean()-Z",-0.0891404038405797
"471",16,"LAYING","training data","tBodyAcc-mean()-Z",-0.107310493242857
"472",16,"WALKING","training data","tBodyAcc-mean()-Z",-0.108804049803922
"473",16,"WALKING_DOWNSTAIRS","training data","tBodyAcc-mean()-Z",-0.119873705148936
"474",16,"WALKING_UPSTAIRS","training data","tBodyAcc-mean()-Z",-0.124074517745098
"475",17,"STANDING","training data","tBodyAcc-mean()-Z",-0.111432145565
"476",17,"SITTING","training data","tBodyAcc-mean()-Z",-0.11362408509375
"477",17,"LAYING","training data","tBodyAcc-mean()-Z",-0.107006279704225
"478",17,"WALKING","training data","tBodyAcc-mean()-Z",-0.109792122032787
"479",17,"WALKING_DOWNSTAIRS","training data","tBodyAcc-mean()-Z",-0.0892432745173913
"480",17,"WALKING_UPSTAIRS","training data","tBodyAcc-mean()-Z",-0.121290442104167
"481",19,"STANDING","training data","tBodyAcc-mean()-Z",-0.10904190460274
"482",19,"SITTING","training data","tBodyAcc-mean()-Z",-0.10870765430137
"483",19,"LAYING","training data","tBodyAcc-mean()-Z",-0.10898146186747
"484",19,"WALKING","training data","tBodyAcc-mean()-Z",-0.122736673192308
"485",19,"WALKING_DOWNSTAIRS","training data","tBodyAcc-mean()-Z",-0.133695240660974
"486",19,"WALKING_UPSTAIRS","training data","tBodyAcc-mean()-Z",-0.151054607725
"487",21,"STANDING","training data","tBodyAcc-mean()-Z",-0.110417855808989
"488",21,"SITTING","training data","tBodyAcc-mean()-Z",-0.112057887741176
"489",21,"LAYING","training data","tBodyAcc-mean()-Z",-0.103253832233333
"490",21,"WALKING","training data","tBodyAcc-mean()-Z",-0.104319332403846
"491",21,"WALKING_DOWNSTAIRS","training data","tBodyAcc-mean()-Z",-0.09816866218
"492",21,"WALKING_UPSTAIRS","training data","tBodyAcc-mean()-Z",-0.125414265340426
"493",22,"STANDING","training data","tBodyAcc-mean()-Z",-0.104967423820635
"494",22,"SITTING","training data","tBodyAcc-mean()-Z",-0.105827369516129
"495",22,"LAYING","training data","tBodyAcc-mean()-Z",-0.110800924652778
"496",22,"WALKING","training data","tBodyAcc-mean()-Z",-0.107112510934783
"497",22,"WALKING_DOWNSTAIRS","training data","tBodyAcc-mean()-Z",-0.1074157796
"498",22,"WALKING_UPSTAIRS","training data","tBodyAcc-mean()-Z",-0.117550861738095
"499",23,"STANDING","training data","tBodyAcc-mean()-Z",-0.1105970177575
"500",23,"SITTING","training data","tBodyAcc-mean()-Z",-0.103808679294118
"501",23,"LAYING","training data","tBodyAcc-mean()-Z",-0.104256776291667
"502",23,"WALKING","training data","tBodyAcc-mean()-Z",-0.113382994084746
"503",23,"WALKING_DOWNSTAIRS","training data","tBodyAcc-mean()-Z",-0.0988123712574074
"504",23,"WALKING_UPSTAIRS","training data","tBodyAcc-mean()-Z",-0.126890616782353
"505",25,"STANDING","training data","tBodyAcc-mean()-Z",-0.107352957594595
"506",25,"SITTING","training data","tBodyAcc-mean()-Z",-0.109160440476923
"507",25,"LAYING","training data","tBodyAcc-mean()-Z",-0.100428830260274
"508",25,"WALKING","training data","tBodyAcc-mean()-Z",-0.108737636297297
"509",25,"WALKING_DOWNSTAIRS","training data","tBodyAcc-mean()-Z",-0.107192376965517
"510",25,"WALKING_UPSTAIRS","training data","tBodyAcc-mean()-Z",-0.126210440292308
"511",26,"STANDING","training data","tBodyAcc-mean()-Z",-0.110237796416216
"512",26,"SITTING","training data","tBodyAcc-mean()-Z",-0.0974448692333333
"513",26,"LAYING","training data","tBodyAcc-mean()-Z",-0.105002540289474
"514",26,"WALKING","training data","tBodyAcc-mean()-Z",-0.108927011474576
"515",26,"WALKING_DOWNSTAIRS","training data","tBodyAcc-mean()-Z",-0.1064396194
"516",26,"WALKING_UPSTAIRS","training data","tBodyAcc-mean()-Z",-0.121943461236364
"517",27,"STANDING","training data","tBodyAcc-mean()-Z",-0.107835818025
"518",27,"SITTING","training data","tBodyAcc-mean()-Z",-0.105521912588571
"519",27,"LAYING","training data","tBodyAcc-mean()-Z",-0.107699732837838
"520",27,"WALKING","training data","tBodyAcc-mean()-Z",-0.112822289263158
"521",27,"WALKING_DOWNSTAIRS","training data","tBodyAcc-mean()-Z",-0.112837694688636
"522",27,"WALKING_UPSTAIRS","training data","tBodyAcc-mean()-Z",-0.123530438196078
"523",28,"STANDING","training data","tBodyAcc-mean()-Z",-0.106579385202532
"524",28,"SITTING","training data","tBodyAcc-mean()-Z",-0.111517939555556
"525",28,"LAYING","training data","tBodyAcc-mean()-Z",-0.1083448529625
"526",28,"WALKING","training data","tBodyAcc-mean()-Z",-0.103714705396296
"527",28,"WALKING_DOWNSTAIRS","training data","tBodyAcc-mean()-Z",-0.10858897408913
"528",28,"WALKING_UPSTAIRS","training data","tBodyAcc-mean()-Z",-0.121514025692157
"529",29,"STANDING","training data","tBodyAcc-mean()-Z",-0.108659067476923
"530",29,"SITTING","training data","tBodyAcc-mean()-Z",-0.1104118192
"531",29,"LAYING","training data","tBodyAcc-mean()-Z",-0.109462068173913
"532",29,"WALKING","training data","tBodyAcc-mean()-Z",-0.106632427301887
"533",29,"WALKING_DOWNSTAIRS","training data","tBodyAcc-mean()-Z",-0.0981339984895833
"534",29,"WALKING_UPSTAIRS","training data","tBodyAcc-mean()-Z",-0.118000587840816
"535",30,"STANDING","training data","tBodyAcc-mean()-Z",-0.108756209835593
"536",30,"SITTING","training data","tBodyAcc-mean()-Z",-0.099515446133871
"537",30,"LAYING","training data","tBodyAcc-mean()-Z",-0.1036581505
"538",30,"WALKING","training data","tBodyAcc-mean()-Z",-0.0986247068969231
"539",30,"WALKING_DOWNSTAIRS","training data","tBodyAcc-mean()-Z",-0.0999781422322581
"540",30,"WALKING_UPSTAIRS","training data","tBodyAcc-mean()-Z",-0.124697493775385
"541",2,"STANDING","test data","tBodyAcc-std()-X",-0.987271889259259
"542",2,"SITTING","test data","tBodyAcc-std()-X",-0.986822279565217
"543",2,"LAYING","test data","tBodyAcc-std()-X",-0.974059464791667
"544",2,"WALKING","test data","tBodyAcc-std()-X",-0.423642838474576
"545",2,"WALKING_DOWNSTAIRS","test data","tBodyAcc-std()-X",0.0463666814446808
"546",2,"WALKING_UPSTAIRS","test data","tBodyAcc-std()-X",-0.304376406458333
"547",4,"STANDING","test data","tBodyAcc-std()-X",-0.97692058
"548",4,"SITTING","test data","tBodyAcc-std()-X",-0.980309931
"549",4,"LAYING","test data","tBodyAcc-std()-X",-0.954193738888889
"550",4,"WALKING","test data","tBodyAcc-std()-X",-0.440829971333333
"551",4,"WALKING_DOWNSTAIRS","test data","tBodyAcc-std()-X",0.0111935496222222
"552",4,"WALKING_UPSTAIRS","test data","tBodyAcc-std()-X",-0.204933042903846
"553",9,"STANDING","test data","tBodyAcc-std()-X",-0.975741252444444
"554",9,"SITTING","test data","tBodyAcc-std()-X",-0.9572277914
"555",9,"LAYING","test data","tBodyAcc-std()-X",-0.94233309
"556",9,"WALKING","test data","tBodyAcc-std()-X",-0.238353562692308
"557",9,"WALKING_DOWNSTAIRS","test data","tBodyAcc-std()-X",0.213392270547619
"558",9,"WALKING_UPSTAIRS","test data","tBodyAcc-std()-X",-0.36144437755102
"559",10,"STANDING","test data","tBodyAcc-std()-X",-0.978403481818182
"560",10,"SITTING","test data","tBodyAcc-std()-X",-0.982901825925926
"561",10,"LAYING","test data","tBodyAcc-std()-X",-0.968283685
"562",10,"WALKING","test data","tBodyAcc-std()-X",-0.178709734396226
"563",10,"WALKING_DOWNSTAIRS","test data","tBodyAcc-std()-X",0.295733547631579
"564",10,"WALKING_UPSTAIRS","test data","tBodyAcc-std()-X",-0.161591924234043
"565",12,"STANDING","test data","tBodyAcc-std()-X",-0.981243992459016
"566",12,"SITTING","test data","tBodyAcc-std()-X",-0.982568781960784
"567",12,"LAYING","test data","tBodyAcc-std()-X",-0.95531868
"568",12,"WALKING","test data","tBodyAcc-std()-X",-0.128898533096
"569",12,"WALKING_DOWNSTAIRS","test data","tBodyAcc-std()-X",0.0424084916086956
"570",12,"WALKING_UPSTAIRS","test data","tBodyAcc-std()-X",-0.290149192307692
"571",13,"STANDING","test data","tBodyAcc-std()-X",-0.991020759298246
"572",13,"SITTING","test data","tBodyAcc-std()-X",-0.989546275306122
"573",13,"LAYING","test data","tBodyAcc-std()-X",-0.968891989354839
"574",13,"WALKING","test data","tBodyAcc-std()-X",-0.346980394210526
"575",13,"WALKING_DOWNSTAIRS","test data","tBodyAcc-std()-X",-0.0681563626617021
"576",13,"WALKING_UPSTAIRS","test data","tBodyAcc-std()-X",-0.296284597454545
"577",18,"STANDING","test data","tBodyAcc-std()-X",-0.992019762739726
"578",18,"SITTING","test data","tBodyAcc-std()-X",-0.994347988596491
"579",18,"LAYING","test data","tBodyAcc-std()-X",-0.984527649230769
"580",18,"WALKING","test data","tBodyAcc-std()-X",-0.37600552125
"581",18,"WALKING_DOWNSTAIRS","test data","tBodyAcc-std()-X",-0.302634565090909
"582",18,"WALKING_UPSTAIRS","test data","tBodyAcc-std()-X",-0.380168286724138
"583",20,"STANDING","test data","tBodyAcc-std()-X",-0.967209961232877
"584",20,"SITTING","test data","tBodyAcc-std()-X",-0.983081858939394
"585",20,"LAYING","test data","tBodyAcc-std()-X",-0.962249114705882
"586",20,"WALKING","test data","tBodyAcc-std()-X",-0.208342792019608
"587",20,"WALKING_DOWNSTAIRS","test data","tBodyAcc-std()-X",0.0745098785288889
"588",20,"WALKING_UPSTAIRS","test data","tBodyAcc-std()-X",-0.116088676011765
"589",24,"STANDING","test data","tBodyAcc-std()-X",-0.98725587115942
"590",24,"SITTING","test data","tBodyAcc-std()-X",-0.990593766617647
"591",24,"LAYING","test data","tBodyAcc-std()-X",-0.967984021111111
"592",24,"WALKING","test data","tBodyAcc-std()-X",-0.47076236637931
"593",24,"WALKING_DOWNSTAIRS","test data","tBodyAcc-std()-X",-0.08273248054
"594",24,"WALKING_UPSTAIRS","test data","tBodyAcc-std()-X",-0.344399351355932
"595",1,"STANDING","training data","tBodyAcc-std()-X",-0.995759901509434
"596",1,"SITTING","training data","tBodyAcc-std()-X",-0.977229008297872
"597",1,"LAYING","training data","tBodyAcc-std()-X",-0.9280564692
"598",1,"WALKING","training data","tBodyAcc-std()-X",-0.283740258842105
"599",1,"WALKING_DOWNSTAIRS","training data","tBodyAcc-std()-X",0.0300353383483878
"600",1,"WALKING_UPSTAIRS","training data","tBodyAcc-std()-X",-0.35470802509434
"601",3,"STANDING","training data","tBodyAcc-std()-X",-0.96674254295082
"602",3,"SITTING","training data","tBodyAcc-std()-X",-0.971010120961538
"603",3,"LAYING","training data","tBodyAcc-std()-X",-0.982776639193548
"604",3,"WALKING","training data","tBodyAcc-std()-X",-0.360356726034483
"605",3,"WALKING_DOWNSTAIRS","training data","tBodyAcc-std()-X",-0.0574100475102041
"606",3,"WALKING_UPSTAIRS","training data","tBodyAcc-std()-X",-0.313123437627119
"607",5,"STANDING","training data","tBodyAcc-std()-X",-0.968591815714286
"608",5,"SITTING","training data","tBodyAcc-std()-X",-0.980945022045455
"609",5,"LAYING","training data","tBodyAcc-std()-X",-0.965934509615385
"610",5,"WALKING","training data","tBodyAcc-std()-X",-0.294098534232143
"611",5,"WALKING_DOWNSTAIRS","training data","tBodyAcc-std()-X",0.275046110468085
"612",5,"WALKING_UPSTAIRS","training data","tBodyAcc-std()-X",-0.0457237779851064
"613",6,"STANDING","training data","tBodyAcc-std()-X",-0.981758159649123
"614",6,"SITTING","training data","tBodyAcc-std()-X",-0.980164933636364
"615",6,"LAYING","training data","tBodyAcc-std()-X",-0.934049422052632
"616",6,"WALKING","training data","tBodyAcc-std()-X",-0.296538717368421
"617",6,"WALKING_DOWNSTAIRS","training data","tBodyAcc-std()-X",0.383681639791667
"618",6,"WALKING_UPSTAIRS","training data","tBodyAcc-std()-X",-0.0501350188513725
"619",7,"STANDING","training data","tBodyAcc-std()-X",-0.979307570377358
"620",7,"SITTING","training data","tBodyAcc-std()-X",-0.972668374583333
"621",7,"LAYING","training data","tBodyAcc-std()-X",-0.93651361
"622",7,"WALKING","training data","tBodyAcc-std()-X",-0.327243240701754
"623",7,"WALKING_DOWNSTAIRS","training data","tBodyAcc-std()-X",0.0660815600978723
"624",7,"WALKING_UPSTAIRS","training data","tBodyAcc-std()-X",-0.29487297445098
"625",8,"STANDING","training data","tBodyAcc-std()-X",-0.988815418148148
"626",8,"SITTING","training data","tBodyAcc-std()-X",-0.979026152391304
"627",8,"LAYING","training data","tBodyAcc-std()-X",-0.94304121537037
"628",8,"WALKING","training data","tBodyAcc-std()-X",-0.173605736002083
"629",8,"WALKING_DOWNSTAIRS","training data","tBodyAcc-std()-X",0.0241393473736842
"630",8,"WALKING_UPSTAIRS","training data","tBodyAcc-std()-X",-0.171712174634146
"631",11,"STANDING","training data","tBodyAcc-std()-X",-0.994978878723404
"632",11,"SITTING","training data","tBodyAcc-std()-X",-0.982796562075472
"633",11,"LAYING","training data","tBodyAcc-std()-X",-0.98477733
"634",11,"WALKING","training data","tBodyAcc-std()-X",-0.422842071864407
"635",11,"WALKING_DOWNSTAIRS","training data","tBodyAcc-std()-X",0.142456557034783
"636",11,"WALKING_UPSTAIRS","training data","tBodyAcc-std()-X",-0.238802959018519
"637",14,"STANDING","training data","tBodyAcc-std()-X",-0.973268905
"638",14,"SITTING","training data","tBodyAcc-std()-X",-0.976302248148148
"639",14,"LAYING","training data","tBodyAcc-std()-X",-0.917501887333333
"640",14,"WALKING","training data","tBodyAcc-std()-X",-0.402639098135593
"641",14,"WALKING_DOWNSTAIRS","training data","tBodyAcc-std()-X",0.0178313402266667
"642",14,"WALKING_UPSTAIRS","training data","tBodyAcc-std()-X",-0.309396717592593
"643",15,"STANDING","training data","tBodyAcc-std()-X",-0.988949247358491
"644",15,"SITTING","training data","tBodyAcc-std()-X",-0.987084356101695
"645",15,"LAYING","training data","tBodyAcc-std()-X",-0.972255551527778
"646",15,"WALKING","training data","tBodyAcc-std()-X",-0.327961801111111
"647",15,"WALKING_DOWNSTAIRS","training data","tBodyAcc-std()-X",0.406471051190476
"648",15,"WALKING_UPSTAIRS","training data","tBodyAcc-std()-X",-0.0260971840270833
"649",16,"STANDING","training data","tBodyAcc-std()-X",-0.989076811794872
"650",16,"SITTING","training data","tBodyAcc-std()-X",-0.986825605362319
"651",16,"LAYING","training data","tBodyAcc-std()-X",-0.973691429428571
"652",16,"WALKING","training data","tBodyAcc-std()-X",-0.404692523921569
"653",16,"WALKING_DOWNSTAIRS","training data","tBodyAcc-std()-X",0.207251997929787
"654",16,"WALKING_UPSTAIRS","training data","tBodyAcc-std()-X",-0.397083831568627
"655",17,"STANDING","training data","tBodyAcc-std()-X",-0.991163919871795
"656",17,"SITTING","training data","tBodyAcc-std()-X",-0.9944439053125
"657",17,"LAYING","training data","tBodyAcc-std()-X",-0.972960567323944
"658",17,"WALKING","training data","tBodyAcc-std()-X",-0.31950017295082
"659",17,"WALKING_DOWNSTAIRS","training data","tBodyAcc-std()-X",0.187719760269565
"660",17,"WALKING_UPSTAIRS","training data","tBodyAcc-std()-X",-0.062952754100625
"661",19,"STANDING","training data","tBodyAcc-std()-X",-0.989910996849315
"662",19,"SITTING","training data","tBodyAcc-std()-X",-0.976357663013699
"663",19,"LAYING","training data","tBodyAcc-std()-X",-0.965019579518072
"664",19,"WALKING","training data","tBodyAcc-std()-X",-0.0489049407963462
"665",19,"WALKING_DOWNSTAIRS","training data","tBodyAcc-std()-X",0.626917070512821
"666",19,"WALKING_UPSTAIRS","training data","tBodyAcc-std()-X",-0.1287420952375
"667",21,"STANDING","training data","tBodyAcc-std()-X",-0.981419961123596
"668",21,"SITTING","training data","tBodyAcc-std()-X",-0.991777287176471
"669",21,"LAYING","training data","tBodyAcc-std()-X",-0.955019866222222
"670",21,"WALKING","training data","tBodyAcc-std()-X",-0.297814843538462
"671",21,"WALKING_DOWNSTAIRS","training data","tBodyAcc-std()-X",0.224343492244444
"672",21,"WALKING_UPSTAIRS","training data","tBodyAcc-std()-X",-0.240808282276596
"673",22,"STANDING","training data","tBodyAcc-std()-X",-0.985000527142857
"674",22,"SITTING","training data","tBodyAcc-std()-X",-0.978466823709677
"675",22,"LAYING","training data","tBodyAcc-std()-X",-0.947735251944444
"676",22,"WALKING","training data","tBodyAcc-std()-X",-0.00865921919565217
"677",22,"WALKING_DOWNSTAIRS","training data","tBodyAcc-std()-X",0.348618168333333
"678",22,"WALKING_UPSTAIRS","training data","tBodyAcc-std()-X",0.0835738640921429
"679",23,"STANDING","training data","tBodyAcc-std()-X",-0.985421519558824
"680",23,"SITTING","training data","tBodyAcc-std()-X",-0.987607636617647
"681",23,"LAYING","training data","tBodyAcc-std()-X",-0.956756363194444
"682",23,"WALKING","training data","tBodyAcc-std()-X",-0.313521773389831
"683",23,"WALKING_DOWNSTAIRS","training data","tBodyAcc-std()-X",0.0441392843425926
"684",23,"WALKING_UPSTAIRS","training data","tBodyAcc-std()-X",-0.243887818513725
"685",25,"STANDING","training data","tBodyAcc-std()-X",-0.991970126756757
"686",25,"SITTING","training data","tBodyAcc-std()-X",-0.991892828615385
"687",25,"LAYING","training data","tBodyAcc-std()-X",-0.909116474109589
"688",25,"WALKING","training data","tBodyAcc-std()-X",-0.596007443513514
"689",25,"WALKING_DOWNSTAIRS","training data","tBodyAcc-std()-X",-0.253756934258621
"690",25,"WALKING_UPSTAIRS","training data","tBodyAcc-std()-X",-0.459775646153846
"691",26,"STANDING","training data","tBodyAcc-std()-X",-0.993069368783784
"692",26,"SITTING","training data","tBodyAcc-std()-X",-0.979768987948718
"693",26,"LAYING","training data","tBodyAcc-std()-X",-0.969445445263158
"694",26,"WALKING","training data","tBodyAcc-std()-X",-0.340185527559322
"695",26,"WALKING_DOWNSTAIRS","training data","tBodyAcc-std()-X",0.17395384962
"696",26,"WALKING_UPSTAIRS","training data","tBodyAcc-std()-X",-0.169006952418182
"697",27,"STANDING","training data","tBodyAcc-std()-X",-0.9919515835
"698",27,"SITTING","training data","tBodyAcc-std()-X",-0.988580107714286
"699",27,"LAYING","training data","tBodyAcc-std()-X",-0.978455153108108
"700",27,"WALKING","training data","tBodyAcc-std()-X",-0.348475560526316
"701",27,"WALKING_DOWNSTAIRS","training data","tBodyAcc-std()-X",0.167407531090909
"702",27,"WALKING_UPSTAIRS","training data","tBodyAcc-std()-X",-0.295439547254902
"703",28,"STANDING","training data","tBodyAcc-std()-X",-0.977748638607595
"704",28,"SITTING","training data","tBodyAcc-std()-X",-0.983272806805556
"705",28,"LAYING","training data","tBodyAcc-std()-X",-0.9688882955
"706",28,"WALKING","training data","tBodyAcc-std()-X",-0.293003522222222
"707",28,"WALKING_DOWNSTAIRS","training data","tBodyAcc-std()-X",0.125712887943478
"708",28,"WALKING_UPSTAIRS","training data","tBodyAcc-std()-X",-0.242062430294118
"709",29,"STANDING","training data","tBodyAcc-std()-X",-0.996068635384615
"710",29,"SITTING","training data","tBodyAcc-std()-X",-0.9907450195
"711",29,"LAYING","training data","tBodyAcc-std()-X",-0.984219555507246
"712",29,"WALKING","training data","tBodyAcc-std()-X",-0.174337940226415
"713",29,"WALKING_DOWNSTAIRS","training data","tBodyAcc-std()-X",0.167383602458333
"714",29,"WALKING_UPSTAIRS","training data","tBodyAcc-std()-X",-0.0867715569693878
"715",30,"STANDING","training data","tBodyAcc-std()-X",-0.977559426949153
"716",30,"SITTING","training data","tBodyAcc-std()-X",-0.983622744193548
"717",30,"LAYING","training data","tBodyAcc-std()-X",-0.976362515428571
"718",30,"WALKING","training data","tBodyAcc-std()-X",-0.346394275230769
"719",30,"WALKING_DOWNSTAIRS","training data","tBodyAcc-std()-X",-0.0577703163548387
"720",30,"WALKING_UPSTAIRS","training data","tBodyAcc-std()-X",-0.350504475230769
"721",2,"STANDING","test data","tBodyAcc-std()-Y",-0.957304989259259
"722",2,"SITTING","test data","tBodyAcc-std()-Y",-0.950704499130435
"723",2,"LAYING","test data","tBodyAcc-std()-Y",-0.98027739875
"724",2,"WALKING","test data","tBodyAcc-std()-Y",-0.0780912533118644
"725",2,"WALKING_DOWNSTAIRS","test data","tBodyAcc-std()-Y",0.262881788951064
"726",2,"WALKING_UPSTAIRS","test data","tBodyAcc-std()-Y",0.108027279889583
"727",4,"STANDING","test data","tBodyAcc-std()-Y",-0.86159737875
"728",4,"SITTING","test data","tBodyAcc-std()-Y",-0.89022398108
"729",4,"LAYING","test data","tBodyAcc-std()-Y",-0.941714042407407
"730",4,"WALKING","test data","tBodyAcc-std()-Y",-0.0788267367683333
"731",4,"WALKING_DOWNSTAIRS","test data","tBodyAcc-std()-Y",-0.21859832499
"732",4,"WALKING_UPSTAIRS","test data","tBodyAcc-std()-Y",-0.0666899105180769
"733",9,"STANDING","test data","tBodyAcc-std()-Y",-0.938635759333333
"734",9,"SITTING","test data","tBodyAcc-std()-Y",-0.875141405
"735",9,"LAYING","test data","tBodyAcc-std()-Y",-0.9162927764
"736",9,"WALKING","test data","tBodyAcc-std()-Y",-0.201696960826923
"737",9,"WALKING_DOWNSTAIRS","test data","tBodyAcc-std()-Y",-0.208310705504762
"738",9,"WALKING_UPSTAIRS","test data","tBodyAcc-std()-Y",-0.302206203816327
"739",10,"STANDING","test data","tBodyAcc-std()-Y",-0.919561843409091
"740",10,"SITTING","test data","tBodyAcc-std()-Y",-0.917979529962963
"741",10,"LAYING","test data","tBodyAcc-std()-Y",-0.946454302068966
"742",10,"WALKING","test data","tBodyAcc-std()-Y",-0.0227431651698113
"743",10,"WALKING_DOWNSTAIRS","test data","tBodyAcc-std()-Y",0.00407915363157895
"744",10,"WALKING_UPSTAIRS","test data","tBodyAcc-std()-Y",-0.00555287692765957
"745",12,"STANDING","test data","tBodyAcc-std()-Y",-0.923140254098361
"746",12,"SITTING","test data","tBodyAcc-std()-Y",-0.92858124
"747",12,"LAYING","test data","tBodyAcc-std()-Y",-0.949072009333333
"748",12,"WALKING","test data","tBodyAcc-std()-Y",-0.122783290008
"749",12,"WALKING_DOWNSTAIRS","test data","tBodyAcc-std()-Y",0.11083534373913
"750",12,"WALKING_UPSTAIRS","test data","tBodyAcc-std()-Y",-0.103818259823077
"751",13,"STANDING","test data","tBodyAcc-std()-Y",-0.949422439473684
"752",13,"SITTING","test data","tBodyAcc-std()-Y",-0.938967741632653
"753",13,"LAYING","test data","tBodyAcc-std()-Y",-0.950947949516129
"754",13,"WALKING","test data","tBodyAcc-std()-Y",0.141866689392982
"755",13,"WALKING_DOWNSTAIRS","test data","tBodyAcc-std()-Y",-0.03212524665
"756",13,"WALKING_UPSTAIRS","test data","tBodyAcc-std()-Y",0.104470773801818
"757",18,"STANDING","test data","tBodyAcc-std()-Y",-0.95422343630137
"758",18,"SITTING","test data","tBodyAcc-std()-Y",-0.974928131052632
"759",18,"LAYING","test data","tBodyAcc-std()-Y",-0.986160920923077
"760",18,"WALKING","test data","tBodyAcc-std()-Y",-0.227005874892857
"761",18,"WALKING_DOWNSTAIRS","test data","tBodyAcc-std()-Y",-0.254214045818182
"762",18,"WALKING_UPSTAIRS","test data","tBodyAcc-std()-Y",-0.211155120224138
"763",20,"STANDING","test data","tBodyAcc-std()-Y",-0.87541041109589
"764",20,"SITTING","test data","tBodyAcc-std()-Y",-0.93612270469697
"765",20,"LAYING","test data","tBodyAcc-std()-Y",-0.964098180294118
"766",20,"WALKING","test data","tBodyAcc-std()-Y",0.489771808627451
"767",20,"WALKING_DOWNSTAIRS","test data","tBodyAcc-std()-Y",0.616937015333333
"768",20,"WALKING_UPSTAIRS","test data","tBodyAcc-std()-Y",0.15219632835098
"769",24,"STANDING","test data","tBodyAcc-std()-Y",-0.936871974347826
"770",24,"SITTING","test data","tBodyAcc-std()-Y",-0.956255962058824
"771",24,"LAYING","test data","tBodyAcc-std()-Y",-0.983126461944444
"772",24,"WALKING","test data","tBodyAcc-std()-Y",-0.154127498163793
"773",24,"WALKING_DOWNSTAIRS","test data","tBodyAcc-std()-Y",-0.102607326783636
"774",24,"WALKING_UPSTAIRS","test data","tBodyAcc-std()-Y",-0.116804488966102
"775",1,"STANDING","training data","tBodyAcc-std()-Y",-0.973190056415094
"776",1,"SITTING","training data","tBodyAcc-std()-Y",-0.922618641914894
"777",1,"LAYING","training data","tBodyAcc-std()-Y",-0.83682740562
"778",1,"WALKING","training data","tBodyAcc-std()-Y",0.114461336747368
"779",1,"WALKING_DOWNSTAIRS","training data","tBodyAcc-std()-Y",-0.0319359434489796
"780",1,"WALKING_UPSTAIRS","training data","tBodyAcc-std()-Y",-0.00232026501698113
"781",3,"STANDING","training data","tBodyAcc-std()-Y",-0.893449307213115
"782",3,"SITTING","training data","tBodyAcc-std()-Y",-0.856617812115385
"783",3,"LAYING","training data","tBodyAcc-std()-Y",-0.962057544516129
"784",3,"WALKING","training data","tBodyAcc-std()-Y",-0.0699140652103448
"785",3,"WALKING_DOWNSTAIRS","training data","tBodyAcc-std()-Y",-0.0331503723387755
"786",3,"WALKING_UPSTAIRS","training data","tBodyAcc-std()-Y",0.0116280813372881
"787",5,"STANDING","training data","tBodyAcc-std()-Y",-0.869439913392857
"788",5,"SITTING","training data","tBodyAcc-std()-Y",-0.904335121022727
"789",5,"LAYING","training data","tBodyAcc-std()-Y",-0.969295613269231
"790",5,"WALKING","training data","tBodyAcc-std()-Y",0.0767484028053571
"791",5,"WALKING_DOWNSTAIRS","training data","tBodyAcc-std()-Y",0.0907630761042553
"792",5,"WALKING_UPSTAIRS","training data","tBodyAcc-std()-Y",0.185022459476596
"793",6,"STANDING","training data","tBodyAcc-std()-Y",-0.921493191754386
"794",6,"SITTING","training data","tBodyAcc-std()-Y",-0.923682131090909
"795",6,"LAYING","training data","tBodyAcc-std()-Y",-0.924644826385965
"796",6,"WALKING","training data","tBodyAcc-std()-Y",0.164213884996491
"797",6,"WALKING_DOWNSTAIRS","training data","tBodyAcc-std()-Y",0.360164958768542
"798",6,"WALKING_UPSTAIRS","training data","tBodyAcc-std()-Y",0.189276117327451
"799",7,"STANDING","training data","tBodyAcc-std()-Y",-0.923400921886792
"800",7,"SITTING","training data","tBodyAcc-std()-Y",-0.909454698541667
"801",7,"LAYING","training data","tBodyAcc-std()-Y",-0.926262668653846
"802",7,"WALKING","training data","tBodyAcc-std()-Y",-0.0772618561052631
"803",7,"WALKING_DOWNSTAIRS","training data","tBodyAcc-std()-Y",-0.138179072734043
"804",7,"WALKING_UPSTAIRS","training data","tBodyAcc-std()-Y",-0.32616002254902
"805",8,"STANDING","training data","tBodyAcc-std()-Y",-0.938479429074074
"806",8,"SITTING","training data","tBodyAcc-std()-Y",-0.927331997021739
"807",8,"LAYING","training data","tBodyAcc-std()-Y",-0.93489116
"808",8,"WALKING","training data","tBodyAcc-std()-Y",0.380782052708333
"809",8,"WALKING_DOWNSTAIRS","training data","tBodyAcc-std()-Y",0.343826273105263
"810",8,"WALKING_UPSTAIRS","training data","tBodyAcc-std()-Y",0.348768733170732
"811",11,"STANDING","training data","tBodyAcc-std()-Y",-0.964173331702128
"812",11,"SITTING","training data","tBodyAcc-std()-Y",-0.921402118113208
"813",11,"LAYING","training data","tBodyAcc-std()-Y",-0.972196873859649
"814",11,"WALKING","training data","tBodyAcc-std()-Y",-0.0522120750440678
"815",11,"WALKING_DOWNSTAIRS","training data","tBodyAcc-std()-Y",0.0708122725543478
"816",11,"WALKING_UPSTAIRS","training data","tBodyAcc-std()-Y",-0.103167501868519
"817",14,"STANDING","training data","tBodyAcc-std()-Y",-0.928525725333333
"818",14,"SITTING","training data","tBodyAcc-std()-Y",-0.914935703907407
"819",14,"LAYING","training data","tBodyAcc-std()-Y",-0.909697040980392
"820",14,"WALKING","training data","tBodyAcc-std()-Y",-0.0536126686650847
"821",14,"WALKING_DOWNSTAIRS","training data","tBodyAcc-std()-Y",0.378870491755556
"822",14,"WALKING_UPSTAIRS","training data","tBodyAcc-std()-Y",0.307195533
"823",15,"STANDING","training data","tBodyAcc-std()-Y",-0.931900148301887
"824",15,"SITTING","training data","tBodyAcc-std()-Y",-0.922407162881356
"825",15,"LAYING","training data","tBodyAcc-std()-Y",-0.962759422361111
"826",15,"WALKING","training data","tBodyAcc-std()-Y",0.138912923691296
"827",15,"WALKING_DOWNSTAIRS","training data","tBodyAcc-std()-Y",0.186532377428571
"828",15,"WALKING_UPSTAIRS","training data","tBodyAcc-std()-Y",-0.00406536043541667
"829",16,"STANDING","training data","tBodyAcc-std()-Y",-0.960298267692308
"830",16,"SITTING","training data","tBodyAcc-std()-Y",-0.951607872463768
"831",16,"LAYING","training data","tBodyAcc-std()-Y",-0.943061150285714
"832",16,"WALKING","training data","tBodyAcc-std()-Y",-0.314569762352941
"833",16,"WALKING_DOWNSTAIRS","training data","tBodyAcc-std()-Y",-0.146993837655319
"834",16,"WALKING_UPSTAIRS","training data","tBodyAcc-std()-Y",-0.163732745078431
"835",17,"STANDING","training data","tBodyAcc-std()-Y",-0.968176663717949
"836",17,"SITTING","training data","tBodyAcc-std()-Y",-0.96185862984375
"837",17,"LAYING","training data","tBodyAcc-std()-Y",-0.944792875211268
"838",17,"WALKING","training data","tBodyAcc-std()-Y",-0.0175797885542623
"839",17,"WALKING_DOWNSTAIRS","training data","tBodyAcc-std()-Y",-0.0607892037384783
"840",17,"WALKING_UPSTAIRS","training data","tBodyAcc-std()-Y",-0.0131721014395833
"841",19,"STANDING","training data","tBodyAcc-std()-Y",-0.944430270684931
"842",19,"SITTING","training data","tBodyAcc-std()-Y",-0.950388943972603
"843",19,"LAYING","training data","tBodyAcc-std()-Y",-0.973449968554217
"844",19,"WALKING","training data","tBodyAcc-std()-Y",0.181801561185577
"845",19,"WALKING_DOWNSTAIRS","training data","tBodyAcc-std()-Y",0.514816445641026
"846",19,"WALKING_UPSTAIRS","training data","tBodyAcc-std()-Y",0.176349922525
"847",21,"STANDING","training data","tBodyAcc-std()-Y",-0.943601625393258
"848",21,"SITTING","training data","tBodyAcc-std()-Y",-0.966877560941176
"849",21,"LAYING","training data","tBodyAcc-std()-Y",-0.956959422222222
"850",21,"WALKING","training data","tBodyAcc-std()-Y",0.0540880509209615
"851",21,"WALKING_DOWNSTAIRS","training data","tBodyAcc-std()-Y",0.301336399711111
"852",21,"WALKING_UPSTAIRS","training data","tBodyAcc-std()-Y",0.109787469104255
"853",22,"STANDING","training data","tBodyAcc-std()-Y",-0.922693288412698
"854",22,"SITTING","training data","tBodyAcc-std()-Y",-0.928059133795645
"855",22,"LAYING","training data","tBodyAcc-std()-Y",-0.913276301666667
"856",22,"WALKING","training data","tBodyAcc-std()-Y",0.100384246321739
"857",22,"WALKING_DOWNSTAIRS","training data","tBodyAcc-std()-Y",0.239812250944444
"858",22,"WALKING_UPSTAIRS","training data","tBodyAcc-std()-Y",0.250067523738095
"859",23,"STANDING","training data","tBodyAcc-std()-Y",-0.9584444925
"860",23,"SITTING","training data","tBodyAcc-std()-Y",-0.934933559264706
"861",23,"LAYING","training data","tBodyAcc-std()-Y",-0.976309827361111
"862",23,"WALKING","training data","tBodyAcc-std()-Y",-0.119020586510678
"863",23,"WALKING_DOWNSTAIRS","training data","tBodyAcc-std()-Y",0.10825903416963
"864",23,"WALKING_UPSTAIRS","training data","tBodyAcc-std()-Y",0.0448435785868627
"865",25,"STANDING","training data","tBodyAcc-std()-Y",-0.954569225945946
"866",25,"SITTING","training data","tBodyAcc-std()-Y",-0.947457617061538
"867",25,"LAYING","training data","tBodyAcc-std()-Y",-0.691770680561644
"868",25,"WALKING","training data","tBodyAcc-std()-Y",-0.161852411581081
"869",25,"WALKING_DOWNSTAIRS","training data","tBodyAcc-std()-Y",-0.14054060387069
"870",25,"WALKING_UPSTAIRS","training data","tBodyAcc-std()-Y",-0.223086808769231
"871",26,"STANDING","training data","tBodyAcc-std()-Y",-0.949466155405405
"872",26,"SITTING","training data","tBodyAcc-std()-Y",-0.94079896551282
"873",26,"LAYING","training data","tBodyAcc-std()-Y",-0.983231351842105
"874",26,"WALKING","training data","tBodyAcc-std()-Y",-0.136351391645763
"875",26,"WALKING_DOWNSTAIRS","training data","tBodyAcc-std()-Y",-0.011629910112
"876",26,"WALKING_UPSTAIRS","training data","tBodyAcc-std()-Y",-0.0491726302763636
"877",27,"STANDING","training data","tBodyAcc-std()-Y",-0.955171419
"878",27,"SITTING","training data","tBodyAcc-std()-Y",-0.971579125714286
"879",27,"LAYING","training data","tBodyAcc-std()-Y",-0.983736043783784
"880",27,"WALKING","training data","tBodyAcc-std()-Y",-0.187301214964912
"881",27,"WALKING_DOWNSTAIRS","training data","tBodyAcc-std()-Y",-0.0979710029522727
"882",27,"WALKING_UPSTAIRS","training data","tBodyAcc-std()-Y",-0.0950104077
"883",28,"STANDING","training data","tBodyAcc-std()-Y",-0.875689216835443
"884",28,"SITTING","training data","tBodyAcc-std()-Y",-0.939905244861111
"885",28,"LAYING","training data","tBodyAcc-std()-Y",-0.945386780375
"886",28,"WALKING","training data","tBodyAcc-std()-Y",-0.117886186425926
"887",28,"WALKING_DOWNSTAIRS","training data","tBodyAcc-std()-Y",0.156496646504348
"888",28,"WALKING_UPSTAIRS","training data","tBodyAcc-std()-Y",-0.146753877035294
"889",29,"STANDING","training data","tBodyAcc-std()-Y",-0.969295721076923
"890",29,"SITTING","training data","tBodyAcc-std()-Y",-0.963222497833333
"891",29,"LAYING","training data","tBodyAcc-std()-Y",-0.990240946666667
"892",29,"WALKING","training data","tBodyAcc-std()-Y",-0.0917540612869811
"893",29,"WALKING_DOWNSTAIRS","training data","tBodyAcc-std()-Y",-0.12246346700625
"894",29,"WALKING_UPSTAIRS","training data","tBodyAcc-std()-Y",-0.122128287642857
"895",30,"STANDING","training data","tBodyAcc-std()-Y",-0.891654527118644
"896",30,"SITTING","training data","tBodyAcc-std()-Y",-0.937857000806452
"897",30,"LAYING","training data","tBodyAcc-std()-Y",-0.954201823857143
"898",30,"WALKING","training data","tBodyAcc-std()-Y",-0.173550021692308
"899",30,"WALKING_DOWNSTAIRS","training data","tBodyAcc-std()-Y",-0.0272628077709677
"900",30,"WALKING_UPSTAIRS","training data","tBodyAcc-std()-Y",-0.127311157607692
"901",2,"STANDING","test data","tBodyAcc-std()-Z",-0.949741851296296
"902",2,"SITTING","test data","tBodyAcc-std()-Z",-0.95982817173913
"903",2,"LAYING","test data","tBodyAcc-std()-Z",-0.984233296875
"904",2,"WALKING","test data","tBodyAcc-std()-Z",-0.425257524915254
"905",2,"WALKING_DOWNSTAIRS","test data","tBodyAcc-std()-Z",-0.10283790806383
"906",2,"WALKING_UPSTAIRS","test data","tBodyAcc-std()-Z",-0.112121021220833
"907",4,"STANDING","test data","tBodyAcc-std()-Z",-0.896880538392857
"908",4,"SITTING","test data","tBodyAcc-std()-Z",-0.9322030066
"909",4,"LAYING","test data","tBodyAcc-std()-Z",-0.962667314814815
"910",4,"WALKING","test data","tBodyAcc-std()-Z",-0.586252806833333
"911",4,"WALKING_DOWNSTAIRS","test data","tBodyAcc-std()-Z",-0.479185977111111
"912",4,"WALKING_UPSTAIRS","test data","tBodyAcc-std()-Z",-0.372137777692308
"913",9,"STANDING","test data","tBodyAcc-std()-Z",-0.919295805777778
"914",9,"SITTING","test data","tBodyAcc-std()-Z",-0.83200187268
"915",9,"LAYING","test data","tBodyAcc-std()-Z",-0.9407072854
"916",9,"WALKING","test data","tBodyAcc-std()-Z",-0.0579636469030769
"917",9,"WALKING_DOWNSTAIRS","test data","tBodyAcc-std()-Z",-0.00771530035714285
"918",9,"WALKING_UPSTAIRS","test data","tBodyAcc-std()-Z",-0.253434083542857
"919",10,"STANDING","test data","tBodyAcc-std()-Z",-0.941271440454545
"920",10,"SITTING","test data","tBodyAcc-std()-Z",-0.967826981666667
"921",10,"LAYING","test data","tBodyAcc-std()-Z",-0.95947148637931
"922",10,"WALKING","test data","tBodyAcc-std()-Z",-0.395645072075472
"923",10,"WALKING_DOWNSTAIRS","test data","tBodyAcc-std()-Z",-0.183557562032895
"924",10,"WALKING_UPSTAIRS","test data","tBodyAcc-std()-Z",-0.0738744931340426
"925",12,"STANDING","test data","tBodyAcc-std()-Z",-0.920684800114754
"926",12,"SITTING","test data","tBodyAcc-std()-Z",-0.939661889019608
"927",12,"LAYING","test data","tBodyAcc-std()-Z",-0.9483338435
"928",12,"WALKING","test data","tBodyAcc-std()-Z",-0.4106060626
"929",12,"WALKING_DOWNSTAIRS","test data","tBodyAcc-std()-Z",-0.425017413478261
"930",12,"WALKING_UPSTAIRS","test data","tBodyAcc-std()-Z",-0.436697425576923
"931",13,"STANDING","test data","tBodyAcc-std()-Z",-0.967538031754386
"932",13,"SITTING","test data","tBodyAcc-std()-Z",-0.938641215510204
"933",13,"LAYING","test data","tBodyAcc-std()-Z",-0.950392995483871
"934",13,"WALKING","test data","tBodyAcc-std()-Z",-0.220503537026316
"935",13,"WALKING_DOWNSTAIRS","test data","tBodyAcc-std()-Z",-0.158333146191489
"936",13,"WALKING_UPSTAIRS","test data","tBodyAcc-std()-Z",-0.217210568085455
"937",18,"STANDING","test data","tBodyAcc-std()-Z",-0.961873909178082
"938",18,"SITTING","test data","tBodyAcc-std()-Z",-0.977572717017544
"939",18,"LAYING","test data","tBodyAcc-std()-Z",-0.987658662307692
"940",18,"WALKING","test data","tBodyAcc-std()-Z",-0.428348061071429
"941",18,"WALKING_DOWNSTAIRS","test data","tBodyAcc-std()-Z",-0.418610127454545
"942",18,"WALKING_UPSTAIRS","test data","tBodyAcc-std()-Z",-0.31437339137931
"943",20,"STANDING","test data","tBodyAcc-std()-Z",-0.913142481643836
"944",20,"SITTING","test data","tBodyAcc-std()-Z",-0.929106396818182
"945",20,"LAYING","test data","tBodyAcc-std()-Z",-0.972571998382353
"946",20,"WALKING","test data","tBodyAcc-std()-Z",-0.228734217372549
"947",20,"WALKING_DOWNSTAIRS","test data","tBodyAcc-std()-Z",-0.160938536488889
"948",20,"WALKING_UPSTAIRS","test data","tBodyAcc-std()-Z",-0.229249455098039
"949",24,"STANDING","test data","tBodyAcc-std()-Z",-0.930283530144928
"950",24,"SITTING","test data","tBodyAcc-std()-Z",-0.957056111470588
"951",24,"LAYING","test data","tBodyAcc-std()-Z",-0.973566958888889
"952",24,"WALKING","test data","tBodyAcc-std()-Z",-0.288840016206897
"953",24,"WALKING_DOWNSTAIRS","test data","tBodyAcc-std()-Z",-0.205566380745455
"954",24,"WALKING_UPSTAIRS","test data","tBodyAcc-std()-Z",-0.255601012881356
"955",1,"STANDING","training data","tBodyAcc-std()-Z",-0.979775876981132
"956",1,"SITTING","training data","tBodyAcc-std()-Z",-0.93958629106383
"957",1,"LAYING","training data","tBodyAcc-std()-Z",-0.826061401628
"958",1,"WALKING","training data","tBodyAcc-std()-Z",-0.260027902210526
"959",1,"WALKING_DOWNSTAIRS","training data","tBodyAcc-std()-Z",-0.230434213204082
"960",1,"WALKING_UPSTAIRS","training data","tBodyAcc-std()-Z",-0.0194792388471698
"961",3,"STANDING","training data","tBodyAcc-std()-Z",-0.911419015081967
"962",3,"SITTING","training data","tBodyAcc-std()-Z",-0.875110175384615
"963",3,"LAYING","training data","tBodyAcc-std()-Z",-0.96369103483871
"964",3,"WALKING","training data","tBodyAcc-std()-Z",-0.387411994310345
"965",3,"WALKING_DOWNSTAIRS","training data","tBodyAcc-std()-Z",-0.362240245489796
"966",3,"WALKING_UPSTAIRS","training data","tBodyAcc-std()-Z",-0.369754604067797
"967",5,"STANDING","training data","tBodyAcc-std()-Z",-0.869327321785714
"968",5,"SITTING","training data","tBodyAcc-std()-Z",-0.926094740227273
"969",5,"LAYING","training data","tBodyAcc-std()-Z",-0.968562516346154
"970",5,"WALKING","training data","tBodyAcc-std()-Z",-0.45702143625
"971",5,"WALKING_DOWNSTAIRS","training data","tBodyAcc-std()-Z",-0.325891435319149
"972",5,"WALKING_UPSTAIRS","training data","tBodyAcc-std()-Z",-0.308938978787234
"973",6,"STANDING","training data","tBodyAcc-std()-Z",-0.925692371929825
"974",6,"SITTING","training data","tBodyAcc-std()-Z",-0.925797097090909
"975",6,"LAYING","training data","tBodyAcc-std()-Z",-0.925216100350877
"976",6,"WALKING","training data","tBodyAcc-std()-Z",-0.504324207192982
"977",6,"WALKING_DOWNSTAIRS","training data","tBodyAcc-std()-Z",-0.320204232520417
"978",6,"WALKING_UPSTAIRS","training data","tBodyAcc-std()-Z",-0.353519514896078
"979",7,"STANDING","training data","tBodyAcc-std()-Z",-0.917064168490566
"980",7,"SITTING","training data","tBodyAcc-std()-Z",-0.8565329414375
"981",7,"LAYING","training data","tBodyAcc-std()-Z",-0.952978365961539
"982",7,"WALKING","training data","tBodyAcc-std()-Z",0.159631283261403
"983",7,"WALKING_DOWNSTAIRS","training data","tBodyAcc-std()-Z",-0.0636402447755319
"984",7,"WALKING_UPSTAIRS","training data","tBodyAcc-std()-Z",-0.145665025639216
"985",8,"STANDING","training data","tBodyAcc-std()-Z",-0.926065255185185
"986",8,"SITTING","training data","tBodyAcc-std()-Z",-0.939553030217391
"987",8,"LAYING","training data","tBodyAcc-std()-Z",-0.932491454407407
"988",8,"WALKING","training data","tBodyAcc-std()-Z",-0.1420885318125
"989",8,"WALKING_DOWNSTAIRS","training data","tBodyAcc-std()-Z",0.1337170395
"990",8,"WALKING_UPSTAIRS","training data","tBodyAcc-std()-Z",0.121187278790244
"991",11,"STANDING","training data","tBodyAcc-std()-Z",-0.986382712765957
"992",11,"SITTING","training data","tBodyAcc-std()-Z",-0.968370181886792
"993",11,"LAYING","training data","tBodyAcc-std()-Z",-0.971311176842105
"994",11,"WALKING","training data","tBodyAcc-std()-Z",-0.530626311355932
"995",11,"WALKING_DOWNSTAIRS","training data","tBodyAcc-std()-Z",-0.324026938043478
"996",11,"WALKING_UPSTAIRS","training data","tBodyAcc-std()-Z",-0.203369399185185
"997",14,"STANDING","training data","tBodyAcc-std()-Z",-0.9222763115
"998",14,"SITTING","training data","tBodyAcc-std()-Z",-0.922774835740741
"999",14,"LAYING","training data","tBodyAcc-std()-Z",-0.900331921686275
"1000",14,"WALKING","training data","tBodyAcc-std()-Z",0.0518841040022034
"1001",14,"WALKING_DOWNSTAIRS","training data","tBodyAcc-std()-Z",0.451576075111111
"1002",14,"WALKING_UPSTAIRS","training data","tBodyAcc-std()-Z",0.609017879074074
"1003",15,"STANDING","training data","tBodyAcc-std()-Z",-0.951670257924528
"1004",15,"SITTING","training data","tBodyAcc-std()-Z",-0.949338025084746
"1005",15,"LAYING","training data","tBodyAcc-std()-Z",-0.929586835277778
"1006",15,"WALKING","training data","tBodyAcc-std()-Z",-0.518932634814815
"1007",15,"WALKING_DOWNSTAIRS","training data","tBodyAcc-std()-Z",-0.281982181666667
"1008",15,"WALKING_UPSTAIRS","training data","tBodyAcc-std()-Z",-0.379717488104167
"1009",16,"STANDING","training data","tBodyAcc-std()-Z",-0.953468961666667
"1010",16,"SITTING","training data","tBodyAcc-std()-Z",-0.939672247101449
"1011",16,"LAYING","training data","tBodyAcc-std()-Z",-0.965490276285714
"1012",16,"WALKING","training data","tBodyAcc-std()-Z",-0.159799790235294
"1013",16,"WALKING_DOWNSTAIRS","training data","tBodyAcc-std()-Z",0.0114353944787234
"1014",16,"WALKING_UPSTAIRS","training data","tBodyAcc-std()-Z",-0.129283825721569
"1015",17,"STANDING","training data","tBodyAcc-std()-Z",-0.970462679230769
"1016",17,"SITTING","training data","tBodyAcc-std()-Z",-0.96572919578125
"1017",17,"LAYING","training data","tBodyAcc-std()-Z",-0.953476700140845
"1018",17,"WALKING","training data","tBodyAcc-std()-Z",-0.265824489180328
"1019",17,"WALKING_DOWNSTAIRS","training data","tBodyAcc-std()-Z",-0.231064156615217
"1020",17,"WALKING_UPSTAIRS","training data","tBodyAcc-std()-Z",-0.230220954239583
"1021",19,"STANDING","training data","tBodyAcc-std()-Z",-0.952599653972603
"1022",19,"SITTING","training data","tBodyAcc-std()-Z",-0.951929615068493
"1023",19,"LAYING","training data","tBodyAcc-std()-Z",-0.984672837228916
"1024",19,"WALKING","training data","tBodyAcc-std()-Z",-0.13947794235
"1025",19,"WALKING_DOWNSTAIRS","training data","tBodyAcc-std()-Z",0.049322451025641
"1026",19,"WALKING_UPSTAIRS","training data","tBodyAcc-std()-Z",-0.1904685504575
"1027",21,"STANDING","training data","tBodyAcc-std()-Z",-0.946123407078652
"1028",21,"SITTING","training data","tBodyAcc-std()-Z",-0.959567861764706
"1029",21,"LAYING","training data","tBodyAcc-std()-Z",-0.945653787777778
"1030",21,"WALKING","training data","tBodyAcc-std()-Z",-0.16868872575
"1031",21,"WALKING_DOWNSTAIRS","training data","tBodyAcc-std()-Z",-0.0717893558666667
"1032",21,"WALKING_UPSTAIRS","training data","tBodyAcc-std()-Z",-0.219707928574468
"1033",22,"STANDING","training data","tBodyAcc-std()-Z",-0.942201655238095
"1034",22,"SITTING","training data","tBodyAcc-std()-Z",-0.917564853870968
"1035",22,"LAYING","training data","tBodyAcc-std()-Z",-0.942945807916667
"1036",22,"WALKING","training data","tBodyAcc-std()-Z",-0.213351968804348
"1037",22,"WALKING_DOWNSTAIRS","training data","tBodyAcc-std()-Z",-0.325722718055556
"1038",22,"WALKING_UPSTAIRS","training data","tBodyAcc-std()-Z",-0.109613216345238
"1039",23,"STANDING","training data","tBodyAcc-std()-Z",-0.929409745147059
"1040",23,"SITTING","training data","tBodyAcc-std()-Z",-0.905584390323529
"1041",23,"LAYING","training data","tBodyAcc-std()-Z",-0.973223495416667
"1042",23,"WALKING","training data","tBodyAcc-std()-Z",0.164220685383051
"1043",23,"WALKING_DOWNSTAIRS","training data","tBodyAcc-std()-Z",0.229898742944444
"1044",23,"WALKING_UPSTAIRS","training data","tBodyAcc-std()-Z",0.10080118935098
"1045",25,"STANDING","training data","tBodyAcc-std()-Z",-0.964642688108108
"1046",25,"SITTING","training data","tBodyAcc-std()-Z",-0.965139552153846
"1047",25,"LAYING","training data","tBodyAcc-std()-Z",-0.717262004013699
"1048",25,"WALKING","training data","tBodyAcc-std()-Z",-0.437133403243243
"1049",25,"WALKING_DOWNSTAIRS","training data","tBodyAcc-std()-Z",-0.457972381896552
"1050",25,"WALKING_UPSTAIRS","training data","tBodyAcc-std()-Z",-0.296523975076923
"1051",26,"STANDING","training data","tBodyAcc-std()-Z",-0.962988401351351
"1052",26,"SITTING","training data","tBodyAcc-std()-Z",-0.950004414102564
"1053",26,"LAYING","training data","tBodyAcc-std()-Z",-0.984500013157895
"1054",26,"WALKING","training data","tBodyAcc-std()-Z",-0.333486502542373
"1055",26,"WALKING_DOWNSTAIRS","training data","tBodyAcc-std()-Z",-0.284807676
"1056",26,"WALKING_UPSTAIRS","training data","tBodyAcc-std()-Z",-0.404596936545455
"1057",27,"STANDING","training data","tBodyAcc-std()-Z",-0.962408444875
"1058",27,"SITTING","training data","tBodyAcc-std()-Z",-0.965858735142857
"1059",27,"LAYING","training data","tBodyAcc-std()-Z",-0.986636996081081
"1060",27,"WALKING","training data","tBodyAcc-std()-Z",-0.297318273508772
"1061",27,"WALKING_DOWNSTAIRS","training data","tBodyAcc-std()-Z",-0.240040783340909
"1062",27,"WALKING_UPSTAIRS","training data","tBodyAcc-std()-Z",-0.23070787672549
"1063",28,"STANDING","training data","tBodyAcc-std()-Z",-0.905123824177215
"1064",28,"SITTING","training data","tBodyAcc-std()-Z",-0.936667245694444
"1065",28,"LAYING","training data","tBodyAcc-std()-Z",-0.956450342875
"1066",28,"WALKING","training data","tBodyAcc-std()-Z",-0.300928395925926
"1067",28,"WALKING_DOWNSTAIRS","training data","tBodyAcc-std()-Z",-0.341031811521739
"1068",28,"WALKING_UPSTAIRS","training data","tBodyAcc-std()-Z",-0.28598691372549
"1069",29,"STANDING","training data","tBodyAcc-std()-Z",-0.980207488923077
"1070",29,"SITTING","training data","tBodyAcc-std()-Z",-0.968063878166667
"1071",29,"LAYING","training data","tBodyAcc-std()-Z",-0.987255149855072
"1072",29,"WALKING","training data","tBodyAcc-std()-Z",-0.242828038264151
"1073",29,"WALKING_DOWNSTAIRS","training data","tBodyAcc-std()-Z",-0.223177999879167
"1074",29,"WALKING_UPSTAIRS","training data","tBodyAcc-std()-Z",0.0995443502346939
"1075",30,"STANDING","training data","tBodyAcc-std()-Z",-0.912850596949152
"1076",30,"SITTING","training data","tBodyAcc-std()-Z",-0.950654041290323
"1077",30,"LAYING","training data","tBodyAcc-std()-Z",-0.967044236428571
"1078",30,"WALKING","training data","tBodyAcc-std()-Z",-0.120476783907692
"1079",30,"WALKING_DOWNSTAIRS","training data","tBodyAcc-std()-Z",-0.217275690290323
"1080",30,"WALKING_UPSTAIRS","training data","tBodyAcc-std()-Z",0.0249468034966154
"1081",2,"STANDING","test data","tGravityAcc-mean()-X",0.896928566851852
"1082",2,"SITTING","test data","tGravityAcc-mean()-X",0.940477273043478
"1083",2,"LAYING","test data","tGravityAcc-mean()-X",-0.509754238125
"1084",2,"WALKING","test data","tGravityAcc-mean()-X",0.91301733338983
"1085",2,"WALKING_DOWNSTAIRS","test data","tGravityAcc-mean()-X",0.861831345531915
"1086",2,"WALKING_UPSTAIRS","test data","tGravityAcc-mean()-X",0.790717418541667
"1087",4,"STANDING","test data","tGravityAcc-mean()-X",0.95619779125
"1088",4,"SITTING","test data","tGravityAcc-mean()-X",0.8693030064
"1089",4,"LAYING","test data","tGravityAcc-mean()-X",-0.420664662222222
"1090",4,"WALKING","test data","tGravityAcc-mean()-X",0.963999696833333
"1091",4,"WALKING_DOWNSTAIRS","test data","tGravityAcc-mean()-X",0.947731858666667
"1092",4,"WALKING_UPSTAIRS","test data","tGravityAcc-mean()-X",0.946264314423077
"1093",9,"STANDING","test data","tGravityAcc-mean()-X",0.961323502222222
"1094",9,"SITTING","test data","tGravityAcc-mean()-X",0.9163245106
"1095",9,"LAYING","test data","tGravityAcc-mean()-X",-0.5802528348
"1096",9,"WALKING","test data","tGravityAcc-mean()-X",0.951867079615385
"1097",9,"WALKING_DOWNSTAIRS","test data","tGravityAcc-mean()-X",0.938417773333333
"1098",9,"WALKING_UPSTAIRS","test data","tGravityAcc-mean()-X",0.902647777755102
"1099",10,"STANDING","test data","tGravityAcc-mean()-X",0.954008785454545
"1100",10,"SITTING","test data","tGravityAcc-mean()-X",0.791887198148148
"1101",10,"LAYING","test data","tGravityAcc-mean()-X",-0.453069737586207
"1102",10,"WALKING","test data","tGravityAcc-mean()-X",0.963092149811321
"1103",10,"WALKING_DOWNSTAIRS","test data","tGravityAcc-mean()-X",0.939807421052632
"1104",10,"WALKING_UPSTAIRS","test data","tGravityAcc-mean()-X",0.931861027446809
"1105",12,"STANDING","test data","tGravityAcc-mean()-X",0.957317821803279
"1106",12,"SITTING","test data","tGravityAcc-mean()-X",0.926228975490196
"1107",12,"LAYING","test data","tGravityAcc-mean()-X",-0.3785920653
"1108",12,"WALKING","test data","tGravityAcc-mean()-X",0.9668735148
"1109",12,"WALKING_DOWNSTAIRS","test data","tGravityAcc-mean()-X",0.949861980652174
"1110",12,"WALKING_UPSTAIRS","test data","tGravityAcc-mean()-X",0.938371473269231
"1111",13,"STANDING","test data","tGravityAcc-mean()-X",0.942695296842105
"1112",13,"SITTING","test data","tGravityAcc-mean()-X",0.92557651244898
"1113",13,"LAYING","test data","tGravityAcc-mean()-X",-0.156852206467742
"1114",13,"WALKING","test data","tGravityAcc-mean()-X",0.910855709298246
"1115",13,"WALKING_DOWNSTAIRS","test data","tGravityAcc-mean()-X",0.941875619787234
"1116",13,"WALKING_UPSTAIRS","test data","tGravityAcc-mean()-X",0.847634313454545
"1117",18,"STANDING","test data","tGravityAcc-mean()-X",0.947573239863014
"1118",18,"SITTING","test data","tGravityAcc-mean()-X",0.909816469298246
"1119",18,"LAYING","test data","tGravityAcc-mean()-X",-0.220600509076923
"1120",18,"WALKING","test data","tGravityAcc-mean()-X",0.92386524875
"1121",18,"WALKING_DOWNSTAIRS","test data","tGravityAcc-mean()-X",0.932277478363636
"1122",18,"WALKING_UPSTAIRS","test data","tGravityAcc-mean()-X",0.883330258448276
"1123",20,"STANDING","test data","tGravityAcc-mean()-X",0.911231752465753
"1124",20,"SITTING","test data","tGravityAcc-mean()-X",0.924454522424242
"1125",20,"LAYING","test data","tGravityAcc-mean()-X",-0.472431415573529
"1126",20,"WALKING","test data","tGravityAcc-mean()-X",0.899965205686274
"1127",20,"WALKING_DOWNSTAIRS","test data","tGravityAcc-mean()-X",0.91972663
"1128",20,"WALKING_UPSTAIRS","test data","tGravityAcc-mean()-X",0.777095717058824
"1129",24,"STANDING","test data","tGravityAcc-mean()-X",0.96644228
"1130",24,"SITTING","test data","tGravityAcc-mean()-X",0.919637604411765
"1131",24,"LAYING","test data","tGravityAcc-mean()-X",-0.359292534027778
"1132",24,"WALKING","test data","tGravityAcc-mean()-X",0.95970108137931
"1133",24,"WALKING_DOWNSTAIRS","test data","tGravityAcc-mean()-X",0.950883416727273
"1134",24,"WALKING_UPSTAIRS","test data","tGravityAcc-mean()-X",0.906369500508475
"1135",1,"STANDING","training data","tGravityAcc-mean()-X",0.942952000377358
"1136",1,"SITTING","training data","tGravityAcc-mean()-X",0.831509933404255
"1137",1,"LAYING","training data","tGravityAcc-mean()-X",-0.24888179828
"1138",1,"WALKING","training data","tGravityAcc-mean()-X",0.935223201473684
"1139",1,"WALKING_DOWNSTAIRS","training data","tGravityAcc-mean()-X",0.931874418979592
"1140",1,"WALKING_UPSTAIRS","training data","tGravityAcc-mean()-X",0.89335109754717
"1141",3,"STANDING","training data","tGravityAcc-mean()-X",0.93503077852459
"1142",3,"SITTING","training data","tGravityAcc-mean()-X",0.901098984615385
"1143",3,"LAYING","training data","tGravityAcc-mean()-X",-0.241758478064516
"1144",3,"WALKING","training data","tGravityAcc-mean()-X",0.936506743275862
"1145",3,"WALKING_DOWNSTAIRS","training data","tGravityAcc-mean()-X",0.939057787755102
"1146",3,"WALKING_UPSTAIRS","training data","tGravityAcc-mean()-X",0.883533436101695
"1147",5,"STANDING","training data","tGravityAcc-mean()-X",0.960188699107143
"1148",5,"SITTING","training data","tGravityAcc-mean()-X",0.880731443863636
"1149",5,"LAYING","training data","tGravityAcc-mean()-X",-0.483470597692308
"1150",5,"WALKING","training data","tGravityAcc-mean()-X",0.972624959821429
"1151",5,"WALKING_DOWNSTAIRS","training data","tGravityAcc-mean()-X",0.956649352553192
"1152",5,"WALKING_UPSTAIRS","training data","tGravityAcc-mean()-X",0.936821834893617
"1153",6,"STANDING","training data","tGravityAcc-mean()-X",0.945139003859649
"1154",6,"SITTING","training data","tGravityAcc-mean()-X",0.933692934909091
"1155",6,"LAYING","training data","tGravityAcc-mean()-X",-0.47670987877193
"1156",6,"WALKING","training data","tGravityAcc-mean()-X",0.958067455087719
"1157",6,"WALKING_DOWNSTAIRS","training data","tGravityAcc-mean()-X",0.928531455208333
"1158",6,"WALKING_UPSTAIRS","training data","tGravityAcc-mean()-X",0.913632241568627
"1159",7,"STANDING","training data","tGravityAcc-mean()-X",0.958728687924528
"1160",7,"SITTING","training data","tGravityAcc-mean()-X",0.969147824375
"1161",7,"LAYING","training data","tGravityAcc-mean()-X",-0.502814250576923
"1162",7,"WALKING","training data","tGravityAcc-mean()-X",0.932566472280702
"1163",7,"WALKING_DOWNSTAIRS","training data","tGravityAcc-mean()-X",0.930623632765957
"1164",7,"WALKING_UPSTAIRS","training data","tGravityAcc-mean()-X",0.81874656
"1165",8,"STANDING","training data","tGravityAcc-mean()-X",0.957669921111111
"1166",8,"SITTING","training data","tGravityAcc-mean()-X",0.832453878043478
"1167",8,"LAYING","training data","tGravityAcc-mean()-X",-0.405930036111111
"1168",8,"WALKING","training data","tGravityAcc-mean()-X",0.913586347916667
"1169",8,"WALKING_DOWNSTAIRS","training data","tGravityAcc-mean()-X",0.914023498421053
"1170",8,"WALKING_UPSTAIRS","training data","tGravityAcc-mean()-X",0.860368718780488
"1171",11,"STANDING","training data","tGravityAcc-mean()-X",0.956464535957447
"1172",11,"SITTING","training data","tGravityAcc-mean()-X",0.871963798301887
"1173",11,"LAYING","training data","tGravityAcc-mean()-X",-0.134832031403509
"1174",11,"WALKING","training data","tGravityAcc-mean()-X",0.946468451355932
"1175",11,"WALKING_DOWNSTAIRS","training data","tGravityAcc-mean()-X",0.941746406521739
"1176",11,"WALKING_UPSTAIRS","training data","tGravityAcc-mean()-X",0.892626155555556
"1177",14,"STANDING","training data","tGravityAcc-mean()-X",0.875319569
"1178",14,"SITTING","training data","tGravityAcc-mean()-X",0.939038759814815
"1179",14,"LAYING","training data","tGravityAcc-mean()-X",-0.145483631627451
"1180",14,"WALKING","training data","tGravityAcc-mean()-X",0.802973961525424
"1181",14,"WALKING_DOWNSTAIRS","training data","tGravityAcc-mean()-X",0.81629643
"1182",14,"WALKING_UPSTAIRS","training data","tGravityAcc-mean()-X",0.688256122222222
"1183",15,"STANDING","training data","tGravityAcc-mean()-X",0.965528899622642
"1184",15,"SITTING","training data","tGravityAcc-mean()-X",0.89036426220339
"1185",15,"LAYING","training data","tGravityAcc-mean()-X",-0.1719930545
"1186",15,"WALKING","training data","tGravityAcc-mean()-X",0.951524391481481
"1187",15,"WALKING_DOWNSTAIRS","training data","tGravityAcc-mean()-X",0.932302200476191
"1188",15,"WALKING_UPSTAIRS","training data","tGravityAcc-mean()-X",0.918544812291667
"1189",16,"STANDING","training data","tGravityAcc-mean()-X",0.941587749358974
"1190",16,"SITTING","training data","tGravityAcc-mean()-X",0.942457377971014
"1191",16,"LAYING","training data","tGravityAcc-mean()-X",-0.206783742242857
"1192",16,"WALKING","training data","tGravityAcc-mean()-X",0.925981326078431
"1193",16,"WALKING_DOWNSTAIRS","training data","tGravityAcc-mean()-X",0.917818427021277
"1194",16,"WALKING_UPSTAIRS","training data","tGravityAcc-mean()-X",0.826874282745098
"1195",17,"STANDING","training data","tGravityAcc-mean()-X",0.904678547435897
"1196",17,"SITTING","training data","tGravityAcc-mean()-X",0.94488374765625
"1197",17,"LAYING","training data","tGravityAcc-mean()-X",-0.19913309
"1198",17,"WALKING","training data","tGravityAcc-mean()-X",0.92811236852459
"1199",17,"WALKING_DOWNSTAIRS","training data","tGravityAcc-mean()-X",0.928817578043478
"1200",17,"WALKING_UPSTAIRS","training data","tGravityAcc-mean()-X",0.853530565833333
"1201",19,"STANDING","training data","tGravityAcc-mean()-X",0.944045837534247
"1202",19,"SITTING","training data","tGravityAcc-mean()-X",0.581371509041096
"1203",19,"LAYING","training data","tGravityAcc-mean()-X",-0.680043155060241
"1204",19,"WALKING","training data","tGravityAcc-mean()-X",0.935222559230769
"1205",19,"WALKING_DOWNSTAIRS","training data","tGravityAcc-mean()-X",0.881940855128205
"1206",19,"WALKING_UPSTAIRS","training data","tGravityAcc-mean()-X",0.8294283725
"1207",21,"STANDING","training data","tGravityAcc-mean()-X",0.881213341910112
"1208",21,"SITTING","training data","tGravityAcc-mean()-X",0.940031368
"1209",21,"LAYING","training data","tGravityAcc-mean()-X",-0.174349174822222
"1210",21,"WALKING","training data","tGravityAcc-mean()-X",0.862524800961538
"1211",21,"WALKING_DOWNSTAIRS","training data","tGravityAcc-mean()-X",0.872683205555556
"1212",21,"WALKING_UPSTAIRS","training data","tGravityAcc-mean()-X",0.781177210851064
"1213",22,"STANDING","training data","tGravityAcc-mean()-X",0.954064297619048
"1214",22,"SITTING","training data","tGravityAcc-mean()-X",0.839305928709677
"1215",22,"LAYING","training data","tGravityAcc-mean()-X",-0.418494577083333
"1216",22,"WALKING","training data","tGravityAcc-mean()-X",0.936096410434783
"1217",22,"WALKING_DOWNSTAIRS","training data","tGravityAcc-mean()-X",0.921820641944444
"1218",22,"WALKING_UPSTAIRS","training data","tGravityAcc-mean()-X",0.889454382857143
"1219",23,"STANDING","training data","tGravityAcc-mean()-X",0.919857125882353
"1220",23,"SITTING","training data","tGravityAcc-mean()-X",0.936509242941176
"1221",23,"LAYING","training data","tGravityAcc-mean()-X",-0.391564962777778
"1222",23,"WALKING","training data","tGravityAcc-mean()-X",0.939809688644068
"1223",23,"WALKING_DOWNSTAIRS","training data","tGravityAcc-mean()-X",0.923711401296296
"1224",23,"WALKING_UPSTAIRS","training data","tGravityAcc-mean()-X",0.843438810196078
"1225",25,"STANDING","training data","tGravityAcc-mean()-X",0.929794733108108
"1226",25,"SITTING","training data","tGravityAcc-mean()-X",0.865686078153846
"1227",25,"LAYING","training data","tGravityAcc-mean()-X",-0.461102531369863
"1228",25,"WALKING","training data","tGravityAcc-mean()-X",0.937483114459459
"1229",25,"WALKING_DOWNSTAIRS","training data","tGravityAcc-mean()-X",0.929627532241379
"1230",25,"WALKING_UPSTAIRS","training data","tGravityAcc-mean()-X",0.927693239538462
"1231",26,"STANDING","training data","tGravityAcc-mean()-X",0.965460891621622
"1232",26,"SITTING","training data","tGravityAcc-mean()-X",0.782955611794872
"1233",26,"LAYING","training data","tGravityAcc-mean()-X",-0.621309715263158
"1234",26,"WALKING","training data","tGravityAcc-mean()-X",0.960647754576271
"1235",26,"WALKING_DOWNSTAIRS","training data","tGravityAcc-mean()-X",0.9467972718
"1236",26,"WALKING_UPSTAIRS","training data","tGravityAcc-mean()-X",0.942095257090909
"1237",27,"STANDING","training data","tGravityAcc-mean()-X",0.965351492
"1238",27,"SITTING","training data","tGravityAcc-mean()-X",0.839464714
"1239",27,"LAYING","training data","tGravityAcc-mean()-X",-0.530434604864865
"1240",27,"WALKING","training data","tGravityAcc-mean()-X",0.944759287368421
"1241",27,"WALKING_DOWNSTAIRS","training data","tGravityAcc-mean()-X",0.931380178636364
"1242",27,"WALKING_UPSTAIRS","training data","tGravityAcc-mean()-X",0.868000278627451
"1243",28,"STANDING","training data","tGravityAcc-mean()-X",0.948514848481013
"1244",28,"SITTING","training data","tGravityAcc-mean()-X",0.907331309166667
"1245",28,"LAYING","training data","tGravityAcc-mean()-X",-0.490334541875
"1246",28,"WALKING","training data","tGravityAcc-mean()-X",0.942930275555556
"1247",28,"WALKING_DOWNSTAIRS","training data","tGravityAcc-mean()-X",0.929291680434783
"1248",28,"WALKING_UPSTAIRS","training data","tGravityAcc-mean()-X",0.854508231764706
"1249",29,"STANDING","training data","tGravityAcc-mean()-X",0.974508732
"1250",29,"SITTING","training data","tGravityAcc-mean()-X",0.891563755166667
"1251",29,"LAYING","training data","tGravityAcc-mean()-X",-0.346789842753623
"1252",29,"WALKING","training data","tGravityAcc-mean()-X",0.96237438509434
"1253",29,"WALKING_DOWNSTAIRS","training data","tGravityAcc-mean()-X",0.948486215
"1254",29,"WALKING_UPSTAIRS","training data","tGravityAcc-mean()-X",0.929258953877551
"1255",30,"STANDING","training data","tGravityAcc-mean()-X",0.968556705084746
"1256",30,"SITTING","training data","tGravityAcc-mean()-X",0.825473836935484
"1257",30,"LAYING","training data","tGravityAcc-mean()-X",-0.344737755285714
"1258",30,"WALKING","training data","tGravityAcc-mean()-X",0.965217551076923
"1259",30,"WALKING_DOWNSTAIRS","training data","tGravityAcc-mean()-X",0.958000491451613
"1260",30,"WALKING_UPSTAIRS","training data","tGravityAcc-mean()-X",0.93182983
"1261",2,"STANDING","test data","tGravityAcc-mean()-Y",-0.370062696851852
"1262",2,"SITTING","test data","tGravityAcc-mean()-Y",-0.105630024498783
"1263",2,"LAYING","test data","tGravityAcc-mean()-Y",0.752536639375
"1264",2,"WALKING","test data","tGravityAcc-mean()-Y",-0.34660709
"1265",2,"WALKING_DOWNSTAIRS","test data","tGravityAcc-mean()-Y",-0.325780100638298
"1266",2,"WALKING_UPSTAIRS","test data","tGravityAcc-mean()-Y",-0.416214890416667
"1267",4,"STANDING","test data","tGravityAcc-mean()-Y",-0.0759009061071429
"1268",4,"SITTING","test data","tGravityAcc-mean()-Y",0.211622539936894
"1269",4,"LAYING","test data","tGravityAcc-mean()-Y",0.915165104259259
"1270",4,"WALKING","test data","tGravityAcc-mean()-Y",-0.0858540265666667
"1271",4,"WALKING_DOWNSTAIRS","test data","tGravityAcc-mean()-Y",-0.0620852772955556
"1272",4,"WALKING_UPSTAIRS","test data","tGravityAcc-mean()-Y",-0.232944304615385
"1273",9,"STANDING","test data","tGravityAcc-mean()-Y",-0.010383816474
"1274",9,"SITTING","test data","tGravityAcc-mean()-Y",-0.0414258228938
"1275",9,"LAYING","test data","tGravityAcc-mean()-Y",-0.1191541962
"1276",9,"WALKING","test data","tGravityAcc-mean()-Y",-0.0314341738730769
"1277",9,"WALKING_DOWNSTAIRS","test data","tGravityAcc-mean()-Y",-0.0352304645104762
"1278",9,"WALKING_UPSTAIRS","test data","tGravityAcc-mean()-Y",-0.0377947824285714
"1279",10,"STANDING","test data","tGravityAcc-mean()-Y",-0.0431597830454545
"1280",10,"SITTING","test data","tGravityAcc-mean()-Y",-0.041260775
"1281",10,"LAYING","test data","tGravityAcc-mean()-Y",-0.139297681034483
"1282",10,"WALKING","test data","tGravityAcc-mean()-Y",-0.0838277013962264
"1283",10,"WALKING_DOWNSTAIRS","test data","tGravityAcc-mean()-Y",-0.0646160768947368
"1284",10,"WALKING_UPSTAIRS","test data","tGravityAcc-mean()-Y",-0.0565670278723404
"1285",12,"STANDING","test data","tGravityAcc-mean()-Y",-0.21886535557377
"1286",12,"SITTING","test data","tGravityAcc-mean()-Y",0.0830509010823529
"1287",12,"LAYING","test data","tGravityAcc-mean()-Y",0.8033788345
"1288",12,"WALKING","test data","tGravityAcc-mean()-Y",-0.1559834498
"1289",12,"WALKING_DOWNSTAIRS","test data","tGravityAcc-mean()-Y",-0.178702175434783
"1290",12,"WALKING_UPSTAIRS","test data","tGravityAcc-mean()-Y",-0.259144202692308
"1291",13,"STANDING","test data","tGravityAcc-mean()-Y",-0.239943146315789
"1292",13,"SITTING","test data","tGravityAcc-mean()-Y",0.101769752489796
"1293",13,"LAYING","test data","tGravityAcc-mean()-Y",0.656400944354839
"1294",13,"WALKING","test data","tGravityAcc-mean()-Y",-0.283658580877193
"1295",13,"WALKING_DOWNSTAIRS","test data","tGravityAcc-mean()-Y",-0.211555112553191
"1296",13,"WALKING_UPSTAIRS","test data","tGravityAcc-mean()-Y",-0.357404501636364
"1297",18,"STANDING","test data","tGravityAcc-mean()-Y",-0.204206320958904
"1298",18,"SITTING","test data","tGravityAcc-mean()-Y",0.12988647622807
"1299",18,"LAYING","test data","tGravityAcc-mean()-Y",0.719755403692308
"1300",18,"WALKING","test data","tGravityAcc-mean()-Y",-0.254317085892857
"1301",18,"WALKING_DOWNSTAIRS","test data","tGravityAcc-mean()-Y",-0.225809125454545
"1302",18,"WALKING_UPSTAIRS","test data","tGravityAcc-mean()-Y",-0.316619946206897
"1303",20,"STANDING","test data","tGravityAcc-mean()-Y",-0.305938716712329
"1304",20,"SITTING","test data","tGravityAcc-mean()-Y",0.0733385412878788
"1305",20,"LAYING","test data","tGravityAcc-mean()-Y",0.864882956617647
"1306",20,"WALKING","test data","tGravityAcc-mean()-Y",-0.344443913137255
"1307",20,"WALKING_DOWNSTAIRS","test data","tGravityAcc-mean()-Y",-0.277419718666667
"1308",20,"WALKING_UPSTAIRS","test data","tGravityAcc-mean()-Y",-0.479894842941176
"1309",24,"STANDING","test data","tGravityAcc-mean()-Y",-0.145201300942029
"1310",24,"SITTING","test data","tGravityAcc-mean()-Y",0.182254651955882
"1311",24,"LAYING","test data","tGravityAcc-mean()-Y",0.738430699305556
"1312",24,"WALKING","test data","tGravityAcc-mean()-Y",-0.115116241810345
"1313",24,"WALKING_DOWNSTAIRS","test data","tGravityAcc-mean()-Y",-0.128326710927273
"1314",24,"WALKING_UPSTAIRS","test data","tGravityAcc-mean()-Y",-0.237498409152542
"1315",1,"STANDING","training data","tGravityAcc-mean()-Y",-0.272983832264151
"1316",1,"SITTING","training data","tGravityAcc-mean()-Y",0.204411592680851
"1317",1,"LAYING","training data","tGravityAcc-mean()-Y",0.70554977346
"1318",1,"WALKING","training data","tGravityAcc-mean()-Y",-0.282165021263158
"1319",1,"WALKING_DOWNSTAIRS","training data","tGravityAcc-mean()-Y",-0.266610338979592
"1320",1,"WALKING_UPSTAIRS","training data","tGravityAcc-mean()-Y",-0.362153364339623
"1321",3,"STANDING","training data","tGravityAcc-mean()-Y",-0.301735130327869
"1322",3,"SITTING","training data","tGravityAcc-mean()-Y",0.127303379245962
"1323",3,"LAYING","training data","tGravityAcc-mean()-Y",0.837032099677419
"1324",3,"WALKING","training data","tGravityAcc-mean()-Y",-0.261986357931034
"1325",3,"WALKING_DOWNSTAIRS","training data","tGravityAcc-mean()-Y",-0.228829214285714
"1326",3,"WALKING_UPSTAIRS","training data","tGravityAcc-mean()-Y",-0.382851153728814
"1327",5,"STANDING","training data","tGravityAcc-mean()-Y",-0.03871012665
"1328",5,"SITTING","training data","tGravityAcc-mean()-Y",0.168445524
"1329",5,"LAYING","training data","tGravityAcc-mean()-Y",0.954890346153846
"1330",5,"WALKING","training data","tGravityAcc-mean()-Y",-0.100440285303571
"1331",5,"WALKING_DOWNSTAIRS","training data","tGravityAcc-mean()-Y",-0.0607578318319149
"1332",5,"WALKING_UPSTAIRS","training data","tGravityAcc-mean()-Y",-0.265942569148936
"1333",6,"STANDING","training data","tGravityAcc-mean()-Y",-0.230251036140351
"1334",6,"SITTING","training data","tGravityAcc-mean()-Y",0.0682628663363636
"1335",6,"LAYING","training data","tGravityAcc-mean()-Y",0.956593814210526
"1336",6,"WALKING","training data","tGravityAcc-mean()-Y",-0.214694852280702
"1337",6,"WALKING_DOWNSTAIRS","training data","tGravityAcc-mean()-Y",-0.214046334375
"1338",6,"WALKING_UPSTAIRS","training data","tGravityAcc-mean()-Y",-0.340732608823529
"1339",7,"STANDING","training data","tGravityAcc-mean()-Y",-0.117607048924528
"1340",7,"SITTING","training data","tGravityAcc-mean()-Y",0.00608846646041667
"1341",7,"LAYING","training data","tGravityAcc-mean()-Y",0.393444278076923
"1342",7,"WALKING","training data","tGravityAcc-mean()-Y",-0.159097003684211
"1343",7,"WALKING_DOWNSTAIRS","training data","tGravityAcc-mean()-Y",-0.12987167306383
"1344",7,"WALKING_UPSTAIRS","training data","tGravityAcc-mean()-Y",-0.240950944117647
"1345",8,"STANDING","training data","tGravityAcc-mean()-Y",-0.0904603488214815
"1346",8,"SITTING","training data","tGravityAcc-mean()-Y",0.240095117065217
"1347",8,"LAYING","training data","tGravityAcc-mean()-Y",0.589922434814815
"1348",8,"WALKING","training data","tGravityAcc-mean()-Y",-0.217102194583333
"1349",8,"WALKING_DOWNSTAIRS","training data","tGravityAcc-mean()-Y",-0.187610243421053
"1350",8,"WALKING_UPSTAIRS","training data","tGravityAcc-mean()-Y",-0.291341491707317
"1351",11,"STANDING","training data","tGravityAcc-mean()-Y",-0.173082704680851
"1352",11,"SITTING","training data","tGravityAcc-mean()-Y",0.213716305739623
"1353",11,"LAYING","training data","tGravityAcc-mean()-Y",0.943017941403509
"1354",11,"WALKING","training data","tGravityAcc-mean()-Y",-0.212045870169492
"1355",11,"WALKING_DOWNSTAIRS","training data","tGravityAcc-mean()-Y",-0.200321942608696
"1356",11,"WALKING_UPSTAIRS","training data","tGravityAcc-mean()-Y",-0.343576924814815
"1357",14,"STANDING","training data","tGravityAcc-mean()-Y",-0.226692231166667
"1358",14,"SITTING","training data","tGravityAcc-mean()-Y",-0.0364533962277778
"1359",14,"LAYING","training data","tGravityAcc-mean()-Y",0.48539692745098
"1360",14,"WALKING","training data","tGravityAcc-mean()-Y",-0.270314822881356
"1361",14,"WALKING_DOWNSTAIRS","training data","tGravityAcc-mean()-Y",-0.264254674666667
"1362",14,"WALKING_UPSTAIRS","training data","tGravityAcc-mean()-Y",-0.322680364814815
"1363",15,"STANDING","training data","tGravityAcc-mean()-Y",-0.164713175490566
"1364",15,"SITTING","training data","tGravityAcc-mean()-Y",0.210849305016949
"1365",15,"LAYING","training data","tGravityAcc-mean()-Y",0.899242553055556
"1366",15,"WALKING","training data","tGravityAcc-mean()-Y",-0.233918282592593
"1367",15,"WALKING_DOWNSTAIRS","training data","tGravityAcc-mean()-Y",-0.167462317142857
"1368",15,"WALKING_UPSTAIRS","training data","tGravityAcc-mean()-Y",-0.3149610125
"1369",16,"STANDING","training data","tGravityAcc-mean()-Y",-0.0578867045
"1370",16,"SITTING","training data","tGravityAcc-mean()-Y",-0.086588253942029
"1371",16,"LAYING","training data","tGravityAcc-mean()-Y",-0.0199270225714286
"1372",16,"WALKING","training data","tGravityAcc-mean()-Y",-0.0668246472745098
"1373",16,"WALKING_DOWNSTAIRS","training data","tGravityAcc-mean()-Y",-0.0584832676382979
"1374",16,"WALKING_UPSTAIRS","training data","tGravityAcc-mean()-Y",-0.0805926025490196
"1375",17,"STANDING","training data","tGravityAcc-mean()-Y",-0.257486817948718
"1376",17,"SITTING","training data","tGravityAcc-mean()-Y",-0.002814673171875
"1377",17,"LAYING","training data","tGravityAcc-mean()-Y",0.658792072253521
"1378",17,"WALKING","training data","tGravityAcc-mean()-Y",-0.179927382704918
"1379",17,"WALKING_DOWNSTAIRS","training data","tGravityAcc-mean()-Y",-0.151077057652174
"1380",17,"WALKING_UPSTAIRS","training data","tGravityAcc-mean()-Y",-0.284153753333333
"1381",19,"STANDING","training data","tGravityAcc-mean()-Y",-0.223897807808219
"1382",19,"SITTING","training data","tGravityAcc-mean()-Y",0.360343534657534
"1383",19,"LAYING","training data","tGravityAcc-mean()-Y",0.725646622771084
"1384",19,"WALKING","training data","tGravityAcc-mean()-Y",-0.2233381
"1385",19,"WALKING_DOWNSTAIRS","training data","tGravityAcc-mean()-Y",-0.215018042307692
"1386",19,"WALKING_UPSTAIRS","training data","tGravityAcc-mean()-Y",-0.3871007085
"1387",21,"STANDING","training data","tGravityAcc-mean()-Y",-0.346155558876404
"1388",21,"SITTING","training data","tGravityAcc-mean()-Y",0.0215206708823529
"1389",21,"LAYING","training data","tGravityAcc-mean()-Y",0.599992678
"1390",21,"WALKING","training data","tGravityAcc-mean()-Y",-0.370984549423077
"1391",21,"WALKING_DOWNSTAIRS","training data","tGravityAcc-mean()-Y",-0.356673289555556
"1392",21,"WALKING_UPSTAIRS","training data","tGravityAcc-mean()-Y",-0.432309617446809
"1393",22,"STANDING","training data","tGravityAcc-mean()-Y",-0.226418773650794
"1394",22,"SITTING","training data","tGravityAcc-mean()-Y",0.208553884
"1395",22,"LAYING","training data","tGravityAcc-mean()-Y",0.632484075694444
"1396",22,"WALKING","training data","tGravityAcc-mean()-Y",-0.259644937173913
"1397",22,"WALKING_DOWNSTAIRS","training data","tGravityAcc-mean()-Y",-0.222215179444444
"1398",22,"WALKING_UPSTAIRS","training data","tGravityAcc-mean()-Y",-0.33682691
"1399",23,"STANDING","training data","tGravityAcc-mean()-Y",-0.117401359697059
"1400",23,"SITTING","training data","tGravityAcc-mean()-Y",0.1217510625
"1401",23,"LAYING","training data","tGravityAcc-mean()-Y",0.438434067361111
"1402",23,"WALKING","training data","tGravityAcc-mean()-Y",-0.16176137
"1403",23,"WALKING_DOWNSTAIRS","training data","tGravityAcc-mean()-Y",-0.110028841648148
"1404",23,"WALKING_UPSTAIRS","training data","tGravityAcc-mean()-Y",-0.214481808235294
"1405",25,"STANDING","training data","tGravityAcc-mean()-Y",-0.159316786486486
"1406",25,"SITTING","training data","tGravityAcc-mean()-Y",0.208287142261538
"1407",25,"LAYING","training data","tGravityAcc-mean()-Y",0.620658919917808
"1408",25,"WALKING","training data","tGravityAcc-mean()-Y",-0.127315870743243
"1409",25,"WALKING_DOWNSTAIRS","training data","tGravityAcc-mean()-Y",-0.0724270175862069
"1410",25,"WALKING_UPSTAIRS","training data","tGravityAcc-mean()-Y",-0.217641282461538
"1411",26,"STANDING","training data","tGravityAcc-mean()-Y",-0.140315421824324
"1412",26,"SITTING","training data","tGravityAcc-mean()-Y",0.223105562025641
"1413",26,"LAYING","training data","tGravityAcc-mean()-Y",0.803015011578947
"1414",26,"WALKING","training data","tGravityAcc-mean()-Y",-0.133922185084746
"1415",26,"WALKING_DOWNSTAIRS","training data","tGravityAcc-mean()-Y",-0.0799003729
"1416",26,"WALKING_UPSTAIRS","training data","tGravityAcc-mean()-Y",-0.246169656181818
"1417",27,"STANDING","training data","tGravityAcc-mean()-Y",-0.188504847375
"1418",27,"SITTING","training data","tGravityAcc-mean()-Y",0.212947021371429
"1419",27,"LAYING","training data","tGravityAcc-mean()-Y",0.567879494054054
"1420",27,"WALKING","training data","tGravityAcc-mean()-Y",-0.187497034561404
"1421",27,"WALKING_DOWNSTAIRS","training data","tGravityAcc-mean()-Y",-0.166938774772727
"1422",27,"WALKING_UPSTAIRS","training data","tGravityAcc-mean()-Y",-0.229278659607843
"1423",28,"STANDING","training data","tGravityAcc-mean()-Y",-0.247656166582278
"1424",28,"SITTING","training data","tGravityAcc-mean()-Y",-0.112596728361111
"1425",28,"LAYING","training data","tGravityAcc-mean()-Y",0.1440732745
"1426",28,"WALKING","training data","tGravityAcc-mean()-Y",-0.229316151481481
"1427",28,"WALKING_DOWNSTAIRS","training data","tGravityAcc-mean()-Y",-0.235897105217391
"1428",28,"WALKING_UPSTAIRS","training data","tGravityAcc-mean()-Y",-0.333223996666667
"1429",29,"STANDING","training data","tGravityAcc-mean()-Y",-0.05848715356
"1430",29,"SITTING","training data","tGravityAcc-mean()-Y",0.1556594569
"1431",29,"LAYING","training data","tGravityAcc-mean()-Y",0.807535373478261
"1432",29,"WALKING","training data","tGravityAcc-mean()-Y",-0.127318078679245
"1433",29,"WALKING_DOWNSTAIRS","training data","tGravityAcc-mean()-Y",-0.0760962952291667
"1434",29,"WALKING_UPSTAIRS","training data","tGravityAcc-mean()-Y",-0.227120125306122
"1435",30,"STANDING","training data","tGravityAcc-mean()-Y",-0.100296804186441
"1436",30,"SITTING","training data","tGravityAcc-mean()-Y",0.114588392624871
"1437",30,"LAYING","training data","tGravityAcc-mean()-Y",0.732661247714286
"1438",30,"WALKING","training data","tGravityAcc-mean()-Y",-0.157673823846154
"1439",30,"WALKING_DOWNSTAIRS","training data","tGravityAcc-mean()-Y",-0.126710371903226
"1440",30,"WALKING_UPSTAIRS","training data","tGravityAcc-mean()-Y",-0.226647292153846
"1441",2,"STANDING","test data","tGravityAcc-mean()-Z",0.129747161222222
"1442",2,"SITTING","test data","tGravityAcc-mean()-Z",0.19872676876087
"1443",2,"LAYING","test data","tGravityAcc-mean()-Z",0.646834879583333
"1444",2,"WALKING","test data","tGravityAcc-mean()-Z",0.0847270871186441
"1445",2,"WALKING_DOWNSTAIRS","test data","tGravityAcc-mean()-Z",-0.0438890162723404
"1446",2,"WALKING_UPSTAIRS","test data","tGravityAcc-mean()-Z",-0.195888238891667
"1447",4,"STANDING","test data","tGravityAcc-mean()-Z",0.166893825946429
"1448",4,"SITTING","test data","tGravityAcc-mean()-Z",0.11012048108
"1449",4,"LAYING","test data","tGravityAcc-mean()-Z",0.341531310555556
"1450",4,"WALKING","test data","tGravityAcc-mean()-Z",0.127764112666667
"1451",4,"WALKING_DOWNSTAIRS","test data","tGravityAcc-mean()-Z",0.148714808888889
"1452",4,"WALKING_UPSTAIRS","test data","tGravityAcc-mean()-Z",0.0841675382884615
"1453",9,"STANDING","test data","tGravityAcc-mean()-Z",0.00914769235555555
"1454",9,"SITTING","test data","tGravityAcc-mean()-Z",0.085263099144
"1455",9,"LAYING","test data","tGravityAcc-mean()-Z",0.9578730416
"1456",9,"WALKING","test data","tGravityAcc-mean()-Z",-0.115856121080385
"1457",9,"WALKING_DOWNSTAIRS","test data","tGravityAcc-mean()-Z",-0.082276174942619
"1458",9,"WALKING_UPSTAIRS","test data","tGravityAcc-mean()-Z",-0.266009866857143
"1459",10,"STANDING","test data","tGravityAcc-mean()-Z",0.0346980210431818
"1460",10,"SITTING","test data","tGravityAcc-mean()-Z",0.20253457287037
"1461",10,"LAYING","test data","tGravityAcc-mean()-Z",-0.031121624137931
"1462",10,"WALKING","test data","tGravityAcc-mean()-Z",0.0549276242264151
"1463",10,"WALKING_DOWNSTAIRS","test data","tGravityAcc-mean()-Z",0.0418715409263158
"1464",10,"WALKING_UPSTAIRS","test data","tGravityAcc-mean()-Z",0.0227527702016383
"1465",12,"STANDING","test data","tGravityAcc-mean()-Z",-0.0395382767304918
"1466",12,"SITTING","test data","tGravityAcc-mean()-Z",0.0885640696078431
"1467",12,"LAYING","test data","tGravityAcc-mean()-Z",0.2750431984
"1468",12,"WALKING","test data","tGravityAcc-mean()-Z",-0.03608428788
"1469",12,"WALKING_DOWNSTAIRS","test data","tGravityAcc-mean()-Z",-0.0561050624630435
"1470",12,"WALKING_UPSTAIRS","test data","tGravityAcc-mean()-Z",-0.0702503820961538
"1471",13,"STANDING","test data","tGravityAcc-mean()-Z",-0.0524856614035088
"1472",13,"SITTING","test data","tGravityAcc-mean()-Z",0.0757773858163265
"1473",13,"LAYING","test data","tGravityAcc-mean()-Z",0.598884988709677
"1474",13,"WALKING","test data","tGravityAcc-mean()-Z",-0.131299718666667
"1475",13,"WALKING_DOWNSTAIRS","test data","tGravityAcc-mean()-Z",-0.0950820341687234
"1476",13,"WALKING_UPSTAIRS","test data","tGravityAcc-mean()-Z",-0.207507170584727
"1477",18,"STANDING","test data","tGravityAcc-mean()-Z",-0.0485767106575342
"1478",18,"SITTING","test data","tGravityAcc-mean()-Z",0.161877417894737
"1479",18,"LAYING","test data","tGravityAcc-mean()-Z",0.605495317692308
"1480",18,"WALKING","test data","tGravityAcc-mean()-Z",-0.0609313415892857
"1481",18,"WALKING_DOWNSTAIRS","test data","tGravityAcc-mean()-Z",-0.0493636733454545
"1482",18,"WALKING_UPSTAIRS","test data","tGravityAcc-mean()-Z",-0.106112549189655
"1483",20,"STANDING","test data","tGravityAcc-mean()-Z",0.0708655286023288
"1484",20,"SITTING","test data","tGravityAcc-mean()-Z",0.151679135228788
"1485",20,"LAYING","test data","tGravityAcc-mean()-Z",0.477573305
"1486",20,"WALKING","test data","tGravityAcc-mean()-Z",-0.035130214
"1487",20,"WALKING_DOWNSTAIRS","test data","tGravityAcc-mean()-Z",-0.0282591579777778
"1488",20,"WALKING_UPSTAIRS","test data","tGravityAcc-mean()-Z",-0.130117634791765
"1489",24,"STANDING","test data","tGravityAcc-mean()-Z",-0.0530585403536232
"1490",24,"SITTING","test data","tGravityAcc-mean()-Z",0.109559621020588
"1491",24,"LAYING","test data","tGravityAcc-mean()-Z",0.683839909722222
"1492",24,"WALKING","test data","tGravityAcc-mean()-Z",-0.140910029827586
"1493",24,"WALKING_DOWNSTAIRS","test data","tGravityAcc-mean()-Z",-0.140123155018182
"1494",24,"WALKING_UPSTAIRS","test data","tGravityAcc-mean()-Z",-0.227134869152542
"1495",1,"STANDING","training data","tGravityAcc-mean()-Z",0.0134905823226415
"1496",1,"SITTING","training data","tGravityAcc-mean()-Z",0.332043702765957
"1497",1,"LAYING","training data","tGravityAcc-mean()-Z",0.4458177198
"1498",1,"WALKING","training data","tGravityAcc-mean()-Z",-0.068102864
"1499",1,"WALKING_DOWNSTAIRS","training data","tGravityAcc-mean()-Z",-0.0621199585938775
"1500",1,"WALKING_UPSTAIRS","training data","tGravityAcc-mean()-Z",-0.075402939754717
"1501",3,"STANDING","training data","tGravityAcc-mean()-Z",0.024763106752459
"1502",3,"SITTING","training data","tGravityAcc-mean()-Z",0.139020582461538
"1503",3,"LAYING","training data","tGravityAcc-mean()-Z",0.48870318516129
"1504",3,"WALKING","training data","tGravityAcc-mean()-Z",-0.138107866258621
"1505",3,"WALKING_DOWNSTAIRS","training data","tGravityAcc-mean()-Z",-0.102352758040816
"1506",3,"WALKING_UPSTAIRS","training data","tGravityAcc-mean()-Z",-0.162943955254237
"1507",5,"STANDING","training data","tGravityAcc-mean()-Z",0.138638436607143
"1508",5,"SITTING","training data","tGravityAcc-mean()-Z",0.143006857611364
"1509",5,"LAYING","training data","tGravityAcc-mean()-Z",0.263644691923077
"1510",5,"WALKING","training data","tGravityAcc-mean()-Z",0.00247623628392857
"1511",5,"WALKING_DOWNSTAIRS","training data","tGravityAcc-mean()-Z",0.0216777910246191
"1512",5,"WALKING_UPSTAIRS","training data","tGravityAcc-mean()-Z",-0.0232035364248936
"1513",6,"STANDING","training data","tGravityAcc-mean()-Z",0.0139193473596491
"1514",6,"SITTING","training data","tGravityAcc-mean()-Z",0.0695219657167273
"1515",6,"LAYING","training data","tGravityAcc-mean()-Z",0.175867709021053
"1516",6,"WALKING","training data","tGravityAcc-mean()-Z",0.0331888826842105
"1517",6,"WALKING_DOWNSTAIRS","training data","tGravityAcc-mean()-Z",-0.00307981704708333
"1518",6,"WALKING_UPSTAIRS","training data","tGravityAcc-mean()-Z",-0.0184608964392157
"1519",7,"STANDING","training data","tGravityAcc-mean()-Z",-0.0516573721320755
"1520",7,"SITTING","training data","tGravityAcc-mean()-Z",0.0649636250354167
"1521",7,"LAYING","training data","tGravityAcc-mean()-Z",0.907537823461538
"1522",7,"WALKING","training data","tGravityAcc-mean()-Z",-0.160846924029807
"1523",7,"WALKING_DOWNSTAIRS","training data","tGravityAcc-mean()-Z",-0.154935538544681
"1524",7,"WALKING_UPSTAIRS","training data","tGravityAcc-mean()-Z",-0.403599709607843
"1525",8,"STANDING","training data","tGravityAcc-mean()-Z",-0.0979392024814815
"1526",8,"SITTING","training data","tGravityAcc-mean()-Z",0.263895185521739
"1527",8,"LAYING","training data","tGravityAcc-mean()-Z",0.719831539259259
"1528",8,"WALKING","training data","tGravityAcc-mean()-Z",-0.186267836962021
"1529",8,"WALKING_DOWNSTAIRS","training data","tGravityAcc-mean()-Z",-0.141817934963684
"1530",8,"WALKING_UPSTAIRS","training data","tGravityAcc-mean()-Z",-0.192306960631707
"1531",11,"STANDING","training data","tGravityAcc-mean()-Z",0.127198423404255
"1532",11,"SITTING","training data","tGravityAcc-mean()-Z",0.188531695981132
"1533",11,"LAYING","training data","tGravityAcc-mean()-Z",0.112620189964912
"1534",11,"WALKING","training data","tGravityAcc-mean()-Z",0.134053215101695
"1535",11,"WALKING_DOWNSTAIRS","training data","tGravityAcc-mean()-Z",0.132371684891304
"1536",11,"WALKING_UPSTAIRS","training data","tGravityAcc-mean()-Z",0.146633747092593
"1537",14,"STANDING","training data","tGravityAcc-mean()-Z",-0.338174888666667
"1538",14,"SITTING","training data","tGravityAcc-mean()-Z",-0.0945970534814815
"1539",14,"LAYING","training data","tGravityAcc-mean()-Z",0.83656291
"1540",14,"WALKING","training data","tGravityAcc-mean()-Z",-0.422495268474576
"1541",14,"WALKING_DOWNSTAIRS","training data","tGravityAcc-mean()-Z",-0.392555882222222
"1542",14,"WALKING_UPSTAIRS","training data","tGravityAcc-mean()-Z",-0.49508872037037
"1543",15,"STANDING","training data","tGravityAcc-mean()-Z",0.0645975994528302
"1544",15,"SITTING","training data","tGravityAcc-mean()-Z",0.00281565980440678
"1545",15,"LAYING","training data","tGravityAcc-mean()-Z",-0.0369192905555556
"1546",15,"WALKING","training data","tGravityAcc-mean()-Z",0.0757356734814815
"1547",15,"WALKING_DOWNSTAIRS","training data","tGravityAcc-mean()-Z",0.0788822410992857
"1548",15,"WALKING_UPSTAIRS","training data","tGravityAcc-mean()-Z",0.0811803405
"1549",16,"STANDING","training data","tGravityAcc-mean()-Z",-0.166737468166667
"1550",16,"SITTING","training data","tGravityAcc-mean()-Z",0.0892682200463768
"1551",16,"LAYING","training data","tGravityAcc-mean()-Z",0.893884468571429
"1552",16,"WALKING","training data","tGravityAcc-mean()-Z",-0.217351194313725
"1553",16,"WALKING_DOWNSTAIRS","training data","tGravityAcc-mean()-Z",-0.225382496382979
"1554",16,"WALKING_UPSTAIRS","training data","tGravityAcc-mean()-Z",-0.379059698039216
"1555",17,"STANDING","training data","tGravityAcc-mean()-Z",-0.202687757012821
"1556",17,"SITTING","training data","tGravityAcc-mean()-Z",-0.135803881679687
"1557",17,"LAYING","training data","tGravityAcc-mean()-Z",0.722657502112676
"1558",17,"WALKING","training data","tGravityAcc-mean()-Z",-0.190265949622951
"1559",17,"WALKING_DOWNSTAIRS","training data","tGravityAcc-mean()-Z",-0.160962985956522
"1560",17,"WALKING_UPSTAIRS","training data","tGravityAcc-mean()-Z",-0.298171464166667
"1561",19,"STANDING","training data","tGravityAcc-mean()-Z",0.130643717849315
"1562",19,"SITTING","training data","tGravityAcc-mean()-Z",0.489126594657534
"1563",19,"LAYING","training data","tGravityAcc-mean()-Z",0.68762385253012
"1564",19,"WALKING","training data","tGravityAcc-mean()-Z",-0.0898428797307692
"1565",19,"WALKING_DOWNSTAIRS","training data","tGravityAcc-mean()-Z",-0.126146868942821
"1566",19,"WALKING_UPSTAIRS","training data","tGravityAcc-mean()-Z",-0.2210087627
"1567",21,"STANDING","training data","tGravityAcc-mean()-Z",-0.207685689775281
"1568",21,"SITTING","training data","tGravityAcc-mean()-Z",-0.0567766060705882
"1569",21,"LAYING","training data","tGravityAcc-mean()-Z",0.788251027111111
"1570",21,"WALKING","training data","tGravityAcc-mean()-Z",-0.220947960192308
"1571",21,"WALKING_DOWNSTAIRS","training data","tGravityAcc-mean()-Z",-0.187870253333333
"1572",21,"WALKING_UPSTAIRS","training data","tGravityAcc-mean()-Z",-0.309735038510638
"1573",22,"STANDING","training data","tGravityAcc-mean()-Z",0.0323824977714286
"1574",22,"SITTING","training data","tGravityAcc-mean()-Z",0.315551492322581
"1575",22,"LAYING","training data","tGravityAcc-mean()-Z",0.771903907083333
"1576",22,"WALKING","training data","tGravityAcc-mean()-Z",0.0233780056086957
"1577",22,"WALKING_DOWNSTAIRS","training data","tGravityAcc-mean()-Z",0.0412987957222222
"1578",22,"WALKING_UPSTAIRS","training data","tGravityAcc-mean()-Z",-0.0957978990316667
"1579",23,"STANDING","training data","tGravityAcc-mean()-Z",-0.223631180906765
"1580",23,"SITTING","training data","tGravityAcc-mean()-Z",0.0630111556279412
"1581",23,"LAYING","training data","tGravityAcc-mean()-Z",0.918782825277778
"1582",23,"WALKING","training data","tGravityAcc-mean()-Z",-0.160763360338983
"1583",23,"WALKING_DOWNSTAIRS","training data","tGravityAcc-mean()-Z",-0.153671532259259
"1584",23,"WALKING_UPSTAIRS","training data","tGravityAcc-mean()-Z",-0.35593445
"1585",25,"STANDING","training data","tGravityAcc-mean()-Z",0.201182106486486
"1586",25,"SITTING","training data","tGravityAcc-mean()-Z",0.167140956385077
"1587",25,"LAYING","training data","tGravityAcc-mean()-Z",0.526353818315068
"1588",25,"WALKING","training data","tGravityAcc-mean()-Z",0.188416273486486
"1589",25,"WALKING_DOWNSTAIRS","training data","tGravityAcc-mean()-Z",0.21879595837931
"1590",25,"WALKING_UPSTAIRS","training data","tGravityAcc-mean()-Z",0.108230986684615
"1591",26,"STANDING","training data","tGravityAcc-mean()-Z",0.0884142682297297
"1592",26,"SITTING","training data","tGravityAcc-mean()-Z",0.314387627435897
"1593",26,"LAYING","training data","tGravityAcc-mean()-Z",0.614523405921053
"1594",26,"WALKING","training data","tGravityAcc-mean()-Z",0.108738699508475
"1595",26,"WALKING_DOWNSTAIRS","training data","tGravityAcc-mean()-Z",0.1539063202
"1596",26,"WALKING_UPSTAIRS","training data","tGravityAcc-mean()-Z",-0.00199310572363636
"1597",27,"STANDING","training data","tGravityAcc-mean()-Z",-0.00557416876082625
"1598",27,"SITTING","training data","tGravityAcc-mean()-Z",0.276417431042857
"1599",27,"LAYING","training data","tGravityAcc-mean()-Z",0.84539238027027
"1600",27,"WALKING","training data","tGravityAcc-mean()-Z",-0.126210937305263
"1601",27,"WALKING_DOWNSTAIRS","training data","tGravityAcc-mean()-Z",-0.140047614122727
"1602",27,"WALKING_UPSTAIRS","training data","tGravityAcc-mean()-Z",-0.294642640196078
"1603",28,"STANDING","training data","tGravityAcc-mean()-Z",-0.0385830501632911
"1604",28,"SITTING","training data","tGravityAcc-mean()-Z",0.135402566816667
"1605",28,"LAYING","training data","tGravityAcc-mean()-Z",0.0157570025
"1606",28,"WALKING","training data","tGravityAcc-mean()-Z",-0.125912861222222
"1607",28,"WALKING_DOWNSTAIRS","training data","tGravityAcc-mean()-Z",-0.121477255782609
"1608",28,"WALKING_UPSTAIRS","training data","tGravityAcc-mean()-Z",-0.265207858431373
"1609",29,"STANDING","training data","tGravityAcc-mean()-Z",0.0316145849747692
"1610",29,"SITTING","training data","tGravityAcc-mean()-Z",0.286256063666667
"1611",29,"LAYING","training data","tGravityAcc-mean()-Z",0.590452224057971
"1612",29,"WALKING","training data","tGravityAcc-mean()-Z",0.0955792142264151
"1613",29,"WALKING_DOWNSTAIRS","training data","tGravityAcc-mean()-Z",0.0919650454166667
"1614",29,"WALKING_UPSTAIRS","training data","tGravityAcc-mean()-Z",0.0443786011771429
"1615",30,"STANDING","training data","tGravityAcc-mean()-Z",0.0243044362542373
"1616",30,"SITTING","training data","tGravityAcc-mean()-Z",0.34476602
"1617",30,"LAYING","training data","tGravityAcc-mean()-Z",0.681459210714286
"1618",30,"WALKING","training data","tGravityAcc-mean()-Z",-0.00392556384476923
"1619",30,"WALKING_DOWNSTAIRS","training data","tGravityAcc-mean()-Z",0.0288081674653226
"1620",30,"WALKING_UPSTAIRS","training data","tGravityAcc-mean()-Z",-0.0221401100714154
"1621",2,"STANDING","test data","tGravityAcc-std()-X",-0.986685818703704
"1622",2,"SITTING","test data","tGravityAcc-std()-X",-0.979988760869565
"1623",2,"LAYING","test data","tGravityAcc-std()-X",-0.959014441458333
"1624",2,"WALKING","test data","tGravityAcc-std()-X",-0.972693201355932
"1625",2,"WALKING_DOWNSTAIRS","test data","tGravityAcc-std()-X",-0.940361759574468
"1626",2,"WALKING_UPSTAIRS","test data","tGravityAcc-std()-X",-0.934407739791667
"1627",4,"STANDING","test data","tGravityAcc-std()-X",-0.972908355892857
"1628",4,"SITTING","test data","tGravityAcc-std()-X",-0.9814052948
"1629",4,"LAYING","test data","tGravityAcc-std()-X",-0.921199965925926
"1630",4,"WALKING","test data","tGravityAcc-std()-X",-0.983826494833333
"1631",4,"WALKING_DOWNSTAIRS","test data","tGravityAcc-std()-X",-0.955258881333333
"1632",4,"WALKING_UPSTAIRS","test data","tGravityAcc-std()-X",-0.958495235576923
"1633",9,"STANDING","test data","tGravityAcc-std()-X",-0.989103160444444
"1634",9,"SITTING","test data","tGravityAcc-std()-X",-0.9552804062
"1635",9,"LAYING","test data","tGravityAcc-std()-X",-0.9218210626
"1636",9,"WALKING","test data","tGravityAcc-std()-X",-0.980971973653846
"1637",9,"WALKING_DOWNSTAIRS","test data","tGravityAcc-std()-X",-0.952141220714286
"1638",9,"WALKING_UPSTAIRS","test data","tGravityAcc-std()-X",-0.954383557142857
"1639",10,"STANDING","test data","tGravityAcc-std()-X",-0.991259485
"1640",10,"SITTING","test data","tGravityAcc-std()-X",-0.973128354074074
"1641",10,"LAYING","test data","tGravityAcc-std()-X",-0.954531941896552
"1642",10,"WALKING","test data","tGravityAcc-std()-X",-0.974435158113208
"1643",10,"WALKING_DOWNSTAIRS","test data","tGravityAcc-std()-X",-0.939267613157895
"1644",10,"WALKING_UPSTAIRS","test data","tGravityAcc-std()-X",-0.959216072340425
"1645",12,"STANDING","test data","tGravityAcc-std()-X",-0.985314210491803
"1646",12,"SITTING","test data","tGravityAcc-std()-X",-0.985203642352941
"1647",12,"LAYING","test data","tGravityAcc-std()-X",-0.936458309333333
"1648",12,"WALKING","test data","tGravityAcc-std()-X",-0.97911312
"1649",12,"WALKING_DOWNSTAIRS","test data","tGravityAcc-std()-X",-0.959504017391304
"1650",12,"WALKING_UPSTAIRS","test data","tGravityAcc-std()-X",-0.960246289807692
"1651",13,"STANDING","test data","tGravityAcc-std()-X",-0.992232401754386
"1652",13,"SITTING","test data","tGravityAcc-std()-X",-0.981379112653061
"1653",13,"LAYING","test data","tGravityAcc-std()-X",-0.957875244677419
"1654",13,"WALKING","test data","tGravityAcc-std()-X",-0.97254492245614
"1655",13,"WALKING_DOWNSTAIRS","test data","tGravityAcc-std()-X",-0.952643084042553
"1656",13,"WALKING_UPSTAIRS","test data","tGravityAcc-std()-X",-0.946441502363636
"1657",18,"STANDING","test data","tGravityAcc-std()-X",-0.994270075205479
"1658",18,"SITTING","test data","tGravityAcc-std()-X",-0.994043771403509
"1659",18,"LAYING","test data","tGravityAcc-std()-X",-0.982715987538462
"1660",18,"WALKING","test data","tGravityAcc-std()-X",-0.983010882678571
"1661",18,"WALKING_DOWNSTAIRS","test data","tGravityAcc-std()-X",-0.960404874545455
"1662",18,"WALKING_UPSTAIRS","test data","tGravityAcc-std()-X",-0.961738807068966
"1663",20,"STANDING","test data","tGravityAcc-std()-X",-0.981916942054795
"1664",20,"SITTING","test data","tGravityAcc-std()-X",-0.985829034393939
"1665",20,"LAYING","test data","tGravityAcc-std()-X",-0.928674215147059
"1666",20,"WALKING","test data","tGravityAcc-std()-X",-0.970327266470588
"1667",20,"WALKING_DOWNSTAIRS","test data","tGravityAcc-std()-X",-0.940458075111111
"1668",20,"WALKING_UPSTAIRS","test data","tGravityAcc-std()-X",-0.931405014313725
"1669",24,"STANDING","test data","tGravityAcc-std()-X",-0.992197591884058
"1670",24,"SITTING","test data","tGravityAcc-std()-X",-0.989660149852941
"1671",24,"LAYING","test data","tGravityAcc-std()-X",-0.960412164305556
"1672",24,"WALKING","test data","tGravityAcc-std()-X",-0.983132400344828
"1673",24,"WALKING_DOWNSTAIRS","test data","tGravityAcc-std()-X",-0.961845327454545
"1674",24,"WALKING_UPSTAIRS","test data","tGravityAcc-std()-X",-0.962190567457627
"1675",1,"STANDING","training data","tGravityAcc-std()-X",-0.99376298509434
"1676",1,"SITTING","training data","tGravityAcc-std()-X",-0.968457145744681
"1677",1,"LAYING","training data","tGravityAcc-std()-X",-0.8968300184
"1678",1,"WALKING","training data","tGravityAcc-std()-X",-0.976609642526316
"1679",1,"WALKING_DOWNSTAIRS","training data","tGravityAcc-std()-X",-0.950559811632653
"1680",1,"WALKING_UPSTAIRS","training data","tGravityAcc-std()-X",-0.956367027924528
"1681",3,"STANDING","training data","tGravityAcc-std()-X",-0.982020428032787
"1682",3,"SITTING","training data","tGravityAcc-std()-X",-0.957324457884615
"1683",3,"LAYING","training data","tGravityAcc-std()-X",-0.982512193064516
"1684",3,"WALKING","training data","tGravityAcc-std()-X",-0.97777159137931
"1685",3,"WALKING_DOWNSTAIRS","training data","tGravityAcc-std()-X",-0.950061129591837
"1686",3,"WALKING_UPSTAIRS","training data","tGravityAcc-std()-X",-0.944040819322034
"1687",5,"STANDING","training data","tGravityAcc-std()-X",-0.974088206071429
"1688",5,"SITTING","training data","tGravityAcc-std()-X",-0.983137541590909
"1689",5,"LAYING","training data","tGravityAcc-std()-X",-0.945695336153846
"1690",5,"WALKING","training data","tGravityAcc-std()-X",-0.979348381428571
"1691",5,"WALKING_DOWNSTAIRS","training data","tGravityAcc-std()-X",-0.950490938510638
"1692",5,"WALKING_UPSTAIRS","training data","tGravityAcc-std()-X",-0.95357996893617
"1693",6,"STANDING","training data","tGravityAcc-std()-X",-0.985583066842105
"1694",6,"SITTING","training data","tGravityAcc-std()-X",-0.988872369272727
"1695",6,"LAYING","training data","tGravityAcc-std()-X",-0.887746310350877
"1696",6,"WALKING","training data","tGravityAcc-std()-X",-0.977779896491228
"1697",6,"WALKING_DOWNSTAIRS","training data","tGravityAcc-std()-X",-0.9544062675
"1698",6,"WALKING_UPSTAIRS","training data","tGravityAcc-std()-X",-0.959399425098039
"1699",7,"STANDING","training data","tGravityAcc-std()-X",-0.987917503962264
"1700",7,"SITTING","training data","tGravityAcc-std()-X",-0.957082433333333
"1701",7,"LAYING","training data","tGravityAcc-std()-X",-0.914221270096154
"1702",7,"WALKING","training data","tGravityAcc-std()-X",-0.979851271403509
"1703",7,"WALKING_DOWNSTAIRS","training data","tGravityAcc-std()-X",-0.964875962978723
"1704",7,"WALKING_UPSTAIRS","training data","tGravityAcc-std()-X",-0.932823053333333
"1705",8,"STANDING","training data","tGravityAcc-std()-X",-0.987690217222222
"1706",8,"SITTING","training data","tGravityAcc-std()-X",-0.966757967173913
"1707",8,"LAYING","training data","tGravityAcc-std()-X",-0.918873192333333
"1708",8,"WALKING","training data","tGravityAcc-std()-X",-0.974752050208333
"1709",8,"WALKING_DOWNSTAIRS","training data","tGravityAcc-std()-X",-0.945766561578947
"1710",8,"WALKING_UPSTAIRS","training data","tGravityAcc-std()-X",-0.926673287804878
"1711",11,"STANDING","training data","tGravityAcc-std()-X",-0.994529398085106
"1712",11,"SITTING","training data","tGravityAcc-std()-X",-0.988069341132075
"1713",11,"LAYING","training data","tGravityAcc-std()-X",-0.97956560245614
"1714",11,"WALKING","training data","tGravityAcc-std()-X",-0.98110101440678
"1715",11,"WALKING_DOWNSTAIRS","training data","tGravityAcc-std()-X",-0.954497498695652
"1716",11,"WALKING_UPSTAIRS","training data","tGravityAcc-std()-X",-0.953463105740741
"1717",14,"STANDING","training data","tGravityAcc-std()-X",-0.972005366333333
"1718",14,"SITTING","training data","tGravityAcc-std()-X",-0.976280399444444
"1719",14,"LAYING","training data","tGravityAcc-std()-X",-0.862136937254902
"1720",14,"WALKING","training data","tGravityAcc-std()-X",-0.974816884237288
"1721",14,"WALKING_DOWNSTAIRS","training data","tGravityAcc-std()-X",-0.919098794
"1722",14,"WALKING_UPSTAIRS","training data","tGravityAcc-std()-X",-0.928523640925926
"1723",15,"STANDING","training data","tGravityAcc-std()-X",-0.988432084716981
"1724",15,"SITTING","training data","tGravityAcc-std()-X",-0.982620883728814
"1725",15,"LAYING","training data","tGravityAcc-std()-X",-0.961509742916667
"1726",15,"WALKING","training data","tGravityAcc-std()-X",-0.978397287962963
"1727",15,"WALKING_DOWNSTAIRS","training data","tGravityAcc-std()-X",-0.942806478333333
"1728",15,"WALKING_UPSTAIRS","training data","tGravityAcc-std()-X",-0.952562395625
"1729",16,"STANDING","training data","tGravityAcc-std()-X",-0.985359689871795
"1730",16,"SITTING","training data","tGravityAcc-std()-X",-0.980158243333333
"1731",16,"LAYING","training data","tGravityAcc-std()-X",-0.963761977857143
"1732",16,"WALKING","training data","tGravityAcc-std()-X",-0.982469595490196
"1733",16,"WALKING_DOWNSTAIRS","training data","tGravityAcc-std()-X",-0.957785118085106
"1734",16,"WALKING_UPSTAIRS","training data","tGravityAcc-std()-X",-0.948413552745098
"1735",17,"STANDING","training data","tGravityAcc-std()-X",-0.985751365769231
"1736",17,"SITTING","training data","tGravityAcc-std()-X",-0.99019661703125
"1737",17,"LAYING","training data","tGravityAcc-std()-X",-0.961063222394366
"1738",17,"WALKING","training data","tGravityAcc-std()-X",-0.980983351639344
"1739",17,"WALKING_DOWNSTAIRS","training data","tGravityAcc-std()-X",-0.950026242173913
"1740",17,"WALKING_UPSTAIRS","training data","tGravityAcc-std()-X",-0.949460372291667
"1741",19,"STANDING","training data","tGravityAcc-std()-X",-0.992411542465753
"1742",19,"SITTING","training data","tGravityAcc-std()-X",-0.969355010136986
"1743",19,"LAYING","training data","tGravityAcc-std()-X",-0.958959611084337
"1744",19,"WALKING","training data","tGravityAcc-std()-X",-0.9698614625
"1745",19,"WALKING_DOWNSTAIRS","training data","tGravityAcc-std()-X",-0.899726139487179
"1746",19,"WALKING_UPSTAIRS","training data","tGravityAcc-std()-X",-0.916495992
"1747",21,"STANDING","training data","tGravityAcc-std()-X",-0.982906668876405
"1748",21,"SITTING","training data","tGravityAcc-std()-X",-0.992936404470588
"1749",21,"LAYING","training data","tGravityAcc-std()-X",-0.945905270555556
"1750",21,"WALKING","training data","tGravityAcc-std()-X",-0.969576355384615
"1751",21,"WALKING_DOWNSTAIRS","training data","tGravityAcc-std()-X",-0.940194827777778
"1752",21,"WALKING_UPSTAIRS","training data","tGravityAcc-std()-X",-0.940911635531915
"1753",22,"STANDING","training data","tGravityAcc-std()-X",-0.992827298253968
"1754",22,"SITTING","training data","tGravityAcc-std()-X",-0.972009988709677
"1755",22,"LAYING","training data","tGravityAcc-std()-X",-0.928781249027778
"1756",22,"WALKING","training data","tGravityAcc-std()-X",-0.969643448043478
"1757",22,"WALKING_DOWNSTAIRS","training data","tGravityAcc-std()-X",-0.941242334722222
"1758",22,"WALKING_UPSTAIRS","training data","tGravityAcc-std()-X",-0.94063384047619
"1759",23,"STANDING","training data","tGravityAcc-std()-X",-0.984610385
"1760",23,"SITTING","training data","tGravityAcc-std()-X",-0.984536722205882
"1761",23,"LAYING","training data","tGravityAcc-std()-X",-0.947948758194444
"1762",23,"WALKING","training data","tGravityAcc-std()-X",-0.977230903898305
"1763",23,"WALKING_DOWNSTAIRS","training data","tGravityAcc-std()-X",-0.950790837407407
"1764",23,"WALKING_UPSTAIRS","training data","tGravityAcc-std()-X",-0.933344481568627
"1765",25,"STANDING","training data","tGravityAcc-std()-X",-0.993148267702703
"1766",25,"SITTING","training data","tGravityAcc-std()-X",-0.988879980615385
"1767",25,"LAYING","training data","tGravityAcc-std()-X",-0.829554947808219
"1768",25,"WALKING","training data","tGravityAcc-std()-X",-0.979499263243243
"1769",25,"WALKING_DOWNSTAIRS","training data","tGravityAcc-std()-X",-0.964470066724138
"1770",25,"WALKING_UPSTAIRS","training data","tGravityAcc-std()-X",-0.950878450307692
"1771",26,"STANDING","training data","tGravityAcc-std()-X",-0.992678782162162
"1772",26,"SITTING","training data","tGravityAcc-std()-X",-0.965082925641026
"1773",26,"LAYING","training data","tGravityAcc-std()-X",-0.944472488552632
"1774",26,"WALKING","training data","tGravityAcc-std()-X",-0.980055651016949
"1775",26,"WALKING_DOWNSTAIRS","training data","tGravityAcc-std()-X",-0.9627219918
"1776",26,"WALKING_UPSTAIRS","training data","tGravityAcc-std()-X",-0.962011392181818
"1777",27,"STANDING","training data","tGravityAcc-std()-X",-0.994012162875
"1778",27,"SITTING","training data","tGravityAcc-std()-X",-0.982445738
"1779",27,"LAYING","training data","tGravityAcc-std()-X",-0.971183862702703
"1780",27,"WALKING","training data","tGravityAcc-std()-X",-0.979866136842105
"1781",27,"WALKING_DOWNSTAIRS","training data","tGravityAcc-std()-X",-0.946975165
"1782",27,"WALKING_UPSTAIRS","training data","tGravityAcc-std()-X",-0.956433874705882
"1783",28,"STANDING","training data","tGravityAcc-std()-X",-0.990059426582279
"1784",28,"SITTING","training data","tGravityAcc-std()-X",-0.989132499583333
"1785",28,"LAYING","training data","tGravityAcc-std()-X",-0.970599089375
"1786",28,"WALKING","training data","tGravityAcc-std()-X",-0.976693902592593
"1787",28,"WALKING_DOWNSTAIRS","training data","tGravityAcc-std()-X",-0.956921542391304
"1788",28,"WALKING_UPSTAIRS","training data","tGravityAcc-std()-X",-0.944697800196078
"1789",29,"STANDING","training data","tGravityAcc-std()-X",-0.996764227384615
"1790",29,"SITTING","training data","tGravityAcc-std()-X",-0.984679151833333
"1791",29,"LAYING","training data","tGravityAcc-std()-X",-0.972939889855073
"1792",29,"WALKING","training data","tGravityAcc-std()-X",-0.978253538867925
"1793",29,"WALKING_DOWNSTAIRS","training data","tGravityAcc-std()-X",-0.9417361925
"1794",29,"WALKING_UPSTAIRS","training data","tGravityAcc-std()-X",-0.954189013061225
"1795",30,"STANDING","training data","tGravityAcc-std()-X",-0.996420919152542
"1796",30,"SITTING","training data","tGravityAcc-std()-X",-0.978364712258065
"1797",30,"LAYING","training data","tGravityAcc-std()-X",-0.979563942714286
"1798",30,"WALKING","training data","tGravityAcc-std()-X",-0.979752466923077
"1799",30,"WALKING_DOWNSTAIRS","training data","tGravityAcc-std()-X",-0.958890388709677
"1800",30,"WALKING_UPSTAIRS","training data","tGravityAcc-std()-X",-0.954033624307692
"1801",2,"STANDING","test data","tGravityAcc-std()-Y",-0.97419442037037
"1802",2,"SITTING","test data","tGravityAcc-std()-Y",-0.956750273043478
"1803",2,"LAYING","test data","tGravityAcc-std()-Y",-0.988211865208333
"1804",2,"WALKING","test data","tGravityAcc-std()-Y",-0.972116879661017
"1805",2,"WALKING_DOWNSTAIRS","test data","tGravityAcc-std()-Y",-0.940068525531915
"1806",2,"WALKING_UPSTAIRS","test data","tGravityAcc-std()-Y",-0.92376745375
"1807",4,"STANDING","test data","tGravityAcc-std()-Y",-0.917613464821429
"1808",4,"SITTING","test data","tGravityAcc-std()-Y",-0.93272710386
"1809",4,"LAYING","test data","tGravityAcc-std()-Y",-0.969816635740741
"1810",4,"WALKING","test data","tGravityAcc-std()-Y",-0.967963221
"1811",4,"WALKING_DOWNSTAIRS","test data","tGravityAcc-std()-Y",-0.932066041111111
"1812",4,"WALKING_UPSTAIRS","test data","tGravityAcc-std()-Y",-0.923376019038462
"1813",9,"STANDING","test data","tGravityAcc-std()-Y",-0.972573867555556
"1814",9,"SITTING","test data","tGravityAcc-std()-Y",-0.94645197
"1815",9,"LAYING","test data","tGravityAcc-std()-Y",-0.9699944882
"1816",9,"WALKING","test data","tGravityAcc-std()-Y",-0.971242423076923
"1817",9,"WALKING_DOWNSTAIRS","test data","tGravityAcc-std()-Y",-0.936306558809524
"1818",9,"WALKING_UPSTAIRS","test data","tGravityAcc-std()-Y",-0.901317321632653
"1819",10,"STANDING","test data","tGravityAcc-std()-Y",-0.975410724090909
"1820",10,"SITTING","test data","tGravityAcc-std()-Y",-0.935690006481481
"1821",10,"LAYING","test data","tGravityAcc-std()-Y",-0.966701156034483
"1822",10,"WALKING","test data","tGravityAcc-std()-Y",-0.971114719811321
"1823",10,"WALKING_DOWNSTAIRS","test data","tGravityAcc-std()-Y",-0.937003823684211
"1824",10,"WALKING_UPSTAIRS","test data","tGravityAcc-std()-Y",-0.937039417446809
"1825",12,"STANDING","test data","tGravityAcc-std()-Y",-0.970482614590164
"1826",12,"SITTING","test data","tGravityAcc-std()-Y",-0.963641979215686
"1827",12,"LAYING","test data","tGravityAcc-std()-Y",-0.974396492666667
"1828",12,"WALKING","test data","tGravityAcc-std()-Y",-0.9646191738
"1829",12,"WALKING_DOWNSTAIRS","test data","tGravityAcc-std()-Y",-0.94329842826087
"1830",12,"WALKING_UPSTAIRS","test data","tGravityAcc-std()-Y",-0.941378352307692
"1831",13,"STANDING","test data","tGravityAcc-std()-Y",-0.974681225789474
"1832",13,"SITTING","test data","tGravityAcc-std()-Y",-0.951353064693878
"1833",13,"LAYING","test data","tGravityAcc-std()-Y",-0.975948136290323
"1834",13,"WALKING","test data","tGravityAcc-std()-Y",-0.960899845614035
"1835",13,"WALKING_DOWNSTAIRS","test data","tGravityAcc-std()-Y",-0.92854437106383
"1836",13,"WALKING_UPSTAIRS","test data","tGravityAcc-std()-Y",-0.922054968727273
"1837",18,"STANDING","test data","tGravityAcc-std()-Y",-0.981335941917808
"1838",18,"SITTING","test data","tGravityAcc-std()-Y",-0.984035479473684
"1839",18,"LAYING","test data","tGravityAcc-std()-Y",-0.994093522615385
"1840",18,"WALKING","test data","tGravityAcc-std()-Y",-0.975311658928571
"1841",18,"WALKING_DOWNSTAIRS","test data","tGravityAcc-std()-Y",-0.932962218181818
"1842",18,"WALKING_UPSTAIRS","test data","tGravityAcc-std()-Y",-0.942056881206897
"1843",20,"STANDING","test data","tGravityAcc-std()-Y",-0.957462721369863
"1844",20,"SITTING","test data","tGravityAcc-std()-Y",-0.966983534242424
"1845",20,"LAYING","test data","tGravityAcc-std()-Y",-0.976018476911765
"1846",20,"WALKING","test data","tGravityAcc-std()-Y",-0.962003383529412
"1847",20,"WALKING_DOWNSTAIRS","test data","tGravityAcc-std()-Y",-0.908577153777778
"1848",20,"WALKING_UPSTAIRS","test data","tGravityAcc-std()-Y",-0.92459435372549
"1849",24,"STANDING","test data","tGravityAcc-std()-Y",-0.968155388695652
"1850",24,"SITTING","test data","tGravityAcc-std()-Y",-0.971692544705882
"1851",24,"LAYING","test data","tGravityAcc-std()-Y",-0.993454358055556
"1852",24,"WALKING","test data","tGravityAcc-std()-Y",-0.962578844310345
"1853",24,"WALKING_DOWNSTAIRS","test data","tGravityAcc-std()-Y",-0.941478979454546
"1854",24,"WALKING_UPSTAIRS","test data","tGravityAcc-std()-Y",-0.916690779830509
"1855",1,"STANDING","training data","tGravityAcc-std()-Y",-0.981225957924528
"1856",1,"SITTING","training data","tGravityAcc-std()-Y",-0.935517055957447
"1857",1,"LAYING","training data","tGravityAcc-std()-Y",-0.90772000676
"1858",1,"WALKING","training data","tGravityAcc-std()-Y",-0.971305961473684
"1859",1,"WALKING_DOWNSTAIRS","training data","tGravityAcc-std()-Y",-0.937018658979592
"1860",1,"WALKING_UPSTAIRS","training data","tGravityAcc-std()-Y",-0.952849233207547
"1861",3,"STANDING","training data","tGravityAcc-std()-Y",-0.957425321803279
"1862",3,"SITTING","training data","tGravityAcc-std()-Y",-0.903923008269231
"1863",3,"LAYING","training data","tGravityAcc-std()-Y",-0.981202749677419
"1864",3,"WALKING","training data","tGravityAcc-std()-Y",-0.962355639482759
"1865",3,"WALKING_DOWNSTAIRS","training data","tGravityAcc-std()-Y",-0.946094637755102
"1866",3,"WALKING_UPSTAIRS","training data","tGravityAcc-std()-Y",-0.909825953898305
"1867",5,"STANDING","training data","tGravityAcc-std()-Y",-0.931973943392857
"1868",5,"SITTING","training data","tGravityAcc-std()-Y",-0.939942979795454
"1869",5,"LAYING","training data","tGravityAcc-std()-Y",-0.985964053846154
"1870",5,"WALKING","training data","tGravityAcc-std()-Y",-0.961585474821429
"1871",5,"WALKING_DOWNSTAIRS","training data","tGravityAcc-std()-Y",-0.912363420851064
"1872",5,"WALKING_UPSTAIRS","training data","tGravityAcc-std()-Y",-0.900511719787234
"1873",6,"STANDING","training data","tGravityAcc-std()-Y",-0.96844910122807
"1874",6,"SITTING","training data","tGravityAcc-std()-Y",-0.960875994727273
"1875",6,"LAYING","training data","tGravityAcc-std()-Y",-0.959161956491228
"1876",6,"WALKING","training data","tGravityAcc-std()-Y",-0.964248568070175
"1877",6,"WALKING_DOWNSTAIRS","training data","tGravityAcc-std()-Y",-0.93357760125
"1878",6,"WALKING_UPSTAIRS","training data","tGravityAcc-std()-Y",-0.912900683137255
"1879",7,"STANDING","training data","tGravityAcc-std()-Y",-0.966162998679245
"1880",7,"SITTING","training data","tGravityAcc-std()-Y",-0.945436264583333
"1881",7,"LAYING","training data","tGravityAcc-std()-Y",-0.955543549230769
"1882",7,"WALKING","training data","tGravityAcc-std()-Y",-0.969404155087719
"1883",7,"WALKING_DOWNSTAIRS","training data","tGravityAcc-std()-Y",-0.952678693617021
"1884",7,"WALKING_UPSTAIRS","training data","tGravityAcc-std()-Y",-0.939774255490196
"1885",8,"STANDING","training data","tGravityAcc-std()-Y",-0.958904114074074
"1886",8,"SITTING","training data","tGravityAcc-std()-Y",-0.937462301369565
"1887",8,"LAYING","training data","tGravityAcc-std()-Y",-0.957990036481482
"1888",8,"WALKING","training data","tGravityAcc-std()-Y",-0.956781505625
"1889",8,"WALKING_DOWNSTAIRS","training data","tGravityAcc-std()-Y",-0.941580934473684
"1890",8,"WALKING_UPSTAIRS","training data","tGravityAcc-std()-Y",-0.931032068536585
"1891",11,"STANDING","training data","tGravityAcc-std()-Y",-0.981047828723404
"1892",11,"SITTING","training data","tGravityAcc-std()-Y",-0.949792572075472
"1893",11,"LAYING","training data","tGravityAcc-std()-Y",-0.990765579649123
"1894",11,"WALKING","training data","tGravityAcc-std()-Y",-0.966240553559322
"1895",11,"WALKING_DOWNSTAIRS","training data","tGravityAcc-std()-Y",-0.926310469565217
"1896",11,"WALKING_UPSTAIRS","training data","tGravityAcc-std()-Y",-0.924360832962963
"1897",14,"STANDING","training data","tGravityAcc-std()-Y",-0.965781048333333
"1898",14,"SITTING","training data","tGravityAcc-std()-Y",-0.95032266362963
"1899",14,"LAYING","training data","tGravityAcc-std()-Y",-0.94877486372549
"1900",14,"WALKING","training data","tGravityAcc-std()-Y",-0.954455935762712
"1901",14,"WALKING_DOWNSTAIRS","training data","tGravityAcc-std()-Y",-0.920725940666667
"1902",14,"WALKING_UPSTAIRS","training data","tGravityAcc-std()-Y",-0.907231431296296
"1903",15,"STANDING","training data","tGravityAcc-std()-Y",-0.965687978301887
"1904",15,"SITTING","training data","tGravityAcc-std()-Y",-0.943561411694915
"1905",15,"LAYING","training data","tGravityAcc-std()-Y",-0.986036192361111
"1906",15,"WALKING","training data","tGravityAcc-std()-Y",-0.971056501481481
"1907",15,"WALKING_DOWNSTAIRS","training data","tGravityAcc-std()-Y",-0.925685893571429
"1908",15,"WALKING_UPSTAIRS","training data","tGravityAcc-std()-Y",-0.927648821458333
"1909",16,"STANDING","training data","tGravityAcc-std()-Y",-0.980552435769231
"1910",16,"SITTING","training data","tGravityAcc-std()-Y",-0.968023206956522
"1911",16,"LAYING","training data","tGravityAcc-std()-Y",-0.966087103857143
"1912",16,"WALKING","training data","tGravityAcc-std()-Y",-0.973784841960784
"1913",16,"WALKING_DOWNSTAIRS","training data","tGravityAcc-std()-Y",-0.955487793617021
"1914",16,"WALKING_UPSTAIRS","training data","tGravityAcc-std()-Y",-0.933657461176471
"1915",17,"STANDING","training data","tGravityAcc-std()-Y",-0.975810476025641
"1916",17,"SITTING","training data","tGravityAcc-std()-Y",-0.9667201059375
"1917",17,"LAYING","training data","tGravityAcc-std()-Y",-0.961466681267606
"1918",17,"WALKING","training data","tGravityAcc-std()-Y",-0.968613202622951
"1919",17,"WALKING_DOWNSTAIRS","training data","tGravityAcc-std()-Y",-0.946576675652174
"1920",17,"WALKING_UPSTAIRS","training data","tGravityAcc-std()-Y",-0.91597346625
"1921",19,"STANDING","training data","tGravityAcc-std()-Y",-0.971426607808219
"1922",19,"SITTING","training data","tGravityAcc-std()-Y",-0.96996981369863
"1923",19,"LAYING","training data","tGravityAcc-std()-Y",-0.986993149638554
"1924",19,"WALKING","training data","tGravityAcc-std()-Y",-0.958651200384615
"1925",19,"WALKING_DOWNSTAIRS","training data","tGravityAcc-std()-Y",-0.917880864102564
"1926",19,"WALKING_UPSTAIRS","training data","tGravityAcc-std()-Y",-0.9010448505
"1927",21,"STANDING","training data","tGravityAcc-std()-Y",-0.977681415955056
"1928",21,"SITTING","training data","tGravityAcc-std()-Y",-0.979355363176471
"1929",21,"LAYING","training data","tGravityAcc-std()-Y",-0.983732936111111
"1930",21,"WALKING","training data","tGravityAcc-std()-Y",-0.964144520576923
"1931",21,"WALKING_DOWNSTAIRS","training data","tGravityAcc-std()-Y",-0.940111830666667
"1932",21,"WALKING_UPSTAIRS","training data","tGravityAcc-std()-Y",-0.941523624255319
"1933",22,"STANDING","training data","tGravityAcc-std()-Y",-0.971080742857143
"1934",22,"SITTING","training data","tGravityAcc-std()-Y",-0.954225015274194
"1935",22,"LAYING","training data","tGravityAcc-std()-Y",-0.958826938556944
"1936",22,"WALKING","training data","tGravityAcc-std()-Y",-0.963639340217391
"1937",22,"WALKING_DOWNSTAIRS","training data","tGravityAcc-std()-Y",-0.945824352777778
"1938",22,"WALKING_UPSTAIRS","training data","tGravityAcc-std()-Y",-0.941620221904762
"1939",23,"STANDING","training data","tGravityAcc-std()-Y",-0.984818648823529
"1940",23,"SITTING","training data","tGravityAcc-std()-Y",-0.960917426323529
"1941",23,"LAYING","training data","tGravityAcc-std()-Y",-0.982794562916667
"1942",23,"WALKING","training data","tGravityAcc-std()-Y",-0.966550706949153
"1943",23,"WALKING_DOWNSTAIRS","training data","tGravityAcc-std()-Y",-0.93901254962963
"1944",23,"WALKING_UPSTAIRS","training data","tGravityAcc-std()-Y",-0.910474557058824
"1945",25,"STANDING","training data","tGravityAcc-std()-Y",-0.980642970675676
"1946",25,"SITTING","training data","tGravityAcc-std()-Y",-0.963415016923077
"1947",25,"LAYING","training data","tGravityAcc-std()-Y",-0.643578361424658
"1948",25,"WALKING","training data","tGravityAcc-std()-Y",-0.965093441081081
"1949",25,"WALKING_DOWNSTAIRS","training data","tGravityAcc-std()-Y",-0.937816011034483
"1950",25,"WALKING_UPSTAIRS","training data","tGravityAcc-std()-Y",-0.931758272769231
"1951",26,"STANDING","training data","tGravityAcc-std()-Y",-0.966986433783784
"1952",26,"SITTING","training data","tGravityAcc-std()-Y",-0.949286700807692
"1953",26,"LAYING","training data","tGravityAcc-std()-Y",-0.987887995263158
"1954",26,"WALKING","training data","tGravityAcc-std()-Y",-0.969040314237288
"1955",26,"WALKING_DOWNSTAIRS","training data","tGravityAcc-std()-Y",-0.9354258554
"1956",26,"WALKING_UPSTAIRS","training data","tGravityAcc-std()-Y",-0.937858157818182
"1957",27,"STANDING","training data","tGravityAcc-std()-Y",-0.97964105225
"1958",27,"SITTING","training data","tGravityAcc-std()-Y",-0.982553336571429
"1959",27,"LAYING","training data","tGravityAcc-std()-Y",-0.993701742972973
"1960",27,"WALKING","training data","tGravityAcc-std()-Y",-0.973792999824561
"1961",27,"WALKING_DOWNSTAIRS","training data","tGravityAcc-std()-Y",-0.934963993181818
"1962",27,"WALKING_UPSTAIRS","training data","tGravityAcc-std()-Y",-0.947713378627451
"1963",28,"STANDING","training data","tGravityAcc-std()-Y",-0.962801441898734
"1964",28,"SITTING","training data","tGravityAcc-std()-Y",-0.971766352361111
"1965",28,"LAYING","training data","tGravityAcc-std()-Y",-0.9697590285
"1966",28,"WALKING","training data","tGravityAcc-std()-Y",-0.968780859814815
"1967",28,"WALKING_DOWNSTAIRS","training data","tGravityAcc-std()-Y",-0.948404212173913
"1968",28,"WALKING_UPSTAIRS","training data","tGravityAcc-std()-Y",-0.927641087843137
"1969",29,"STANDING","training data","tGravityAcc-std()-Y",-0.985134032307692
"1970",29,"SITTING","training data","tGravityAcc-std()-Y",-0.973604289833333
"1971",29,"LAYING","training data","tGravityAcc-std()-Y",-0.99424764884058
"1972",29,"WALKING","training data","tGravityAcc-std()-Y",-0.975272848113208
"1973",29,"WALKING_DOWNSTAIRS","training data","tGravityAcc-std()-Y",-0.91390306375
"1974",29,"WALKING_UPSTAIRS","training data","tGravityAcc-std()-Y",-0.923007798367347
"1975",30,"STANDING","training data","tGravityAcc-std()-Y",-0.95814576338983
"1976",30,"SITTING","training data","tGravityAcc-std()-Y",-0.959361306774194
"1977",30,"LAYING","training data","tGravityAcc-std()-Y",-0.988930714857143
"1978",30,"WALKING","training data","tGravityAcc-std()-Y",-0.970176562153846
"1979",30,"WALKING_DOWNSTAIRS","training data","tGravityAcc-std()-Y",-0.918678752419355
"1980",30,"WALKING_UPSTAIRS","training data","tGravityAcc-std()-Y",-0.914933936
"1981",2,"STANDING","test data","tGravityAcc-std()-Z",-0.945927078703704
"1982",2,"SITTING","test data","tGravityAcc-std()-Z",-0.954415873043478
"1983",2,"LAYING","test data","tGravityAcc-std()-Z",-0.984230418125
"1984",2,"WALKING","test data","tGravityAcc-std()-Z",-0.972072847627119
"1985",2,"WALKING_DOWNSTAIRS","test data","tGravityAcc-std()-Z",-0.931438313191489
"1986",2,"WALKING_UPSTAIRS","test data","tGravityAcc-std()-Z",-0.878004056875
"1987",4,"STANDING","test data","tGravityAcc-std()-Z",-0.899404775267857
"1988",4,"SITTING","test data","tGravityAcc-std()-Z",-0.9509492546
"1989",4,"LAYING","test data","tGravityAcc-std()-Z",-0.976176608888889
"1990",4,"WALKING","test data","tGravityAcc-std()-Z",-0.962968112
"1991",4,"WALKING_DOWNSTAIRS","test data","tGravityAcc-std()-Z",-0.937753794444444
"1992",4,"WALKING_UPSTAIRS","test data","tGravityAcc-std()-Z",-0.919619453269231
"1993",9,"STANDING","test data","tGravityAcc-std()-Z",-0.932245295111111
"1994",9,"SITTING","test data","tGravityAcc-std()-Z",-0.88585411242
"1995",9,"LAYING","test data","tGravityAcc-std()-Z",-0.9712046902
"1996",9,"WALKING","test data","tGravityAcc-std()-Z",-0.955523995576923
"1997",9,"WALKING_DOWNSTAIRS","test data","tGravityAcc-std()-Z",-0.876641297380952
"1998",9,"WALKING_UPSTAIRS","test data","tGravityAcc-std()-Z",-0.89407107877551
"1999",10,"STANDING","test data","tGravityAcc-std()-Z",-0.959579657727273
"2000",10,"SITTING","test data","tGravityAcc-std()-Z",-0.966898520555556
"2001",10,"LAYING","test data","tGravityAcc-std()-Z",-0.963045642431035
"2002",10,"WALKING","test data","tGravityAcc-std()-Z",-0.957862728301887
"2003",10,"WALKING_DOWNSTAIRS","test data","tGravityAcc-std()-Z",-0.902085224736842
"2004",10,"WALKING_UPSTAIRS","test data","tGravityAcc-std()-Z",-0.864745838297872
"2005",12,"STANDING","test data","tGravityAcc-std()-Z",-0.939534099016393
"2006",12,"SITTING","test data","tGravityAcc-std()-Z",-0.956208629607843
"2007",12,"LAYING","test data","tGravityAcc-std()-Z",-0.9596439555
"2008",12,"WALKING","test data","tGravityAcc-std()-Z",-0.9502762272
"2009",12,"WALKING_DOWNSTAIRS","test data","tGravityAcc-std()-Z",-0.935399348043478
"2010",12,"WALKING_UPSTAIRS","test data","tGravityAcc-std()-Z",-0.938071183269231
"2011",13,"STANDING","test data","tGravityAcc-std()-Z",-0.976827157368421
"2012",13,"SITTING","test data","tGravityAcc-std()-Z",-0.930979556938776
"2013",13,"LAYING","test data","tGravityAcc-std()-Z",-0.959892863709677
"2014",13,"WALKING","test data","tGravityAcc-std()-Z",-0.948637587719298
"2015",13,"WALKING_DOWNSTAIRS","test data","tGravityAcc-std()-Z",-0.893962984042553
"2016",13,"WALKING_UPSTAIRS","test data","tGravityAcc-std()-Z",-0.910271096181818
"2017",18,"STANDING","test data","tGravityAcc-std()-Z",-0.976044291369863
"2018",18,"SITTING","test data","tGravityAcc-std()-Z",-0.978340183157895
"2019",18,"LAYING","test data","tGravityAcc-std()-Z",-0.990957249538462
"2020",18,"WALKING","test data","tGravityAcc-std()-Z",-0.97248384875
"2021",18,"WALKING_DOWNSTAIRS","test data","tGravityAcc-std()-Z",-0.921661749636364
"2022",18,"WALKING_UPSTAIRS","test data","tGravityAcc-std()-Z",-0.907839723965517
"2023",20,"STANDING","test data","tGravityAcc-std()-Z",-0.942437325616438
"2024",20,"SITTING","test data","tGravityAcc-std()-Z",-0.935854966151515
"2025",20,"LAYING","test data","tGravityAcc-std()-Z",-0.9765185525
"2026",20,"WALKING","test data","tGravityAcc-std()-Z",-0.953850439607843
"2027",20,"WALKING_DOWNSTAIRS","test data","tGravityAcc-std()-Z",-0.919693532888889
"2028",20,"WALKING_UPSTAIRS","test data","tGravityAcc-std()-Z",-0.904064093529412
"2029",24,"STANDING","test data","tGravityAcc-std()-Z",-0.94618494942029
"2030",24,"SITTING","test data","tGravityAcc-std()-Z",-0.963406795735294
"2031",24,"LAYING","test data","tGravityAcc-std()-Z",-0.979239668194444
"2032",24,"WALKING","test data","tGravityAcc-std()-Z",-0.962822966551724
"2033",24,"WALKING_DOWNSTAIRS","test data","tGravityAcc-std()-Z",-0.942207718727273
"2034",24,"WALKING_UPSTAIRS","test data","tGravityAcc-std()-Z",-0.934952938983051
"2035",1,"STANDING","training data","tGravityAcc-std()-Z",-0.976324063584906
"2036",1,"SITTING","training data","tGravityAcc-std()-Z",-0.949040933191489
"2037",1,"LAYING","training data","tGravityAcc-std()-Z",-0.85236629022
"2038",1,"WALKING","training data","tGravityAcc-std()-Z",-0.947717226105263
"2039",1,"WALKING_DOWNSTAIRS","training data","tGravityAcc-std()-Z",-0.895939695102041
"2040",1,"WALKING_UPSTAIRS","training data","tGravityAcc-std()-Z",-0.912379410377358
"2041",3,"STANDING","training data","tGravityAcc-std()-Z",-0.928161577377049
"2042",3,"SITTING","training data","tGravityAcc-std()-Z",-0.897736318269231
"2043",3,"LAYING","training data","tGravityAcc-std()-Z",-0.964807543870968
"2044",3,"WALKING","training data","tGravityAcc-std()-Z",-0.952091795
"2045",3,"WALKING_DOWNSTAIRS","training data","tGravityAcc-std()-Z",-0.899943947755102
"2046",3,"WALKING_UPSTAIRS","training data","tGravityAcc-std()-Z",-0.909469675084746
"2047",5,"STANDING","training data","tGravityAcc-std()-Z",-0.914608495714286
"2048",5,"SITTING","training data","tGravityAcc-std()-Z",-0.945008999545455
"2049",5,"LAYING","training data","tGravityAcc-std()-Z",-0.977076645
"2050",5,"WALKING","training data","tGravityAcc-std()-Z",-0.964580803928571
"2051",5,"WALKING_DOWNSTAIRS","training data","tGravityAcc-std()-Z",-0.927192732978723
"2052",5,"WALKING_UPSTAIRS","training data","tGravityAcc-std()-Z",-0.92141958
"2053",6,"STANDING","training data","tGravityAcc-std()-Z",-0.942795062280702
"2054",6,"SITTING","training data","tGravityAcc-std()-Z",-0.955475832363636
"2055",6,"LAYING","training data","tGravityAcc-std()-Z",-0.928130738421053
"2056",6,"WALKING","training data","tGravityAcc-std()-Z",-0.957205025789474
"2057",6,"WALKING_DOWNSTAIRS","training data","tGravityAcc-std()-Z",-0.934378766458333
"2058",6,"WALKING_UPSTAIRS","training data","tGravityAcc-std()-Z",-0.906196352156863
"2059",7,"STANDING","training data","tGravityAcc-std()-Z",-0.939161014716981
"2060",7,"SITTING","training data","tGravityAcc-std()-Z",-0.868602535416667
"2061",7,"LAYING","training data","tGravityAcc-std()-Z",-0.961908984423077
"2062",7,"WALKING","training data","tGravityAcc-std()-Z",-0.952159770526316
"2063",7,"WALKING_DOWNSTAIRS","training data","tGravityAcc-std()-Z",-0.92875646893617
"2064",7,"WALKING_UPSTAIRS","training data","tGravityAcc-std()-Z",-0.881675909607843
"2065",8,"STANDING","training data","tGravityAcc-std()-Z",-0.918293913703704
"2066",8,"SITTING","training data","tGravityAcc-std()-Z",-0.935475331521739
"2067",8,"LAYING","training data","tGravityAcc-std()-Z",-0.94183626337037
"2068",8,"WALKING","training data","tGravityAcc-std()-Z",-0.956640104791667
"2069",8,"WALKING_DOWNSTAIRS","training data","tGravityAcc-std()-Z",-0.897190012631579
"2070",8,"WALKING_UPSTAIRS","training data","tGravityAcc-std()-Z",-0.876168930487805
"2071",11,"STANDING","training data","tGravityAcc-std()-Z",-0.989433253617021
"2072",11,"SITTING","training data","tGravityAcc-std()-Z",-0.971661610754717
"2073",11,"LAYING","training data","tGravityAcc-std()-Z",-0.984192606315789
"2074",11,"WALKING","training data","tGravityAcc-std()-Z",-0.960852684067797
"2075",11,"WALKING_DOWNSTAIRS","training data","tGravityAcc-std()-Z",-0.925814906086956
"2076",11,"WALKING_UPSTAIRS","training data","tGravityAcc-std()-Z",-0.906933171111111
"2077",14,"STANDING","training data","tGravityAcc-std()-Z",-0.940757718
"2078",14,"SITTING","training data","tGravityAcc-std()-Z",-0.938415738148148
"2079",14,"LAYING","training data","tGravityAcc-std()-Z",-0.90130385627451
"2080",14,"WALKING","training data","tGravityAcc-std()-Z",-0.947516969830508
"2081",14,"WALKING_DOWNSTAIRS","training data","tGravityAcc-std()-Z",-0.879565316666667
"2082",14,"WALKING_UPSTAIRS","training data","tGravityAcc-std()-Z",-0.875450819074074
"2083",15,"STANDING","training data","tGravityAcc-std()-Z",-0.958810153207547
"2084",15,"SITTING","training data","tGravityAcc-std()-Z",-0.952973658983051
"2085",15,"LAYING","training data","tGravityAcc-std()-Z",-0.950710357083333
"2086",15,"WALKING","training data","tGravityAcc-std()-Z",-0.95805876537037
"2087",15,"WALKING_DOWNSTAIRS","training data","tGravityAcc-std()-Z",-0.93400831
"2088",15,"WALKING_UPSTAIRS","training data","tGravityAcc-std()-Z",-0.92161847875
"2089",16,"STANDING","training data","tGravityAcc-std()-Z",-0.959562830769231
"2090",16,"SITTING","training data","tGravityAcc-std()-Z",-0.945813561478261
"2091",16,"LAYING","training data","tGravityAcc-std()-Z",-0.967886002
"2092",16,"WALKING","training data","tGravityAcc-std()-Z",-0.961387254313726
"2093",16,"WALKING_DOWNSTAIRS","training data","tGravityAcc-std()-Z",-0.910588943191489
"2094",16,"WALKING_UPSTAIRS","training data","tGravityAcc-std()-Z",-0.907649558823529
"2095",17,"STANDING","training data","tGravityAcc-std()-Z",-0.969171762179487
"2096",17,"SITTING","training data","tGravityAcc-std()-Z",-0.9566106440625
"2097",17,"LAYING","training data","tGravityAcc-std()-Z",-0.957164565211268
"2098",17,"WALKING","training data","tGravityAcc-std()-Z",-0.956903248196721
"2099",17,"WALKING_DOWNSTAIRS","training data","tGravityAcc-std()-Z",-0.901097766521739
"2100",17,"WALKING_UPSTAIRS","training data","tGravityAcc-std()-Z",-0.930159843541667
"2101",19,"STANDING","training data","tGravityAcc-std()-Z",-0.958862043972603
"2102",19,"SITTING","training data","tGravityAcc-std()-Z",-0.960394960821918
"2103",19,"LAYING","training data","tGravityAcc-std()-Z",-0.988819031566265
"2104",19,"WALKING","training data","tGravityAcc-std()-Z",-0.929187930961539
"2105",19,"WALKING_DOWNSTAIRS","training data","tGravityAcc-std()-Z",-0.899363131794872
"2106",19,"WALKING_UPSTAIRS","training data","tGravityAcc-std()-Z",-0.83693567475
"2107",21,"STANDING","training data","tGravityAcc-std()-Z",-0.958590002247191
"2108",21,"SITTING","training data","tGravityAcc-std()-Z",-0.965426493882353
"2109",21,"LAYING","training data","tGravityAcc-std()-Z",-0.952416332444444
"2110",21,"WALKING","training data","tGravityAcc-std()-Z",-0.974939388076923
"2111",21,"WALKING_DOWNSTAIRS","training data","tGravityAcc-std()-Z",-0.916324556888889
"2112",21,"WALKING_UPSTAIRS","training data","tGravityAcc-std()-Z",-0.932716253829787
"2113",22,"STANDING","training data","tGravityAcc-std()-Z",-0.958890201587302
"2114",22,"SITTING","training data","tGravityAcc-std()-Z",-0.927950649854839
"2115",22,"LAYING","training data","tGravityAcc-std()-Z",-0.952435389166667
"2116",22,"WALKING","training data","tGravityAcc-std()-Z",-0.955147847391304
"2117",22,"WALKING_DOWNSTAIRS","training data","tGravityAcc-std()-Z",-0.906594023333333
"2118",22,"WALKING_UPSTAIRS","training data","tGravityAcc-std()-Z",-0.913153632142857
"2119",23,"STANDING","training data","tGravityAcc-std()-Z",-0.947199734411765
"2120",23,"SITTING","training data","tGravityAcc-std()-Z",-0.923953600294118
"2121",23,"LAYING","training data","tGravityAcc-std()-Z",-0.976780462083333
"2122",23,"WALKING","training data","tGravityAcc-std()-Z",-0.932981341864407
"2123",23,"WALKING_DOWNSTAIRS","training data","tGravityAcc-std()-Z",-0.905888257592593
"2124",23,"WALKING_UPSTAIRS","training data","tGravityAcc-std()-Z",-0.902065910392157
"2125",25,"STANDING","training data","tGravityAcc-std()-Z",-0.967792578648649
"2126",25,"SITTING","training data","tGravityAcc-std()-Z",-0.969459982461538
"2127",25,"LAYING","training data","tGravityAcc-std()-Z",-0.610161166287671
"2128",25,"WALKING","training data","tGravityAcc-std()-Z",-0.944995731216216
"2129",25,"WALKING_DOWNSTAIRS","training data","tGravityAcc-std()-Z",-0.92619169637931
"2130",25,"WALKING_UPSTAIRS","training data","tGravityAcc-std()-Z",-0.882722399076923
"2131",26,"STANDING","training data","tGravityAcc-std()-Z",-0.964228470675676
"2132",26,"SITTING","training data","tGravityAcc-std()-Z",-0.944580863846154
"2133",26,"LAYING","training data","tGravityAcc-std()-Z",-0.984081708947368
"2134",26,"WALKING","training data","tGravityAcc-std()-Z",-0.966231561694915
"2135",26,"WALKING_DOWNSTAIRS","training data","tGravityAcc-std()-Z",-0.9330817682
"2136",26,"WALKING_UPSTAIRS","training data","tGravityAcc-std()-Z",-0.929636797636364
"2137",27,"STANDING","training data","tGravityAcc-std()-Z",-0.968169953625
"2138",27,"SITTING","training data","tGravityAcc-std()-Z",-0.967268066
"2139",27,"LAYING","training data","tGravityAcc-std()-Z",-0.989056311351351
"2140",27,"WALKING","training data","tGravityAcc-std()-Z",-0.956593490526316
"2141",27,"WALKING_DOWNSTAIRS","training data","tGravityAcc-std()-Z",-0.920921521590909
"2142",27,"WALKING_UPSTAIRS","training data","tGravityAcc-std()-Z",-0.926675381176471
"2143",28,"STANDING","training data","tGravityAcc-std()-Z",-0.951782181518987
"2144",28,"SITTING","training data","tGravityAcc-std()-Z",-0.956087679583333
"2145",28,"LAYING","training data","tGravityAcc-std()-Z",-0.97912466575
"2146",28,"WALKING","training data","tGravityAcc-std()-Z",-0.944225031851852
"2147",28,"WALKING_DOWNSTAIRS","training data","tGravityAcc-std()-Z",-0.91705975
"2148",28,"WALKING_UPSTAIRS","training data","tGravityAcc-std()-Z",-0.900514013333333
"2149",29,"STANDING","training data","tGravityAcc-std()-Z",-0.984464543538462
"2150",29,"SITTING","training data","tGravityAcc-std()-Z",-0.966032045333333
"2151",29,"LAYING","training data","tGravityAcc-std()-Z",-0.98577817826087
"2152",29,"WALKING","training data","tGravityAcc-std()-Z",-0.945981437169811
"2153",29,"WALKING_DOWNSTAIRS","training data","tGravityAcc-std()-Z",-0.869300904791667
"2154",29,"WALKING_UPSTAIRS","training data","tGravityAcc-std()-Z",-0.858849467142857
"2155",30,"STANDING","training data","tGravityAcc-std()-Z",-0.949207368305085
"2156",30,"SITTING","training data","tGravityAcc-std()-Z",-0.956635663064516
"2157",30,"LAYING","training data","tGravityAcc-std()-Z",-0.983274524857143
"2158",30,"WALKING","training data","tGravityAcc-std()-Z",-0.943958420615385
"2159",30,"WALKING_DOWNSTAIRS","training data","tGravityAcc-std()-Z",-0.87766706
"2160",30,"WALKING_UPSTAIRS","training data","tGravityAcc-std()-Z",-0.862402791230769
"2161",2,"STANDING","test data","tBodyAccJerk-mean()-X",0.0747588597592593
"2162",2,"SITTING","test data","tBodyAccJerk-mean()-X",0.0722564387173913
"2163",2,"LAYING","test data","tBodyAccJerk-mean()-X",0.0825972511666667
"2164",2,"WALKING","test data","tBodyAccJerk-mean()-X",0.0618080696279661
"2165",2,"WALKING_DOWNSTAIRS","test data","tBodyAccJerk-mean()-X",0.110040615569574
"2166",2,"WALKING_UPSTAIRS","test data","tBodyAccJerk-mean()-X",0.0744507839572917
"2167",4,"STANDING","test data","tBodyAccJerk-mean()-X",0.0721328379857143
"2168",4,"SITTING","test data","tBodyAccJerk-mean()-X",0.0784500239
"2169",4,"LAYING","test data","tBodyAccJerk-mean()-X",0.0934494217777778
"2170",4,"WALKING","test data","tBodyAccJerk-mean()-X",0.0783529082183333
"2171",4,"WALKING_DOWNSTAIRS","test data","tBodyAccJerk-mean()-X",0.0971862748866667
"2172",4,"WALKING_UPSTAIRS","test data","tBodyAccJerk-mean()-X",0.0560971909634615
"2173",9,"STANDING","test data","tBodyAccJerk-mean()-X",0.0760032053555556
"2174",9,"SITTING","test data","tBodyAccJerk-mean()-X",0.077005006374
"2175",9,"LAYING","test data","tBodyAccJerk-mean()-X",0.08807344764
"2176",9,"WALKING","test data","tBodyAccJerk-mean()-X",0.0704357270480769
"2177",9,"WALKING_DOWNSTAIRS","test data","tBodyAccJerk-mean()-X",0.130193043809524
"2178",9,"WALKING_UPSTAIRS","test data","tBodyAccJerk-mean()-X",0.0692266245755102
"2179",10,"STANDING","test data","tBodyAccJerk-mean()-X",0.0809784390227273
"2180",10,"SITTING","test data","tBodyAccJerk-mean()-X",0.0775372505185185
"2181",10,"LAYING","test data","tBodyAccJerk-mean()-X",0.073815064487931
"2182",10,"WALKING","test data","tBodyAccJerk-mean()-X",0.0857943809283019
"2183",10,"WALKING_DOWNSTAIRS","test data","tBodyAccJerk-mean()-X",0.100959387447368
"2184",10,"WALKING_UPSTAIRS","test data","tBodyAccJerk-mean()-X",0.0648829303510638
"2185",12,"STANDING","test data","tBodyAccJerk-mean()-X",0.0744631761967213
"2186",12,"SITTING","test data","tBodyAccJerk-mean()-X",0.0771277656078431
"2187",12,"LAYING","test data","tBodyAccJerk-mean()-X",0.0854295393833333
"2188",12,"WALKING","test data","tBodyAccJerk-mean()-X",0.045764401482
"2189",12,"WALKING_DOWNSTAIRS","test data","tBodyAccJerk-mean()-X",0.0621500251717391
"2190",12,"WALKING_UPSTAIRS","test data","tBodyAccJerk-mean()-X",0.0728660813846154
"2191",13,"STANDING","test data","tBodyAccJerk-mean()-X",0.0758630962280702
"2192",13,"SITTING","test data","tBodyAccJerk-mean()-X",0.0752865881142857
"2193",13,"LAYING","test data","tBodyAccJerk-mean()-X",0.0767774832096774
"2194",13,"WALKING","test data","tBodyAccJerk-mean()-X",0.0809590227198246
"2195",13,"WALKING_DOWNSTAIRS","test data","tBodyAccJerk-mean()-X",0.101704538333298
"2196",13,"WALKING_UPSTAIRS","test data","tBodyAccJerk-mean()-X",0.0692442067545455
"2197",18,"STANDING","test data","tBodyAccJerk-mean()-X",0.0753539482328767
"2198",18,"SITTING","test data","tBodyAccJerk-mean()-X",0.076622889
"2199",18,"LAYING","test data","tBodyAccJerk-mean()-X",0.0749985010769231
"2200",18,"WALKING","test data","tBodyAccJerk-mean()-X",0.0767524278392857
"2201",18,"WALKING_DOWNSTAIRS","test data","tBodyAccJerk-mean()-X",0.0809044045254545
"2202",18,"WALKING_UPSTAIRS","test data","tBodyAccJerk-mean()-X",0.0812402028517241
"2203",20,"STANDING","test data","tBodyAccJerk-mean()-X",0.0763556159315068
"2204",20,"SITTING","test data","tBodyAccJerk-mean()-X",0.0746568393030303
"2205",20,"LAYING","test data","tBodyAccJerk-mean()-X",0.0892716006470588
"2206",20,"WALKING","test data","tBodyAccJerk-mean()-X",0.0841234323137255
"2207",20,"WALKING_DOWNSTAIRS","test data","tBodyAccJerk-mean()-X",0.0695031058
"2208",20,"WALKING_UPSTAIRS","test data","tBodyAccJerk-mean()-X",0.0836451256901961
"2209",24,"STANDING","test data","tBodyAccJerk-mean()-X",0.0746177416521739
"2210",24,"SITTING","test data","tBodyAccJerk-mean()-X",0.0763318528529412
"2211",24,"LAYING","test data","tBodyAccJerk-mean()-X",0.08072123275
"2212",24,"WALKING","test data","tBodyAccJerk-mean()-X",0.0731938975362069
"2213",24,"WALKING_DOWNSTAIRS","test data","tBodyAccJerk-mean()-X",0.0802619828545455
"2214",24,"WALKING_UPSTAIRS","test data","tBodyAccJerk-mean()-X",0.0862310100338983
"2215",1,"STANDING","training data","tBodyAccJerk-mean()-X",0.0753766542264151
"2216",1,"SITTING","training data","tBodyAccJerk-mean()-X",0.0774825199574468
"2217",1,"LAYING","training data","tBodyAccJerk-mean()-X",0.0810865342
"2218",1,"WALKING","training data","tBodyAccJerk-mean()-X",0.0740416333157895
"2219",1,"WALKING_DOWNSTAIRS","training data","tBodyAccJerk-mean()-X",0.0541553164897959
"2220",1,"WALKING_UPSTAIRS","training data","tBodyAccJerk-mean()-X",0.101372729922642
"2221",3,"STANDING","training data","tBodyAccJerk-mean()-X",0.0750900622277049
"2222",3,"SITTING","training data","tBodyAccJerk-mean()-X",0.0726098418653846
"2223",3,"LAYING","training data","tBodyAccJerk-mean()-X",0.0769811125806452
"2224",3,"WALKING","training data","tBodyAccJerk-mean()-X",0.0814745882660345
"2225",3,"WALKING_DOWNSTAIRS","training data","tBodyAccJerk-mean()-X",0.0725689294489796
"2226",3,"WALKING_UPSTAIRS","training data","tBodyAccJerk-mean()-X",0.0426880986186441
"2227",5,"STANDING","training data","tBodyAccJerk-mean()-X",0.0725189859107143
"2228",5,"SITTING","training data","tBodyAccJerk-mean()-X",0.0749577410909091
"2229",5,"LAYING","training data","tBodyAccJerk-mean()-X",0.0848164824230769
"2230",5,"WALKING","training data","tBodyAccJerk-mean()-X",0.0845888833571429
"2231",5,"WALKING_DOWNSTAIRS","training data","tBodyAccJerk-mean()-X",0.109650600459574
"2232",5,"WALKING_UPSTAIRS","training data","tBodyAccJerk-mean()-X",0.0795443483829787
"2233",6,"STANDING","training data","tBodyAccJerk-mean()-X",0.0730699604561404
"2234",6,"SITTING","training data","tBodyAccJerk-mean()-X",0.0754721635223636
"2235",6,"LAYING","training data","tBodyAccJerk-mean()-X",0.0963481955263158
"2236",6,"WALKING","training data","tBodyAccJerk-mean()-X",0.0699585876912281
"2237",6,"WALKING_DOWNSTAIRS","training data","tBodyAccJerk-mean()-X",0.103681343708333
"2238",6,"WALKING_UPSTAIRS","training data","tBodyAccJerk-mean()-X",0.07210675
"2239",7,"STANDING","training data","tBodyAccJerk-mean()-X",0.0751915112830189
"2240",7,"SITTING","training data","tBodyAccJerk-mean()-X",0.0668519793125
"2241",7,"LAYING","training data","tBodyAccJerk-mean()-X",0.0968904018076923
"2242",7,"WALKING","training data","tBodyAccJerk-mean()-X",0.0901462649192983
"2243",7,"WALKING_DOWNSTAIRS","training data","tBodyAccJerk-mean()-X",0.0968926184638298
"2244",7,"WALKING_UPSTAIRS","training data","tBodyAccJerk-mean()-X",0.0724649938509804
"2245",8,"STANDING","training data","tBodyAccJerk-mean()-X",0.0753739045185185
"2246",8,"SITTING","training data","tBodyAccJerk-mean()-X",0.0786713761086957
"2247",8,"LAYING","training data","tBodyAccJerk-mean()-X",0.0878326902592593
"2248",8,"WALKING","training data","tBodyAccJerk-mean()-X",0.0703393490833333
"2249",8,"WALKING_DOWNSTAIRS","training data","tBodyAccJerk-mean()-X",0.118938088342105
"2250",8,"WALKING_UPSTAIRS","training data","tBodyAccJerk-mean()-X",0.0813816809395122
"2251",11,"STANDING","training data","tBodyAccJerk-mean()-X",0.0760097721914894
"2252",11,"SITTING","training data","tBodyAccJerk-mean()-X",0.0761777324716981
"2253",11,"LAYING","training data","tBodyAccJerk-mean()-X",0.0766645337017544
"2254",11,"WALKING","training data","tBodyAccJerk-mean()-X",0.0829709328491525
"2255",11,"WALKING_DOWNSTAIRS","training data","tBodyAccJerk-mean()-X",0.0897168657173913
"2256",11,"WALKING_UPSTAIRS","training data","tBodyAccJerk-mean()-X",0.0968561683092593
"2257",14,"STANDING","training data","tBodyAccJerk-mean()-X",0.0737933748485
"2258",14,"SITTING","training data","tBodyAccJerk-mean()-X",0.0741878844074074
"2259",14,"LAYING","training data","tBodyAccJerk-mean()-X",0.098140384845098
"2260",14,"WALKING","training data","tBodyAccJerk-mean()-X",0.0720877913452542
"2261",14,"WALKING_DOWNSTAIRS","training data","tBodyAccJerk-mean()-X",0.0428631626711111
"2262",14,"WALKING_UPSTAIRS","training data","tBodyAccJerk-mean()-X",0.0803303022222222
"2263",15,"STANDING","training data","tBodyAccJerk-mean()-X",0.0752280703207547
"2264",15,"SITTING","training data","tBodyAccJerk-mean()-X",0.0784792788644068
"2265",15,"LAYING","training data","tBodyAccJerk-mean()-X",0.0767515438611111
"2266",15,"WALKING","training data","tBodyAccJerk-mean()-X",0.0897770721666667
"2267",15,"WALKING_DOWNSTAIRS","training data","tBodyAccJerk-mean()-X",0.0711457160166667
"2268",15,"WALKING_UPSTAIRS","training data","tBodyAccJerk-mean()-X",0.07297243298125
"2269",16,"STANDING","training data","tBodyAccJerk-mean()-X",0.0736438905641026
"2270",16,"SITTING","training data","tBodyAccJerk-mean()-X",0.0734346720289855
"2271",16,"LAYING","training data","tBodyAccJerk-mean()-X",0.0783960268571429
"2272",16,"WALKING","training data","tBodyAccJerk-mean()-X",0.0770223771764706
"2273",16,"WALKING_DOWNSTAIRS","training data","tBodyAccJerk-mean()-X",0.0907857064255319
"2274",16,"WALKING_UPSTAIRS","training data","tBodyAccJerk-mean()-X",0.0762526677
"2275",17,"STANDING","training data","tBodyAccJerk-mean()-X",0.0740864955641026
"2276",17,"SITTING","training data","tBodyAccJerk-mean()-X",0.075070986171875
"2277",17,"LAYING","training data","tBodyAccJerk-mean()-X",0.077908974656338
"2278",17,"WALKING","training data","tBodyAccJerk-mean()-X",0.0773188580032787
"2279",17,"WALKING_DOWNSTAIRS","training data","tBodyAccJerk-mean()-X",0.118250858006522
"2280",17,"WALKING_UPSTAIRS","training data","tBodyAccJerk-mean()-X",0.07680441704375
"2281",19,"STANDING","training data","tBodyAccJerk-mean()-X",0.0754120366712329
"2282",19,"SITTING","training data","tBodyAccJerk-mean()-X",0.0753747129191781
"2283",19,"LAYING","training data","tBodyAccJerk-mean()-X",0.0772317998650602
"2284",19,"WALKING","training data","tBodyAccJerk-mean()-X",0.0822246284461538
"2285",19,"WALKING_DOWNSTAIRS","training data","tBodyAccJerk-mean()-X",0.0730930306923077
"2286",19,"WALKING_UPSTAIRS","training data","tBodyAccJerk-mean()-X",0.08315450836225
"2287",21,"STANDING","training data","tBodyAccJerk-mean()-X",0.0754543858764045
"2288",21,"SITTING","training data","tBodyAccJerk-mean()-X",0.0757109789882353
"2289",21,"LAYING","training data","tBodyAccJerk-mean()-X",0.0820150201077778
"2290",21,"WALKING","training data","tBodyAccJerk-mean()-X",0.0782251820211538
"2291",21,"WALKING_DOWNSTAIRS","training data","tBodyAccJerk-mean()-X",0.0901452883333333
"2292",21,"WALKING_UPSTAIRS","training data","tBodyAccJerk-mean()-X",0.104034223065957
"2293",22,"STANDING","training data","tBodyAccJerk-mean()-X",0.0752322891746032
"2294",22,"SITTING","training data","tBodyAccJerk-mean()-X",0.0807687311935484
"2295",22,"LAYING","training data","tBodyAccJerk-mean()-X",0.0752202242222222
"2296",22,"WALKING","training data","tBodyAccJerk-mean()-X",0.0627777634002174
"2297",22,"WALKING_DOWNSTAIRS","training data","tBodyAccJerk-mean()-X",0.101584640833333
"2298",22,"WALKING_UPSTAIRS","training data","tBodyAccJerk-mean()-X",0.0877172239047619
"2299",23,"STANDING","training data","tBodyAccJerk-mean()-X",0.0750206478676471
"2300",23,"SITTING","training data","tBodyAccJerk-mean()-X",0.0770022352205882
"2301",23,"LAYING","training data","tBodyAccJerk-mean()-X",0.0831787608333333
"2302",23,"WALKING","training data","tBodyAccJerk-mean()-X",0.0987319085964407
"2303",23,"WALKING_DOWNSTAIRS","training data","tBodyAccJerk-mean()-X",0.0578010605648148
"2304",23,"WALKING_UPSTAIRS","training data","tBodyAccJerk-mean()-X",0.0723649984647059
"2305",25,"STANDING","training data","tBodyAccJerk-mean()-X",0.0752337295675676
"2306",25,"SITTING","training data","tBodyAccJerk-mean()-X",0.0752087009912308
"2307",25,"LAYING","training data","tBodyAccJerk-mean()-X",0.0879071687671233
"2308",25,"WALKING","training data","tBodyAccJerk-mean()-X",0.0721720712281081
"2309",25,"WALKING_DOWNSTAIRS","training data","tBodyAccJerk-mean()-X",0.110656929396552
"2310",25,"WALKING_UPSTAIRS","training data","tBodyAccJerk-mean()-X",0.0740041435707692
"2311",26,"STANDING","training data","tBodyAccJerk-mean()-X",0.0753578207972973
"2312",26,"SITTING","training data","tBodyAccJerk-mean()-X",0.0764443226333333
"2313",26,"LAYING","training data","tBodyAccJerk-mean()-X",0.0866502529210526
"2314",26,"WALKING","training data","tBodyAccJerk-mean()-X",0.0652303740728813
"2315",26,"WALKING_DOWNSTAIRS","training data","tBodyAccJerk-mean()-X",0.111470787918
"2316",26,"WALKING_UPSTAIRS","training data","tBodyAccJerk-mean()-X",0.0755645318545455
"2317",27,"STANDING","training data","tBodyAccJerk-mean()-X",0.074969980825
"2318",27,"SITTING","training data","tBodyAccJerk-mean()-X",0.0779038963571429
"2319",27,"LAYING","training data","tBodyAccJerk-mean()-X",0.0766268551324324
"2320",27,"WALKING","training data","tBodyAccJerk-mean()-X",0.0684331971807018
"2321",27,"WALKING_DOWNSTAIRS","training data","tBodyAccJerk-mean()-X",0.0936273220295455
"2322",27,"WALKING_UPSTAIRS","training data","tBodyAccJerk-mean()-X",0.0734763532039216
"2323",28,"STANDING","training data","tBodyAccJerk-mean()-X",0.0753131601898734
"2324",28,"SITTING","training data","tBodyAccJerk-mean()-X",0.0768671621527778
"2325",28,"LAYING","training data","tBodyAccJerk-mean()-X",0.0780770644
"2326",28,"WALKING","training data","tBodyAccJerk-mean()-X",0.0931122231851852
"2327",28,"WALKING_DOWNSTAIRS","training data","tBodyAccJerk-mean()-X",0.0972653457891304
"2328",28,"WALKING_UPSTAIRS","training data","tBodyAccJerk-mean()-X",0.0706831871117647
"2329",29,"STANDING","training data","tBodyAccJerk-mean()-X",0.0753052530307692
"2330",29,"SITTING","training data","tBodyAccJerk-mean()-X",0.0745438102516667
"2331",29,"LAYING","training data","tBodyAccJerk-mean()-X",0.0718861195971014
"2332",29,"WALKING","training data","tBodyAccJerk-mean()-X",0.0853743348528302
"2333",29,"WALKING_DOWNSTAIRS","training data","tBodyAccJerk-mean()-X",0.0636871965479167
"2334",29,"WALKING_UPSTAIRS","training data","tBodyAccJerk-mean()-X",0.106345193353878
"2335",30,"STANDING","training data","tBodyAccJerk-mean()-X",0.0752414472033898
"2336",30,"SITTING","training data","tBodyAccJerk-mean()-X",0.0760057731790323
"2337",30,"LAYING","training data","tBodyAccJerk-mean()-X",0.0752196666428571
"2338",30,"WALKING","training data","tBodyAccJerk-mean()-X",0.0688689970184615
"2339",30,"WALKING_DOWNSTAIRS","training data","tBodyAccJerk-mean()-X",0.0883933037048387
"2340",30,"WALKING_UPSTAIRS","training data","tBodyAccJerk-mean()-X",0.0579840372876923
"2341",2,"STANDING","test data","tBodyAccJerk-mean()-Y",0.0103291774794444
"2342",2,"SITTING","test data","tBodyAccJerk-mean()-Y",0.0116954511323913
"2343",2,"LAYING","test data","tBodyAccJerk-mean()-Y",0.012254788451875
"2344",2,"WALKING","test data","tBodyAccJerk-mean()-Y",0.0182492679288136
"2345",2,"WALKING_DOWNSTAIRS","test data","tBodyAccJerk-mean()-Y",-0.00327959081489362
"2346",2,"WALKING_UPSTAIRS","test data","tBodyAccJerk-mean()-Y",-0.00970985514333333
"2347",4,"STANDING","test data","tBodyAccJerk-mean()-Y",-0.00653015693773214
"2348",4,"SITTING","test data","tBodyAccJerk-mean()-Y",-0.0108582171094
"2349",4,"LAYING","test data","tBodyAccJerk-mean()-Y",0.00693313213968519
"2350",4,"WALKING","test data","tBodyAccJerk-mean()-Y",0.00295602428666667
"2351",4,"WALKING_DOWNSTAIRS","test data","tBodyAccJerk-mean()-Y",0.00563780215111111
"2352",4,"WALKING_UPSTAIRS","test data","tBodyAccJerk-mean()-Y",0.0234018993153846
"2353",9,"STANDING","test data","tBodyAccJerk-mean()-Y",0.0130699796066667
"2354",9,"SITTING","test data","tBodyAccJerk-mean()-Y",0.009817397262
"2355",9,"LAYING","test data","tBodyAccJerk-mean()-Y",0.011561732718
"2356",9,"WALKING","test data","tBodyAccJerk-mean()-Y",0.0212255910017308
"2357",9,"WALKING_DOWNSTAIRS","test data","tBodyAccJerk-mean()-Y",-0.0206865965952381
"2358",9,"WALKING_UPSTAIRS","test data","tBodyAccJerk-mean()-Y",0.00126612218367347
"2359",10,"STANDING","test data","tBodyAccJerk-mean()-Y",0.0119007630575
"2360",10,"SITTING","test data","tBodyAccJerk-mean()-Y",0.00897875458703704
"2361",10,"LAYING","test data","tBodyAccJerk-mean()-Y",0.015698997097069
"2362",10,"WALKING","test data","tBodyAccJerk-mean()-Y",0.00408248792641509
"2363",10,"WALKING_DOWNSTAIRS","test data","tBodyAccJerk-mean()-Y",0.0107824902368421
"2364",10,"WALKING_UPSTAIRS","test data","tBodyAccJerk-mean()-Y",0.0266314282191489
"2365",12,"STANDING","test data","tBodyAccJerk-mean()-Y",0.0100480041062295
"2366",12,"SITTING","test data","tBodyAccJerk-mean()-Y",0.0105990504054902
"2367",12,"LAYING","test data","tBodyAccJerk-mean()-Y",0.00774408308
"2368",12,"WALKING","test data","tBodyAccJerk-mean()-Y",0.0197766948336
"2369",12,"WALKING_DOWNSTAIRS","test data","tBodyAccJerk-mean()-Y",-0.0119289154608696
"2370",12,"WALKING_UPSTAIRS","test data","tBodyAccJerk-mean()-Y",-0.00689494886730769
"2371",13,"STANDING","test data","tBodyAccJerk-mean()-Y",0.00762035230350877
"2372",13,"SITTING","test data","tBodyAccJerk-mean()-Y",-0.00112344092891837
"2373",13,"LAYING","test data","tBodyAccJerk-mean()-Y",0.0183441894580645
"2374",13,"WALKING","test data","tBodyAccJerk-mean()-Y",0.00308364501403509
"2375",13,"WALKING_DOWNSTAIRS","test data","tBodyAccJerk-mean()-Y",-0.00751868156382979
"2376",13,"WALKING_UPSTAIRS","test data","tBodyAccJerk-mean()-Y",-0.00128009758363636
"2377",18,"STANDING","test data","tBodyAccJerk-mean()-Y",0.0104698718417123
"2378",18,"SITTING","test data","tBodyAccJerk-mean()-Y",0.00694560289491228
"2379",18,"LAYING","test data","tBodyAccJerk-mean()-Y",0.0117018961415385
"2380",18,"WALKING","test data","tBodyAccJerk-mean()-Y",0.0282745481892857
"2381",18,"WALKING_DOWNSTAIRS","test data","tBodyAccJerk-mean()-Y",-0.000757069449090909
"2382",18,"WALKING_UPSTAIRS","test data","tBodyAccJerk-mean()-Y",0.0211654691775862
"2383",20,"STANDING","test data","tBodyAccJerk-mean()-Y",0.0116930221630137
"2384",20,"SITTING","test data","tBodyAccJerk-mean()-Y",0.00597430268636364
"2385",20,"LAYING","test data","tBodyAccJerk-mean()-Y",0.00110822495382353
"2386",20,"WALKING","test data","tBodyAccJerk-mean()-Y",-0.0210619558882353
"2387",20,"WALKING_DOWNSTAIRS","test data","tBodyAccJerk-mean()-Y",0.00436449644888889
"2388",20,"WALKING_UPSTAIRS","test data","tBodyAccJerk-mean()-Y",0.00659982629803922
"2389",24,"STANDING","test data","tBodyAccJerk-mean()-Y",0.0109839689101449
"2390",24,"SITTING","test data","tBodyAccJerk-mean()-Y",0.00476702575745588
"2391",24,"LAYING","test data","tBodyAccJerk-mean()-Y",0.0119819524179167
"2392",24,"WALKING","test data","tBodyAccJerk-mean()-Y",0.0121254591034483
"2393",24,"WALKING_DOWNSTAIRS","test data","tBodyAccJerk-mean()-Y",-0.00447316273690909
"2394",24,"WALKING_UPSTAIRS","test data","tBodyAccJerk-mean()-Y",-0.0150816047830508
"2395",1,"STANDING","training data","tBodyAccJerk-mean()-Y",0.00797573092830189
"2396",1,"SITTING","training data","tBodyAccJerk-mean()-Y",-0.000619102785106384
"2397",1,"LAYING","training data","tBodyAccJerk-mean()-Y",0.0038382040088
"2398",1,"WALKING","training data","tBodyAccJerk-mean()-Y",0.0282721095884211
"2399",1,"WALKING_DOWNSTAIRS","training data","tBodyAccJerk-mean()-Y",0.0296504490408163
"2400",1,"WALKING_UPSTAIRS","training data","tBodyAccJerk-mean()-Y",0.0194863076188679
"2401",3,"STANDING","training data","tBodyAccJerk-mean()-Y",0.00771663644590164
"2402",3,"SITTING","training data","tBodyAccJerk-mean()-Y",0.00272529134230769
"2403",3,"LAYING","training data","tBodyAccJerk-mean()-Y",0.0138041011306452
"2404",3,"WALKING","training data","tBodyAccJerk-mean()-Y",0.0100591485
"2405",3,"WALKING_DOWNSTAIRS","training data","tBodyAccJerk-mean()-Y",0.0109707769183673
"2406",3,"WALKING_UPSTAIRS","training data","tBodyAccJerk-mean()-Y",0.0397249270484746
"2407",5,"STANDING","training data","tBodyAccJerk-mean()-Y",-0.00221990214464286
"2408",5,"SITTING","training data","tBodyAccJerk-mean()-Y",-0.00278773346136363
"2409",5,"LAYING","training data","tBodyAccJerk-mean()-Y",0.00747460829615385
"2410",5,"WALKING","training data","tBodyAccJerk-mean()-Y",-0.0163194101232143
"2411",5,"WALKING_DOWNSTAIRS","training data","tBodyAccJerk-mean()-Y",0.0137618233808511
"2412",5,"WALKING_UPSTAIRS","training data","tBodyAccJerk-mean()-Y",0.0140130363106383
"2413",6,"STANDING","training data","tBodyAccJerk-mean()-Y",0.00871883993421053
"2414",6,"SITTING","training data","tBodyAccJerk-mean()-Y",2.55649800000024e-06
"2415",6,"LAYING","training data","tBodyAccJerk-mean()-Y",-0.00114529240245614
"2416",6,"WALKING","training data","tBodyAccJerk-mean()-Y",-0.0164831715964912
"2417",6,"WALKING_DOWNSTAIRS","training data","tBodyAccJerk-mean()-Y",0.00987685807166667
"2418",6,"WALKING_UPSTAIRS","training data","tBodyAccJerk-mean()-Y",0.00371343419607843
"2419",7,"STANDING","training data","tBodyAccJerk-mean()-Y",0.00694700354075472
"2420",7,"SITTING","training data","tBodyAccJerk-mean()-Y",0.0116863419310417
"2421",7,"LAYING","training data","tBodyAccJerk-mean()-Y",0.0250624183634615
"2422",7,"WALKING","training data","tBodyAccJerk-mean()-Y",0.0184322723280702
"2423",7,"WALKING_DOWNSTAIRS","training data","tBodyAccJerk-mean()-Y",-0.0191061075170213
"2424",7,"WALKING_UPSTAIRS","training data","tBodyAccJerk-mean()-Y",-0.000812387078431372
"2425",8,"STANDING","training data","tBodyAccJerk-mean()-Y",0.00814951727462963
"2426",8,"SITTING","training data","tBodyAccJerk-mean()-Y",-0.00657516306713044
"2427",8,"LAYING","training data","tBodyAccJerk-mean()-Y",0.0233299159137037
"2428",8,"WALKING","training data","tBodyAccJerk-mean()-Y",-0.00603947514583333
"2429",8,"WALKING_DOWNSTAIRS","training data","tBodyAccJerk-mean()-Y",-0.0380193846210526
"2430",8,"WALKING_UPSTAIRS","training data","tBodyAccJerk-mean()-Y",0.014120592097561
"2431",11,"STANDING","training data","tBodyAccJerk-mean()-Y",0.0124130965551064
"2432",11,"SITTING","training data","tBodyAccJerk-mean()-Y",-0.000213838552075472
"2433",11,"LAYING","training data","tBodyAccJerk-mean()-Y",0.0122193853629825
"2434",11,"WALKING","training data","tBodyAccJerk-mean()-Y",0.0127682476559322
"2435",11,"WALKING_DOWNSTAIRS","training data","tBodyAccJerk-mean()-Y",0.0252274201521739
"2436",11,"WALKING_UPSTAIRS","training data","tBodyAccJerk-mean()-Y",-0.0132625289255556
"2437",14,"STANDING","training data","tBodyAccJerk-mean()-Y",0.00579566182983333
"2438",14,"SITTING","training data","tBodyAccJerk-mean()-Y",-0.00436185985848148
"2439",14,"LAYING","training data","tBodyAccJerk-mean()-Y",-0.00831507059607843
"2440",14,"WALKING","training data","tBodyAccJerk-mean()-Y",0.024116023559322
"2441",14,"WALKING_DOWNSTAIRS","training data","tBodyAccJerk-mean()-Y",0.0291339421022222
"2442",14,"WALKING_UPSTAIRS","training data","tBodyAccJerk-mean()-Y",-0.0183131159944444
"2443",15,"STANDING","training data","tBodyAccJerk-mean()-Y",0.00617255520183019
"2444",15,"SITTING","training data","tBodyAccJerk-mean()-Y",-0.00898437589491525
"2445",15,"LAYING","training data","tBodyAccJerk-mean()-Y",0.0123984271386111
"2446",15,"WALKING","training data","tBodyAccJerk-mean()-Y",0.00890588563518519
"2447",15,"WALKING_DOWNSTAIRS","training data","tBodyAccJerk-mean()-Y",0.01511589985
"2448",15,"WALKING_UPSTAIRS","training data","tBodyAccJerk-mean()-Y",-0.00417361847916667
"2449",16,"STANDING","training data","tBodyAccJerk-mean()-Y",0.0120767950358846
"2450",16,"SITTING","training data","tBodyAccJerk-mean()-Y",0.00985642890855072
"2451",16,"LAYING","training data","tBodyAccJerk-mean()-Y",0.0132805054325714
"2452",16,"WALKING","training data","tBodyAccJerk-mean()-Y",0.00968444678235294
"2453",16,"WALKING_DOWNSTAIRS","training data","tBodyAccJerk-mean()-Y",-0.0148114530276596
"2454",16,"WALKING_UPSTAIRS","training data","tBodyAccJerk-mean()-Y",0.0173729333352941
"2455",17,"STANDING","training data","tBodyAccJerk-mean()-Y",0.00657853452564103
"2456",17,"SITTING","training data","tBodyAccJerk-mean()-Y",0.0056097104915625
"2457",17,"LAYING","training data","tBodyAccJerk-mean()-Y",0.00706867100408451
"2458",17,"WALKING","training data","tBodyAccJerk-mean()-Y",0.0130098548360656
"2459",17,"WALKING_DOWNSTAIRS","training data","tBodyAccJerk-mean()-Y",-0.0113826178208696
"2460",17,"WALKING_UPSTAIRS","training data","tBodyAccJerk-mean()-Y",0.03083565139375
"2461",19,"STANDING","training data","tBodyAccJerk-mean()-Y",0.00991338273931507
"2462",19,"SITTING","training data","tBodyAccJerk-mean()-Y",0.0137921005843836
"2463",19,"LAYING","training data","tBodyAccJerk-mean()-Y",0.011149573306747
"2464",19,"WALKING","training data","tBodyAccJerk-mean()-Y",0.0144113482019523
"2465",19,"WALKING_DOWNSTAIRS","training data","tBodyAccJerk-mean()-Y",-0.0386872111282051
"2466",19,"WALKING_UPSTAIRS","training data","tBodyAccJerk-mean()-Y",0.056818586275
"2467",21,"STANDING","training data","tBodyAccJerk-mean()-Y",0.0100621171270225
"2468",21,"SITTING","training data","tBodyAccJerk-mean()-Y",0.0121020139594259
"2469",21,"LAYING","training data","tBodyAccJerk-mean()-Y",0.0119943671007778
"2470",21,"WALKING","training data","tBodyAccJerk-mean()-Y",0.00235197553846154
"2471",21,"WALKING_DOWNSTAIRS","training data","tBodyAccJerk-mean()-Y",-0.0213998492444444
"2472",21,"WALKING_UPSTAIRS","training data","tBodyAccJerk-mean()-Y",-0.0156290073042553
"2473",22,"STANDING","training data","tBodyAccJerk-mean()-Y",0.0107286964173016
"2474",22,"SITTING","training data","tBodyAccJerk-mean()-Y",-0.000842715149193548
"2475",22,"LAYING","training data","tBodyAccJerk-mean()-Y",0.00459834754236111
"2476",22,"WALKING","training data","tBodyAccJerk-mean()-Y",0.0356746339782609
"2477",22,"WALKING_DOWNSTAIRS","training data","tBodyAccJerk-mean()-Y",0.0211126110833333
"2478",22,"WALKING_UPSTAIRS","training data","tBodyAccJerk-mean()-Y",0.0367082966285714
"2479",23,"STANDING","training data","tBodyAccJerk-mean()-Y",0.0105861517936765
"2480",23,"SITTING","training data","tBodyAccJerk-mean()-Y",0.0101351394211029
"2481",23,"LAYING","training data","tBodyAccJerk-mean()-Y",0.01535144005125
"2482",23,"WALKING","training data","tBodyAccJerk-mean()-Y",0.0148955926864407
"2483",23,"WALKING_DOWNSTAIRS","training data","tBodyAccJerk-mean()-Y",0.0375005150740741
"2484",23,"WALKING_UPSTAIRS","training data","tBodyAccJerk-mean()-Y",0.039986286827451
"2485",25,"STANDING","training data","tBodyAccJerk-mean()-Y",0.0066321397672973
"2486",25,"SITTING","training data","tBodyAccJerk-mean()-Y",0.00485415893230769
"2487",25,"LAYING","training data","tBodyAccJerk-mean()-Y",0.0284619311524658
"2488",25,"WALKING","training data","tBodyAccJerk-mean()-Y",0.00351115201418919
"2489",25,"WALKING_DOWNSTAIRS","training data","tBodyAccJerk-mean()-Y",-0.0195416626931035
"2490",25,"WALKING_UPSTAIRS","training data","tBodyAccJerk-mean()-Y",0.00925514041553846
"2491",26,"STANDING","training data","tBodyAccJerk-mean()-Y",0.0081732226404054
"2492",26,"SITTING","training data","tBodyAccJerk-mean()-Y",0.00692238958961538
"2493",26,"LAYING","training data","tBodyAccJerk-mean()-Y",0.0124420033513158
"2494",26,"WALKING","training data","tBodyAccJerk-mean()-Y",0.0196712144372881
"2495",26,"WALKING_DOWNSTAIRS","training data","tBodyAccJerk-mean()-Y",-0.007131601642
"2496",26,"WALKING_UPSTAIRS","training data","tBodyAccJerk-mean()-Y",0.00209171684890909
"2497",27,"STANDING","training data","tBodyAccJerk-mean()-Y",0.0122433312349875
"2498",27,"SITTING","training data","tBodyAccJerk-mean()-Y",0.004670724222
"2499",27,"LAYING","training data","tBodyAccJerk-mean()-Y",0.0126491088851351
"2500",27,"WALKING","training data","tBodyAccJerk-mean()-Y",0.00161230290877193
"2501",27,"WALKING_DOWNSTAIRS","training data","tBodyAccJerk-mean()-Y",0.0159869469363636
"2502",27,"WALKING_UPSTAIRS","training data","tBodyAccJerk-mean()-Y",-0.0140229374470588
"2503",28,"STANDING","training data","tBodyAccJerk-mean()-Y",0.00907363218518987
"2504",28,"SITTING","training data","tBodyAccJerk-mean()-Y",0.0148338232684722
"2505",28,"LAYING","training data","tBodyAccJerk-mean()-Y",0.005939923320625
"2506",28,"WALKING","training data","tBodyAccJerk-mean()-Y",0.0226486602722222
"2507",28,"WALKING_DOWNSTAIRS","training data","tBodyAccJerk-mean()-Y",0.0143450903413043
"2508",28,"WALKING_UPSTAIRS","training data","tBodyAccJerk-mean()-Y",0.0222985408245098
"2509",29,"STANDING","training data","tBodyAccJerk-mean()-Y",0.0115104978664615
"2510",29,"SITTING","training data","tBodyAccJerk-mean()-Y",0.00598531404666667
"2511",29,"LAYING","training data","tBodyAccJerk-mean()-Y",0.0116912059556522
"2512",29,"WALKING","training data","tBodyAccJerk-mean()-Y",0.0223870454150943
"2513",29,"WALKING_DOWNSTAIRS","training data","tBodyAccJerk-mean()-Y",0.000621016968750005
"2514",29,"WALKING_UPSTAIRS","training data","tBodyAccJerk-mean()-Y",-0.000689019191836735
"2515",30,"STANDING","training data","tBodyAccJerk-mean()-Y",0.0120860416340678
"2516",30,"SITTING","training data","tBodyAccJerk-mean()-Y",0.00975692523887097
"2517",30,"LAYING","training data","tBodyAccJerk-mean()-Y",0.0107680190087143
"2518",30,"WALKING","training data","tBodyAccJerk-mean()-Y",0.0219656545
"2519",30,"WALKING_DOWNSTAIRS","training data","tBodyAccJerk-mean()-Y",-0.00756110754193549
"2520",30,"WALKING_UPSTAIRS","training data","tBodyAccJerk-mean()-Y",-0.00358719228769231
"2521",2,"STANDING","test data","tBodyAccJerk-mean()-Z",-0.00837158846722222
"2522",2,"SITTING","test data","tBodyAccJerk-mean()-Z",0.00760546929869565
"2523",2,"LAYING","test data","tBodyAccJerk-mean()-Z",-0.00180264895625
"2524",2,"WALKING","test data","tBodyAccJerk-mean()-Z",0.00789533706610169
"2525",2,"WALKING_DOWNSTAIRS","test data","tBodyAccJerk-mean()-Z",-0.0209351677765957
"2526",2,"WALKING_UPSTAIRS","test data","tBodyAccJerk-mean()-Z",0.01948143925
"2527",4,"STANDING","test data","tBodyAccJerk-mean()-Z",-0.0211889890567857
"2528",4,"SITTING","test data","tBodyAccJerk-mean()-Z",-0.0121499951596
"2529",4,"LAYING","test data","tBodyAccJerk-mean()-Z",-0.00641054328740741
"2530",4,"WALKING","test data","tBodyAccJerk-mean()-Z",-0.000767679338333334
"2531",4,"WALKING_DOWNSTAIRS","test data","tBodyAccJerk-mean()-Z",-0.00729137766444444
"2532",4,"WALKING_UPSTAIRS","test data","tBodyAccJerk-mean()-Z",0.00340280836730769
"2533",9,"STANDING","test data","tBodyAccJerk-mean()-Z",-0.004700785502
"2534",9,"SITTING","test data","tBodyAccJerk-mean()-Z",-0.008674672651
"2535",9,"LAYING","test data","tBodyAccJerk-mean()-Z",-0.0070536778584
"2536",9,"WALKING","test data","tBodyAccJerk-mean()-Z",0.00414762740192308
"2537",9,"WALKING_DOWNSTAIRS","test data","tBodyAccJerk-mean()-Z",0.00262568854761905
"2538",9,"WALKING_UPSTAIRS","test data","tBodyAccJerk-mean()-Z",0.00766046602367347
"2539",10,"STANDING","test data","tBodyAccJerk-mean()-Z",-0.00485841031477273
"2540",10,"SITTING","test data","tBodyAccJerk-mean()-Z",-0.00499566427666667
"2541",10,"LAYING","test data","tBodyAccJerk-mean()-Z",0.00716689586275862
"2542",10,"WALKING","test data","tBodyAccJerk-mean()-Z",-0.0162953195396226
"2543",10,"WALKING_DOWNSTAIRS","test data","tBodyAccJerk-mean()-Z",0.000152617173684209
"2544",10,"WALKING_UPSTAIRS","test data","tBodyAccJerk-mean()-Z",-0.0513375831851064
"2545",12,"STANDING","test data","tBodyAccJerk-mean()-Z",-0.00788131384131148
"2546",12,"SITTING","test data","tBodyAccJerk-mean()-Z",-0.0020457599227451
"2547",12,"LAYING","test data","tBodyAccJerk-mean()-Z",-0.0043714837772
"2548",12,"WALKING","test data","tBodyAccJerk-mean()-Z",0.005025870328
"2549",12,"WALKING_DOWNSTAIRS","test data","tBodyAccJerk-mean()-Z",0.00485262425869565
"2550",12,"WALKING_UPSTAIRS","test data","tBodyAccJerk-mean()-Z",0.00906662793461539
"2551",13,"STANDING","test data","tBodyAccJerk-mean()-Z",-0.000704979340543859
"2552",13,"SITTING","test data","tBodyAccJerk-mean()-Z",-0.0232397245106122
"2553",13,"LAYING","test data","tBodyAccJerk-mean()-Z",-0.00988389709596774
"2554",13,"WALKING","test data","tBodyAccJerk-mean()-Z",0.00597249011754386
"2555",13,"WALKING_DOWNSTAIRS","test data","tBodyAccJerk-mean()-Z",-0.0252977670276596
"2556",13,"WALKING_UPSTAIRS","test data","tBodyAccJerk-mean()-Z",-0.0254126299290909
"2557",18,"STANDING","test data","tBodyAccJerk-mean()-Z",-0.00181640480191781
"2558",18,"SITTING","test data","tBodyAccJerk-mean()-Z",0.00278757042058246
"2559",18,"LAYING","test data","tBodyAccJerk-mean()-Z",-0.00121344813430769
"2560",18,"WALKING","test data","tBodyAccJerk-mean()-Z",0.010685091
"2561",18,"WALKING_DOWNSTAIRS","test data","tBodyAccJerk-mean()-Z",-0.01417699182
"2562",18,"WALKING_UPSTAIRS","test data","tBodyAccJerk-mean()-Z",0.0093589662862069
"2563",20,"STANDING","test data","tBodyAccJerk-mean()-Z",-0.00613681937487671
"2564",20,"SITTING","test data","tBodyAccJerk-mean()-Z",0.00160134859924242
"2565",20,"LAYING","test data","tBodyAccJerk-mean()-Z",-0.00309891846569118
"2566",20,"WALKING","test data","tBodyAccJerk-mean()-Z",0.00634457223529412
"2567",20,"WALKING_DOWNSTAIRS","test data","tBodyAccJerk-mean()-Z",-0.00253482149777778
"2568",20,"WALKING_UPSTAIRS","test data","tBodyAccJerk-mean()-Z",-0.024542099304902
"2569",24,"STANDING","test data","tBodyAccJerk-mean()-Z",-0.00358774904913043
"2570",24,"SITTING","test data","tBodyAccJerk-mean()-Z",-0.00113300171426471
"2571",24,"LAYING","test data","tBodyAccJerk-mean()-Z",-0.00589225849902778
"2572",24,"WALKING","test data","tBodyAccJerk-mean()-Z",-0.0116401387758621
"2573",24,"WALKING_DOWNSTAIRS","test data","tBodyAccJerk-mean()-Z",-0.00846915857363636
"2574",24,"WALKING_UPSTAIRS","test data","tBodyAccJerk-mean()-Z",-0.0132353651798305
"2575",1,"STANDING","training data","tBodyAccJerk-mean()-Z",-0.00368524954709434
"2576",1,"SITTING","training data","tBodyAccJerk-mean()-Z",-0.00336779235021277
"2577",1,"LAYING","training data","tBodyAccJerk-mean()-Z",0.010834236361
"2578",1,"WALKING","training data","tBodyAccJerk-mean()-Z",-0.00416840617789474
"2579",1,"WALKING_DOWNSTAIRS","training data","tBodyAccJerk-mean()-Z",-0.0109719730183673
"2580",1,"WALKING_UPSTAIRS","training data","tBodyAccJerk-mean()-Z",-0.0455625449113208
"2581",3,"STANDING","training data","tBodyAccJerk-mean()-Z",-0.00807177934114754
"2582",3,"SITTING","training data","tBodyAccJerk-mean()-Z",-0.00423348373557692
"2583",3,"LAYING","training data","tBodyAccJerk-mean()-Z",-0.00435625874355645
"2584",3,"WALKING","training data","tBodyAccJerk-mean()-Z",-0.00562264594827586
"2585",3,"WALKING_DOWNSTAIRS","training data","tBodyAccJerk-mean()-Z",-0.00202727978142857
"2586",3,"WALKING_UPSTAIRS","training data","tBodyAccJerk-mean()-Z",0.0208205538101695
"2587",5,"STANDING","training data","tBodyAccJerk-mean()-Z",-0.0122812220569643
"2588",5,"SITTING","training data","tBodyAccJerk-mean()-Z",0.00338609594827273
"2589",5,"LAYING","training data","tBodyAccJerk-mean()-Z",-0.00304067159653846
"2590",5,"WALKING","training data","tBodyAccJerk-mean()-Z",8.32159351785732e-05
"2591",5,"WALKING_DOWNSTAIRS","training data","tBodyAccJerk-mean()-Z",0.0213397664446809
"2592",5,"WALKING_UPSTAIRS","training data","tBodyAccJerk-mean()-Z",-0.025590953282766
"2593",6,"STANDING","training data","tBodyAccJerk-mean()-Z",-0.00481712245438596
"2594",6,"SITTING","training data","tBodyAccJerk-mean()-Z",0.00623727782090909
"2595",6,"LAYING","training data","tBodyAccJerk-mean()-Z",0.00328817288070175
"2596",6,"WALKING","training data","tBodyAccJerk-mean()-Z",-0.00738931200701754
"2597",6,"WALKING_DOWNSTAIRS","training data","tBodyAccJerk-mean()-Z",-0.00932470617291667
"2598",6,"WALKING_UPSTAIRS","training data","tBodyAccJerk-mean()-Z",-0.00237816579411765
"2599",7,"STANDING","training data","tBodyAccJerk-mean()-Z",-0.0108420294035849
"2600",7,"SITTING","training data","tBodyAccJerk-mean()-Z",0.0162004141964583
"2601",7,"LAYING","training data","tBodyAccJerk-mean()-Z",-0.0131653918205769
"2602",7,"WALKING","training data","tBodyAccJerk-mean()-Z",-0.0210398551649123
"2603",7,"WALKING_DOWNSTAIRS","training data","tBodyAccJerk-mean()-Z",-0.0160390392510638
"2604",7,"WALKING_UPSTAIRS","training data","tBodyAccJerk-mean()-Z",-7.4519666666666e-05
"2605",8,"STANDING","training data","tBodyAccJerk-mean()-Z",0.00322153267648148
"2606",8,"SITTING","training data","tBodyAccJerk-mean()-Z",-0.0106808920069565
"2607",8,"LAYING","training data","tBodyAccJerk-mean()-Z",-0.0169218791344444
"2608",8,"WALKING","training data","tBodyAccJerk-mean()-Z",-0.000673798876875
"2609",8,"WALKING_DOWNSTAIRS","training data","tBodyAccJerk-mean()-Z",-0.0394356157631579
"2610",8,"WALKING_UPSTAIRS","training data","tBodyAccJerk-mean()-Z",-0.0674583919268293
"2611",11,"STANDING","training data","tBodyAccJerk-mean()-Z",-0.00074591623212766
"2612",11,"SITTING","training data","tBodyAccJerk-mean()-Z",0.00833400761716981
"2613",11,"LAYING","training data","tBodyAccJerk-mean()-Z",0.00277690502070175
"2614",11,"WALKING","training data","tBodyAccJerk-mean()-Z",-0.013364827779661
"2615",11,"WALKING_DOWNSTAIRS","training data","tBodyAccJerk-mean()-Z",-0.0225208905847826
"2616",11,"WALKING_UPSTAIRS","training data","tBodyAccJerk-mean()-Z",-0.0151463896833333
"2617",14,"STANDING","training data","tBodyAccJerk-mean()-Z",-0.00720777760485
"2618",14,"SITTING","training data","tBodyAccJerk-mean()-Z",-0.0105744513096296
"2619",14,"LAYING","training data","tBodyAccJerk-mean()-Z",-0.0323601505045098
"2620",14,"WALKING","training data","tBodyAccJerk-mean()-Z",0.0199723036949153
"2621",14,"WALKING_DOWNSTAIRS","training data","tBodyAccJerk-mean()-Z",0.0104952601188889
"2622",14,"WALKING_UPSTAIRS","training data","tBodyAccJerk-mean()-Z",0.00344199486481481
"2623",15,"STANDING","training data","tBodyAccJerk-mean()-Z",-0.00658737093471698
"2624",15,"SITTING","training data","tBodyAccJerk-mean()-Z",-0.00237207545345763
"2625",15,"LAYING","training data","tBodyAccJerk-mean()-Z",-0.00443927981861111
"2626",15,"WALKING","training data","tBodyAccJerk-mean()-Z",0.000658706162574074
"2627",15,"WALKING_DOWNSTAIRS","training data","tBodyAccJerk-mean()-Z",-0.0100212901547619
"2628",15,"WALKING_UPSTAIRS","training data","tBodyAccJerk-mean()-Z",-0.00525879898958333
"2629",16,"STANDING","training data","tBodyAccJerk-mean()-Z",-0.00476310557910256
"2630",16,"SITTING","training data","tBodyAccJerk-mean()-Z",-0.0115030575052174
"2631",16,"LAYING","training data","tBodyAccJerk-mean()-Z",-0.00154105089764286
"2632",16,"WALKING","training data","tBodyAccJerk-mean()-Z",0.00360803282352941
"2633",16,"WALKING_DOWNSTAIRS","training data","tBodyAccJerk-mean()-Z",-0.029312256293617
"2634",16,"WALKING_UPSTAIRS","training data","tBodyAccJerk-mean()-Z",0.0380533591627451
"2635",17,"STANDING","training data","tBodyAccJerk-mean()-Z",-0.00403599594166667
"2636",17,"SITTING","training data","tBodyAccJerk-mean()-Z",-0.0015544841534375
"2637",17,"LAYING","training data","tBodyAccJerk-mean()-Z",-0.000143542544507042
"2638",17,"WALKING","training data","tBodyAccJerk-mean()-Z",0.0243753334442623
"2639",17,"WALKING_DOWNSTAIRS","training data","tBodyAccJerk-mean()-Z",-0.00939838078195652
"2640",17,"WALKING_UPSTAIRS","training data","tBodyAccJerk-mean()-Z",0.00759533846458334
"2641",19,"STANDING","training data","tBodyAccJerk-mean()-Z",0.00129216333878082
"2642",19,"SITTING","training data","tBodyAccJerk-mean()-Z",0.00173106800213699
"2643",19,"LAYING","training data","tBodyAccJerk-mean()-Z",-0.000988690855325301
"2644",19,"WALKING","training data","tBodyAccJerk-mean()-Z",-0.0327528722288462
"2645",19,"WALKING_DOWNSTAIRS","training data","tBodyAccJerk-mean()-Z",-0.00955202497435897
"2646",19,"WALKING_UPSTAIRS","training data","tBodyAccJerk-mean()-Z",0.0316681980575
"2647",21,"STANDING","training data","tBodyAccJerk-mean()-Z",-0.00332093673865168
"2648",21,"SITTING","training data","tBodyAccJerk-mean()-Z",-0.000175352166235294
"2649",21,"LAYING","training data","tBodyAccJerk-mean()-Z",-0.0139053438591111
"2650",21,"WALKING","training data","tBodyAccJerk-mean()-Z",-0.0101813421307692
"2651",21,"WALKING_DOWNSTAIRS","training data","tBodyAccJerk-mean()-Z",-0.0125551085533333
"2652",21,"WALKING_UPSTAIRS","training data","tBodyAccJerk-mean()-Z",-0.0360115472978723
"2653",22,"STANDING","training data","tBodyAccJerk-mean()-Z",-0.00626291653857143
"2654",22,"SITTING","training data","tBodyAccJerk-mean()-Z",-0.0126852481958065
"2655",22,"LAYING","training data","tBodyAccJerk-mean()-Z",-0.00467438744166667
"2656",22,"WALKING","training data","tBodyAccJerk-mean()-Z",0.00443691445434783
"2657",22,"WALKING_DOWNSTAIRS","training data","tBodyAccJerk-mean()-Z",0.0112499015
"2658",22,"WALKING_UPSTAIRS","training data","tBodyAccJerk-mean()-Z",-0.033616970907381
"2659",23,"STANDING","training data","tBodyAccJerk-mean()-Z",-0.00529260911370588
"2660",23,"SITTING","training data","tBodyAccJerk-mean()-Z",-0.00148823351367647
"2661",23,"LAYING","training data","tBodyAccJerk-mean()-Z",-0.00628235060277778
"2662",23,"WALKING","training data","tBodyAccJerk-mean()-Z",-0.00190810641525424
"2663",23,"WALKING_DOWNSTAIRS","training data","tBodyAccJerk-mean()-Z",-0.000982717101851849
"2664",23,"WALKING_UPSTAIRS","training data","tBodyAccJerk-mean()-Z",0.0159234167843137
"2665",25,"STANDING","training data","tBodyAccJerk-mean()-Z",-0.00622808791433784
"2666",25,"SITTING","training data","tBodyAccJerk-mean()-Z",0.00210760835861538
"2667",25,"LAYING","training data","tBodyAccJerk-mean()-Z",-0.0307179435315068
"2668",25,"WALKING","training data","tBodyAccJerk-mean()-Z",-0.00335098680675676
"2669",25,"WALKING_DOWNSTAIRS","training data","tBodyAccJerk-mean()-Z",-0.0113348791672414
"2670",25,"WALKING_UPSTAIRS","training data","tBodyAccJerk-mean()-Z",-0.0116906813498462
"2671",26,"STANDING","training data","tBodyAccJerk-mean()-Z",-0.00219497782824324
"2672",26,"SITTING","training data","tBodyAccJerk-mean()-Z",-0.00780237981320513
"2673",26,"LAYING","training data","tBodyAccJerk-mean()-Z",-0.00614755098663158
"2674",26,"WALKING","training data","tBodyAccJerk-mean()-Z",-0.00618305784355932
"2675",26,"WALKING_DOWNSTAIRS","training data","tBodyAccJerk-mean()-Z",-0.01189114264
"2676",26,"WALKING_UPSTAIRS","training data","tBodyAccJerk-mean()-Z",-0.0117089275472727
"2677",27,"STANDING","training data","tBodyAccJerk-mean()-Z",-0.00137950299425
"2678",27,"SITTING","training data","tBodyAccJerk-mean()-Z",-0.00611285425957143
"2679",27,"LAYING","training data","tBodyAccJerk-mean()-Z",-0.000685549292837838
"2680",27,"WALKING","training data","tBodyAccJerk-mean()-Z",-0.020752327245614
"2681",27,"WALKING_DOWNSTAIRS","training data","tBodyAccJerk-mean()-Z",-0.00985034750909091
"2682",27,"WALKING_UPSTAIRS","training data","tBodyAccJerk-mean()-Z",0.0067467910745098
"2683",28,"STANDING","training data","tBodyAccJerk-mean()-Z",-0.00267810077607595
"2684",28,"SITTING","training data","tBodyAccJerk-mean()-Z",0.000257854017638888
"2685",28,"LAYING","training data","tBodyAccJerk-mean()-Z",0.006009719386425
"2686",28,"WALKING","training data","tBodyAccJerk-mean()-Z",-0.00762915201666667
"2687",28,"WALKING_DOWNSTAIRS","training data","tBodyAccJerk-mean()-Z",0.00123950141304348
"2688",28,"WALKING_UPSTAIRS","training data","tBodyAccJerk-mean()-Z",0.00749081657058823
"2689",29,"STANDING","training data","tBodyAccJerk-mean()-Z",0.000332894985246154
"2690",29,"SITTING","training data","tBodyAccJerk-mean()-Z",0.003167700952
"2691",29,"LAYING","training data","tBodyAccJerk-mean()-Z",0.00241542784130435
"2692",29,"WALKING","training data","tBodyAccJerk-mean()-Z",0.00941547304716981
"2693",29,"WALKING_DOWNSTAIRS","training data","tBodyAccJerk-mean()-Z",-0.0140642983104167
"2694",29,"WALKING_UPSTAIRS","training data","tBodyAccJerk-mean()-Z",-0.0290713871612245
"2695",30,"STANDING","training data","tBodyAccJerk-mean()-Z",0.00190841458130508
"2696",30,"SITTING","training data","tBodyAccJerk-mean()-Z",-0.00278161828080645
"2697",30,"LAYING","training data","tBodyAccJerk-mean()-Z",-0.000374189681428571
"2698",30,"WALKING","training data","tBodyAccJerk-mean()-Z",-0.00739534236
"2699",30,"WALKING_DOWNSTAIRS","training data","tBodyAccJerk-mean()-Z",-0.0118301423032258
"2700",30,"WALKING_UPSTAIRS","training data","tBodyAccJerk-mean()-Z",0.0161506198923077
"2701",2,"STANDING","test data","tBodyAccJerk-std()-X",-0.981085715555556
"2702",2,"SITTING","test data","tBodyAccJerk-std()-X",-0.988055854130435
"2703",2,"LAYING","test data","tBodyAccJerk-std()-X",-0.98587216875
"2704",2,"WALKING","test data","tBodyAccJerk-std()-X",-0.277530462620339
"2705",2,"WALKING_DOWNSTAIRS","test data","tBodyAccJerk-std()-X",0.147249143238298
"2706",2,"WALKING_UPSTAIRS","test data","tBodyAccJerk-std()-X",-0.276121886479167
"2707",4,"STANDING","test data","tBodyAccJerk-std()-X",-0.972586541964286
"2708",4,"SITTING","test data","tBodyAccJerk-std()-X",-0.9767421962
"2709",4,"LAYING","test data","tBodyAccJerk-std()-X",-0.978302781111111
"2710",4,"WALKING","test data","tBodyAccJerk-std()-X",-0.297042612533333
"2711",4,"WALKING_DOWNSTAIRS","test data","tBodyAccJerk-std()-X",-0.145759708684667
"2712",4,"WALKING_UPSTAIRS","test data","tBodyAccJerk-std()-X",-0.380488027307692
"2713",9,"STANDING","test data","tBodyAccJerk-std()-X",-0.969973398888889
"2714",9,"SITTING","test data","tBodyAccJerk-std()-X",-0.9645358564
"2715",9,"LAYING","test data","tBodyAccJerk-std()-X",-0.9647404702
"2716",9,"WALKING","test data","tBodyAccJerk-std()-X",-0.206733787961538
"2717",9,"WALKING_DOWNSTAIRS","test data","tBodyAccJerk-std()-X",0.017623342197619
"2718",9,"WALKING_UPSTAIRS","test data","tBodyAccJerk-std()-X",-0.335291644693878
"2719",10,"STANDING","test data","tBodyAccJerk-std()-X",-0.964311490454545
"2720",10,"SITTING","test data","tBodyAccJerk-std()-X",-0.988946414074074
"2721",10,"LAYING","test data","tBodyAccJerk-std()-X",-0.978007466724138
"2722",10,"WALKING","test data","tBodyAccJerk-std()-X",-0.0521991013207547
"2723",10,"WALKING_DOWNSTAIRS","test data","tBodyAccJerk-std()-X",0.223275806105263
"2724",10,"WALKING_UPSTAIRS","test data","tBodyAccJerk-std()-X",-0.187220175510638
"2725",12,"STANDING","test data","tBodyAccJerk-std()-X",-0.972440195081967
"2726",12,"SITTING","test data","tBodyAccJerk-std()-X",-0.976494200784314
"2727",12,"LAYING","test data","tBodyAccJerk-std()-X",-0.969276283333333
"2728",12,"WALKING","test data","tBodyAccJerk-std()-X",-0.01350661106
"2729",12,"WALKING_DOWNSTAIRS","test data","tBodyAccJerk-std()-X",0.00631914373913043
"2730",12,"WALKING_UPSTAIRS","test data","tBodyAccJerk-std()-X",-0.359856972115385
"2731",13,"STANDING","test data","tBodyAccJerk-std()-X",-0.987636104210526
"2732",13,"SITTING","test data","tBodyAccJerk-std()-X",-0.992827264081633
"2733",13,"LAYING","test data","tBodyAccJerk-std()-X",-0.98541995
"2734",13,"WALKING","test data","tBodyAccJerk-std()-X",-0.220910068015789
"2735",13,"WALKING_DOWNSTAIRS","test data","tBodyAccJerk-std()-X",-0.0740908045319149
"2736",13,"WALKING_UPSTAIRS","test data","tBodyAccJerk-std()-X",-0.487325539818182
"2737",18,"STANDING","test data","tBodyAccJerk-std()-X",-0.989436673835616
"2738",18,"SITTING","test data","tBodyAccJerk-std()-X",-0.991624662105263
"2739",18,"LAYING","test data","tBodyAccJerk-std()-X",-0.985921071076923
"2740",18,"WALKING","test data","tBodyAccJerk-std()-X",-0.368056913928571
"2741",18,"WALKING_DOWNSTAIRS","test data","tBodyAccJerk-std()-X",-0.387223932363636
"2742",18,"WALKING_UPSTAIRS","test data","tBodyAccJerk-std()-X",-0.563202134655172
"2743",20,"STANDING","test data","tBodyAccJerk-std()-X",-0.959528332191781
"2744",20,"SITTING","test data","tBodyAccJerk-std()-X",-0.982078229242424
"2745",20,"LAYING","test data","tBodyAccJerk-std()-X",-0.984270728235294
"2746",20,"WALKING","test data","tBodyAccJerk-std()-X",-0.090645041854902
"2747",20,"WALKING_DOWNSTAIRS","test data","tBodyAccJerk-std()-X",-0.135699627468889
"2748",20,"WALKING_UPSTAIRS","test data","tBodyAccJerk-std()-X",-0.185695388078431
"2749",24,"STANDING","test data","tBodyAccJerk-std()-X",-0.980573836811594
"2750",24,"SITTING","test data","tBodyAccJerk-std()-X",-0.988564382205882
"2751",24,"LAYING","test data","tBodyAccJerk-std()-X",-0.98636543375
"2752",24,"WALKING","test data","tBodyAccJerk-std()-X",-0.485863255344828
"2753",24,"WALKING_DOWNSTAIRS","test data","tBodyAccJerk-std()-X",-0.337218894
"2754",24,"WALKING_UPSTAIRS","test data","tBodyAccJerk-std()-X",-0.49876467220339
"2755",1,"STANDING","training data","tBodyAccJerk-std()-X",-0.994604542264151
"2756",1,"SITTING","training data","tBodyAccJerk-std()-X",-0.986430711276596
"2757",1,"LAYING","training data","tBodyAccJerk-std()-X",-0.958482112
"2758",1,"WALKING","training data","tBodyAccJerk-std()-X",-0.113615602435789
"2759",1,"WALKING_DOWNSTAIRS","training data","tBodyAccJerk-std()-X",-0.012283860544898
"2760",1,"WALKING_UPSTAIRS","training data","tBodyAccJerk-std()-X",-0.446843887735849
"2761",3,"STANDING","training data","tBodyAccJerk-std()-X",-0.957086489344262
"2762",3,"SITTING","training data","tBodyAccJerk-std()-X",-0.974467390384615
"2763",3,"LAYING","training data","tBodyAccJerk-std()-X",-0.98087931483871
"2764",3,"WALKING","training data","tBodyAccJerk-std()-X",-0.26867964387931
"2765",3,"WALKING_DOWNSTAIRS","training data","tBodyAccJerk-std()-X",-0.0858010042244898
"2766",3,"WALKING_UPSTAIRS","training data","tBodyAccJerk-std()-X",-0.458364616949153
"2767",5,"STANDING","training data","tBodyAccJerk-std()-X",-0.962647080178571
"2768",5,"SITTING","training data","tBodyAccJerk-std()-X",-0.975204850227273
"2769",5,"LAYING","training data","tBodyAccJerk-std()-X",-0.983307862115385
"2770",5,"WALKING","training data","tBodyAccJerk-std()-X",-0.302891024625
"2771",5,"WALKING_DOWNSTAIRS","training data","tBodyAccJerk-std()-X",0.0322415501638298
"2772",5,"WALKING_UPSTAIRS","training data","tBodyAccJerk-std()-X",-0.223896564340426
"2773",6,"STANDING","training data","tBodyAccJerk-std()-X",-0.973132635789474
"2774",6,"SITTING","training data","tBodyAccJerk-std()-X",-0.969929476363636
"2775",6,"LAYING","training data","tBodyAccJerk-std()-X",-0.966341054736842
"2776",6,"WALKING","training data","tBodyAccJerk-std()-X",-0.132784766936842
"2777",6,"WALKING_DOWNSTAIRS","training data","tBodyAccJerk-std()-X",0.165271070858333
"2778",6,"WALKING_UPSTAIRS","training data","tBodyAccJerk-std()-X",-0.180301156098039
"2779",7,"STANDING","training data","tBodyAccJerk-std()-X",-0.976403544716981
"2780",7,"SITTING","training data","tBodyAccJerk-std()-X",-0.982158098125
"2781",7,"LAYING","training data","tBodyAccJerk-std()-X",-0.980977756153846
"2782",7,"WALKING","training data","tBodyAccJerk-std()-X",-0.346026226140351
"2783",7,"WALKING_DOWNSTAIRS","training data","tBodyAccJerk-std()-X",0.0285033927287234
"2784",7,"WALKING_UPSTAIRS","training data","tBodyAccJerk-std()-X",-0.415153115882353
"2785",8,"STANDING","training data","tBodyAccJerk-std()-X",-0.989198879814815
"2786",8,"SITTING","training data","tBodyAccJerk-std()-X",-0.985188753695652
"2787",8,"LAYING","training data","tBodyAccJerk-std()-X",-0.973253042222222
"2788",8,"WALKING","training data","tBodyAccJerk-std()-X",-0.2586886278125
"2789",8,"WALKING_DOWNSTAIRS","training data","tBodyAccJerk-std()-X",0.250143724521053
"2790",8,"WALKING_UPSTAIRS","training data","tBodyAccJerk-std()-X",-0.186618895268293
"2791",11,"STANDING","training data","tBodyAccJerk-std()-X",-0.992527404255319
"2792",11,"SITTING","training data","tBodyAccJerk-std()-X",-0.980335163584906
"2793",11,"LAYING","training data","tBodyAccJerk-std()-X",-0.985259108596491
"2794",11,"WALKING","training data","tBodyAccJerk-std()-X",-0.428516343559322
"2795",11,"WALKING_DOWNSTAIRS","training data","tBodyAccJerk-std()-X",-0.0834212653347826
"2796",11,"WALKING_UPSTAIRS","training data","tBodyAccJerk-std()-X",-0.452961683518519
"2797",14,"STANDING","training data","tBodyAccJerk-std()-X",-0.978248526
"2798",14,"SITTING","training data","tBodyAccJerk-std()-X",-0.980890655185185
"2799",14,"LAYING","training data","tBodyAccJerk-std()-X",-0.971473557058824
"2800",14,"WALKING","training data","tBodyAccJerk-std()-X",-0.454497019661017
"2801",14,"WALKING_DOWNSTAIRS","training data","tBodyAccJerk-std()-X",0.0129597549231111
"2802",14,"WALKING_UPSTAIRS","training data","tBodyAccJerk-std()-X",-0.368780418888889
"2803",15,"STANDING","training data","tBodyAccJerk-std()-X",-0.985459068490566
"2804",15,"SITTING","training data","tBodyAccJerk-std()-X",-0.988162333898305
"2805",15,"LAYING","training data","tBodyAccJerk-std()-X",-0.981739386805556
"2806",15,"WALKING","training data","tBodyAccJerk-std()-X",-0.373217585
"2807",15,"WALKING_DOWNSTAIRS","training data","tBodyAccJerk-std()-X",0.134593836190476
"2808",15,"WALKING_UPSTAIRS","training data","tBodyAccJerk-std()-X",-0.186944664541667
"2809",16,"STANDING","training data","tBodyAccJerk-std()-X",-0.991026497435897
"2810",16,"SITTING","training data","tBodyAccJerk-std()-X",-0.990861134782609
"2811",16,"LAYING","training data","tBodyAccJerk-std()-X",-0.988416723857143
"2812",16,"WALKING","training data","tBodyAccJerk-std()-X",-0.396223738431373
"2813",16,"WALKING_DOWNSTAIRS","training data","tBodyAccJerk-std()-X",-0.101186926595745
"2814",16,"WALKING_UPSTAIRS","training data","tBodyAccJerk-std()-X",-0.521089140196078
"2815",17,"STANDING","training data","tBodyAccJerk-std()-X",-0.992094005512821
"2816",17,"SITTING","training data","tBodyAccJerk-std()-X",-0.99434060296875
"2817",17,"LAYING","training data","tBodyAccJerk-std()-X",-0.981489017183099
"2818",17,"WALKING","training data","tBodyAccJerk-std()-X",-0.355492635409836
"2819",17,"WALKING_DOWNSTAIRS","training data","tBodyAccJerk-std()-X",-0.103436471413043
"2820",17,"WALKING_UPSTAIRS","training data","tBodyAccJerk-std()-X",-0.292665827083333
"2821",19,"STANDING","training data","tBodyAccJerk-std()-X",-0.984792035205479
"2822",19,"SITTING","training data","tBodyAccJerk-std()-X",-0.987043285479452
"2823",19,"LAYING","training data","tBodyAccJerk-std()-X",-0.983605223493976
"2824",19,"WALKING","training data","tBodyAccJerk-std()-X",0.110306729315577
"2825",19,"WALKING_DOWNSTAIRS","training data","tBodyAccJerk-std()-X",0.544273037307692
"2826",19,"WALKING_UPSTAIRS","training data","tBodyAccJerk-std()-X",-0.1742790558
"2827",21,"STANDING","training data","tBodyAccJerk-std()-X",-0.97706335011236
"2828",21,"SITTING","training data","tBodyAccJerk-std()-X",-0.989439392235294
"2829",21,"LAYING","training data","tBodyAccJerk-std()-X",-0.984826520888889
"2830",21,"WALKING","training data","tBodyAccJerk-std()-X",-0.114888873837692
"2831",21,"WALKING_DOWNSTAIRS","training data","tBodyAccJerk-std()-X",0.00214655719111111
"2832",21,"WALKING_UPSTAIRS","training data","tBodyAccJerk-std()-X",-0.424052014680851
"2833",22,"STANDING","training data","tBodyAccJerk-std()-X",-0.975639080634921
"2834",22,"SITTING","training data","tBodyAccJerk-std()-X",-0.981664149193548
"2835",22,"LAYING","training data","tBodyAccJerk-std()-X",-0.970355191527778
"2836",22,"WALKING","training data","tBodyAccJerk-std()-X",0.0358787094391304
"2837",22,"WALKING_DOWNSTAIRS","training data","tBodyAccJerk-std()-X",0.0869139849722222
"2838",22,"WALKING_UPSTAIRS","training data","tBodyAccJerk-std()-X",-0.00853992680952381
"2839",23,"STANDING","training data","tBodyAccJerk-std()-X",-0.983141958970588
"2840",23,"SITTING","training data","tBodyAccJerk-std()-X",-0.984561803823529
"2841",23,"LAYING","training data","tBodyAccJerk-std()-X",-0.986360446805556
"2842",23,"WALKING","training data","tBodyAccJerk-std()-X",-0.229328122305085
"2843",23,"WALKING_DOWNSTAIRS","training data","tBodyAccJerk-std()-X",0.198947061775926
"2844",23,"WALKING_UPSTAIRS","training data","tBodyAccJerk-std()-X",-0.365398622764706
"2845",25,"STANDING","training data","tBodyAccJerk-std()-X",-0.988312658378378
"2846",25,"SITTING","training data","tBodyAccJerk-std()-X",-0.992278621692308
"2847",25,"LAYING","training data","tBodyAccJerk-std()-X",-0.973323412328767
"2848",25,"WALKING","training data","tBodyAccJerk-std()-X",-0.607620931621622
"2849",25,"WALKING_DOWNSTAIRS","training data","tBodyAccJerk-std()-X",-0.501968387931034
"2850",25,"WALKING_UPSTAIRS","training data","tBodyAccJerk-std()-X",-0.663642746307692
"2851",26,"STANDING","training data","tBodyAccJerk-std()-X",-0.990498355
"2852",26,"SITTING","training data","tBodyAccJerk-std()-X",-0.99225839525641
"2853",26,"LAYING","training data","tBodyAccJerk-std()-X",-0.989315824868421
"2854",26,"WALKING","training data","tBodyAccJerk-std()-X",-0.328452881355932
"2855",26,"WALKING_DOWNSTAIRS","training data","tBodyAccJerk-std()-X",-0.128111641206
"2856",26,"WALKING_UPSTAIRS","training data","tBodyAccJerk-std()-X",-0.290879965872727
"2857",27,"STANDING","training data","tBodyAccJerk-std()-X",-0.987628362
"2858",27,"SITTING","training data","tBodyAccJerk-std()-X",-0.990658097857143
"2859",27,"LAYING","training data","tBodyAccJerk-std()-X",-0.986471899324324
"2860",27,"WALKING","training data","tBodyAccJerk-std()-X",-0.316184021578947
"2861",27,"WALKING_DOWNSTAIRS","training data","tBodyAccJerk-std()-X",-0.00358338882727273
"2862",27,"WALKING_UPSTAIRS","training data","tBodyAccJerk-std()-X",-0.468066189411765
"2863",28,"STANDING","training data","tBodyAccJerk-std()-X",-0.968604559620253
"2864",28,"SITTING","training data","tBodyAccJerk-std()-X",-0.976286679444444
"2865",28,"LAYING","training data","tBodyAccJerk-std()-X",-0.9801647165
"2866",28,"WALKING","training data","tBodyAccJerk-std()-X",-0.335700184259259
"2867",28,"WALKING_DOWNSTAIRS","training data","tBodyAccJerk-std()-X",-0.0167652227782609
"2868",28,"WALKING_UPSTAIRS","training data","tBodyAccJerk-std()-X",-0.312671655921569
"2869",29,"STANDING","training data","tBodyAccJerk-std()-X",-0.993652820615385
"2870",29,"SITTING","training data","tBodyAccJerk-std()-X",-0.993525560333333
"2871",29,"LAYING","training data","tBodyAccJerk-std()-X",-0.99200598942029
"2872",29,"WALKING","training data","tBodyAccJerk-std()-X",-0.22143354279434
"2873",29,"WALKING_DOWNSTAIRS","training data","tBodyAccJerk-std()-X",-0.023952574044375
"2874",29,"WALKING_UPSTAIRS","training data","tBodyAccJerk-std()-X",-0.182365815065306
"2875",30,"STANDING","training data","tBodyAccJerk-std()-X",-0.968430745254237
"2876",30,"SITTING","training data","tBodyAccJerk-std()-X",-0.988864577419355
"2877",30,"LAYING","training data","tBodyAccJerk-std()-X",-0.977463775571429
"2878",30,"WALKING","training data","tBodyAccJerk-std()-X",-0.374400941384615
"2879",30,"WALKING_DOWNSTAIRS","training data","tBodyAccJerk-std()-X",-0.226643901120968
"2880",30,"WALKING_UPSTAIRS","training data","tBodyAccJerk-std()-X",-0.535420203384615
"2881",2,"STANDING","test data","tBodyAccJerk-std()-Y",-0.97105943962963
"2882",2,"SITTING","test data","tBodyAccJerk-std()-Y",-0.977983955434783
"2883",2,"LAYING","test data","tBodyAccJerk-std()-Y",-0.98317254125
"2884",2,"WALKING","test data","tBodyAccJerk-std()-Y",-0.0166022362847458
"2885",2,"WALKING_DOWNSTAIRS","test data","tBodyAccJerk-std()-Y",0.126828014557447
"2886",2,"WALKING_UPSTAIRS","test data","tBodyAccJerk-std()-Y",-0.185648954220833
"2887",4,"STANDING","test data","tBodyAccJerk-std()-Y",-0.938354677857143
"2888",4,"SITTING","test data","tBodyAccJerk-std()-Y",-0.9445961056
"2889",4,"LAYING","test data","tBodyAccJerk-std()-Y",-0.942209488333333
"2890",4,"WALKING","test data","tBodyAccJerk-std()-Y",-0.221165131581667
"2891",4,"WALKING_DOWNSTAIRS","test data","tBodyAccJerk-std()-Y",-0.146242294857778
"2892",4,"WALKING_UPSTAIRS","test data","tBodyAccJerk-std()-Y",-0.281543175326923
"2893",9,"STANDING","test data","tBodyAccJerk-std()-Y",-0.963849332888889
"2894",9,"SITTING","test data","tBodyAccJerk-std()-Y",-0.9567775448
"2895",9,"LAYING","test data","tBodyAccJerk-std()-Y",-0.9639966798
"2896",9,"WALKING","test data","tBodyAccJerk-std()-Y",-0.276929933846154
"2897",9,"WALKING_DOWNSTAIRS","test data","tBodyAccJerk-std()-Y",-0.3094424725
"2898",9,"WALKING_UPSTAIRS","test data","tBodyAccJerk-std()-Y",-0.586147012244898
"2899",10,"STANDING","test data","tBodyAccJerk-std()-Y",-0.941328663409091
"2900",10,"SITTING","test data","tBodyAccJerk-std()-Y",-0.980756789814815
"2901",10,"LAYING","test data","tBodyAccJerk-std()-Y",-0.966930793448276
"2902",10,"WALKING","test data","tBodyAccJerk-std()-Y",0.0750804952113207
"2903",10,"WALKING_DOWNSTAIRS","test data","tBodyAccJerk-std()-Y",-0.105020355562895
"2904",10,"WALKING_UPSTAIRS","test data","tBodyAccJerk-std()-Y",-0.177803083425532
"2905",12,"STANDING","test data","tBodyAccJerk-std()-Y",-0.953203115409836
"2906",12,"SITTING","test data","tBodyAccJerk-std()-Y",-0.964047461568627
"2907",12,"LAYING","test data","tBodyAccJerk-std()-Y",-0.962639526833333
"2908",12,"WALKING","test data","tBodyAccJerk-std()-Y",-0.089404968585
"2909",12,"WALKING_DOWNSTAIRS","test data","tBodyAccJerk-std()-Y",0.0629216671304348
"2910",12,"WALKING_UPSTAIRS","test data","tBodyAccJerk-std()-Y",-0.311328991057692
"2911",13,"STANDING","test data","tBodyAccJerk-std()-Y",-0.977704172105263
"2912",13,"SITTING","test data","tBodyAccJerk-std()-Y",-0.984267557755102
"2913",13,"LAYING","test data","tBodyAccJerk-std()-Y",-0.980152342903226
"2914",13,"WALKING","test data","tBodyAccJerk-std()-Y",0.0565488771722807
"2915",13,"WALKING_DOWNSTAIRS","test data","tBodyAccJerk-std()-Y",-0.149027773519149
"2916",13,"WALKING_UPSTAIRS","test data","tBodyAccJerk-std()-Y",-0.323333932218182
"2917",18,"STANDING","test data","tBodyAccJerk-std()-Y",-0.975277836849315
"2918",18,"SITTING","test data","tBodyAccJerk-std()-Y",-0.984002717017544
"2919",18,"LAYING","test data","tBodyAccJerk-std()-Y",-0.985554339384615
"2920",18,"WALKING","test data","tBodyAccJerk-std()-Y",-0.320158763392857
"2921",18,"WALKING_DOWNSTAIRS","test data","tBodyAccJerk-std()-Y",-0.447033872545455
"2922",18,"WALKING_UPSTAIRS","test data","tBodyAccJerk-std()-Y",-0.56794063862069
"2923",20,"STANDING","test data","tBodyAccJerk-std()-Y",-0.935605650958904
"2924",20,"SITTING","test data","tBodyAccJerk-std()-Y",-0.970896863484848
"2925",20,"LAYING","test data","tBodyAccJerk-std()-Y",-0.977002606764706
"2926",20,"WALKING","test data","tBodyAccJerk-std()-Y",0.244310894098039
"2927",20,"WALKING_DOWNSTAIRS","test data","tBodyAccJerk-std()-Y",0.289670966711111
"2928",20,"WALKING_UPSTAIRS","test data","tBodyAccJerk-std()-Y",-0.260789711588235
"2929",24,"STANDING","test data","tBodyAccJerk-std()-Y",-0.967745638695652
"2930",24,"SITTING","test data","tBodyAccJerk-std()-Y",-0.979573678088235
"2931",24,"LAYING","test data","tBodyAccJerk-std()-Y",-0.982430495
"2932",24,"WALKING","test data","tBodyAccJerk-std()-Y",-0.302220161206897
"2933",24,"WALKING_DOWNSTAIRS","test data","tBodyAccJerk-std()-Y",-0.169291887741818
"2934",24,"WALKING_UPSTAIRS","test data","tBodyAccJerk-std()-Y",-0.51522075220339
"2935",1,"STANDING","training data","tBodyAccJerk-std()-Y",-0.98564873245283
"2936",1,"SITTING","training data","tBodyAccJerk-std()-Y",-0.981371965319149
"2937",1,"LAYING","training data","tBodyAccJerk-std()-Y",-0.9241492736
"2938",1,"WALKING","training data","tBodyAccJerk-std()-Y",0.0670025007684211
"2939",1,"WALKING_DOWNSTAIRS","training data","tBodyAccJerk-std()-Y",-0.101601390640816
"2940",1,"WALKING_UPSTAIRS","training data","tBodyAccJerk-std()-Y",-0.378274426037736
"2941",3,"STANDING","training data","tBodyAccJerk-std()-Y",-0.941686785737705
"2942",3,"SITTING","training data","tBodyAccJerk-std()-Y",-0.953631390961538
"2943",3,"LAYING","training data","tBodyAccJerk-std()-Y",-0.968710724677419
"2944",3,"WALKING","training data","tBodyAccJerk-std()-Y",-0.0449619594258621
"2945",3,"WALKING_DOWNSTAIRS","training data","tBodyAccJerk-std()-Y",-0.111439194979592
"2946",3,"WALKING_UPSTAIRS","training data","tBodyAccJerk-std()-Y",-0.251680364540678
"2947",5,"STANDING","training data","tBodyAccJerk-std()-Y",-0.931217140714286
"2948",5,"SITTING","training data","tBodyAccJerk-std()-Y",-0.952786261136364
"2949",5,"LAYING","training data","tBodyAccJerk-std()-Y",-0.964560430961538
"2950",5,"WALKING","training data","tBodyAccJerk-std()-Y",-0.0910397428607143
"2951",5,"WALKING_DOWNSTAIRS","training data","tBodyAccJerk-std()-Y",0.0473612314702128
"2952",5,"WALKING_UPSTAIRS","training data","tBodyAccJerk-std()-Y",-0.125026612744681
"2953",6,"STANDING","training data","tBodyAccJerk-std()-Y",-0.949362277017544
"2954",6,"SITTING","training data","tBodyAccJerk-std()-Y",-0.945143686181818
"2955",6,"LAYING","training data","tBodyAccJerk-std()-Y",-0.933674494385965
"2956",6,"WALKING","training data","tBodyAccJerk-std()-Y",0.00808897373684211
"2957",6,"WALKING_DOWNSTAIRS","training data","tBodyAccJerk-std()-Y",0.276544029529167
"2958",6,"WALKING_UPSTAIRS","training data","tBodyAccJerk-std()-Y",-0.0413994646723529
"2959",7,"STANDING","training data","tBodyAccJerk-std()-Y",-0.965810609622642
"2960",7,"SITTING","training data","tBodyAccJerk-std()-Y",-0.969458676458333
"2961",7,"LAYING","training data","tBodyAccJerk-std()-Y",-0.973093160192308
"2962",7,"WALKING","training data","tBodyAccJerk-std()-Y",-0.0547448948245614
"2963",7,"WALKING_DOWNSTAIRS","training data","tBodyAccJerk-std()-Y",-0.296279674759574
"2964",7,"WALKING_UPSTAIRS","training data","tBodyAccJerk-std()-Y",-0.519897595686274
"2965",8,"STANDING","training data","tBodyAccJerk-std()-Y",-0.976442140740741
"2966",8,"SITTING","training data","tBodyAccJerk-std()-Y",-0.980784606086957
"2967",8,"LAYING","training data","tBodyAccJerk-std()-Y",-0.976520952037037
"2968",8,"WALKING","training data","tBodyAccJerk-std()-Y",0.233987544458333
"2969",8,"WALKING_DOWNSTAIRS","training data","tBodyAccJerk-std()-Y",0.288140718789474
"2970",8,"WALKING_UPSTAIRS","training data","tBodyAccJerk-std()-Y",-0.0123501104926829
"2971",11,"STANDING","training data","tBodyAccJerk-std()-Y",-0.979428279574468
"2972",11,"SITTING","training data","tBodyAccJerk-std()-Y",-0.966766643396226
"2973",11,"LAYING","training data","tBodyAccJerk-std()-Y",-0.972777455263158
"2974",11,"WALKING","training data","tBodyAccJerk-std()-Y",-0.181419230254237
"2975",11,"WALKING_DOWNSTAIRS","training data","tBodyAccJerk-std()-Y",-0.126816662141304
"2976",11,"WALKING_UPSTAIRS","training data","tBodyAccJerk-std()-Y",-0.428119229814815
"2977",14,"STANDING","training data","tBodyAccJerk-std()-Y",-0.966362425833333
"2978",14,"SITTING","training data","tBodyAccJerk-std()-Y",-0.967828356296296
"2979",14,"LAYING","training data","tBodyAccJerk-std()-Y",-0.96812761745098
"2980",14,"WALKING","training data","tBodyAccJerk-std()-Y",-0.344339569152542
"2981",14,"WALKING_DOWNSTAIRS","training data","tBodyAccJerk-std()-Y",0.192791766468889
"2982",14,"WALKING_UPSTAIRS","training data","tBodyAccJerk-std()-Y",-0.336427181240741
"2983",15,"STANDING","training data","tBodyAccJerk-std()-Y",-0.967720399622641
"2984",15,"SITTING","training data","tBodyAccJerk-std()-Y",-0.978126998813559
"2985",15,"LAYING","training data","tBodyAccJerk-std()-Y",-0.970921587777778
"2986",15,"WALKING","training data","tBodyAccJerk-std()-Y",-0.0319265467387037
"2987",15,"WALKING_DOWNSTAIRS","training data","tBodyAccJerk-std()-Y",0.0158059210738095
"2988",15,"WALKING_UPSTAIRS","training data","tBodyAccJerk-std()-Y",-0.311861356875
"2989",16,"STANDING","training data","tBodyAccJerk-std()-Y",-0.98262195474359
"2990",16,"SITTING","training data","tBodyAccJerk-std()-Y",-0.981800970724638
"2991",16,"LAYING","training data","tBodyAccJerk-std()-Y",-0.984867286857143
"2992",16,"WALKING","training data","tBodyAccJerk-std()-Y",-0.425563858627451
"2993",16,"WALKING_DOWNSTAIRS","training data","tBodyAccJerk-std()-Y",-0.261684752425532
"2994",16,"WALKING_UPSTAIRS","training data","tBodyAccJerk-std()-Y",-0.425625937254902
"2995",17,"STANDING","training data","tBodyAccJerk-std()-Y",-0.98666125974359
"2996",17,"SITTING","training data","tBodyAccJerk-std()-Y",-0.98863700234375
"2997",17,"LAYING","training data","tBodyAccJerk-std()-Y",-0.976960542816901
"2998",17,"WALKING","training data","tBodyAccJerk-std()-Y",-0.0935385034
"2999",17,"WALKING_DOWNSTAIRS","training data","tBodyAccJerk-std()-Y",-0.304063534173913
"3000",17,"WALKING_UPSTAIRS","training data","tBodyAccJerk-std()-Y",-0.349791873229167
"3001",19,"STANDING","training data","tBodyAccJerk-std()-Y",-0.970543276575342
"3002",19,"SITTING","training data","tBodyAccJerk-std()-Y",-0.979267729041096
"3003",19,"LAYING","training data","tBodyAccJerk-std()-Y",-0.974524522650602
"3004",19,"WALKING","training data","tBodyAccJerk-std()-Y",0.0809271194038462
"3005",19,"WALKING_DOWNSTAIRS","training data","tBodyAccJerk-std()-Y",0.355306716915385
"3006",19,"WALKING_UPSTAIRS","training data","tBodyAccJerk-std()-Y",-0.0128865483575
"3007",21,"STANDING","training data","tBodyAccJerk-std()-Y",-0.963921458202247
"3008",21,"SITTING","training data","tBodyAccJerk-std()-Y",-0.979002804823529
"3009",21,"LAYING","training data","tBodyAccJerk-std()-Y",-0.971584753222222
"3010",21,"WALKING","training data","tBodyAccJerk-std()-Y",-0.0347143855729423
"3011",21,"WALKING_DOWNSTAIRS","training data","tBodyAccJerk-std()-Y",-0.0796009757622222
"3012",21,"WALKING_UPSTAIRS","training data","tBodyAccJerk-std()-Y",-0.203209665702128
"3013",22,"STANDING","training data","tBodyAccJerk-std()-Y",-0.952303493968254
"3014",22,"SITTING","training data","tBodyAccJerk-std()-Y",-0.964782832419355
"3015",22,"LAYING","training data","tBodyAccJerk-std()-Y",-0.955151526805556
"3016",22,"WALKING","training data","tBodyAccJerk-std()-Y",0.225542290191304
"3017",22,"WALKING_DOWNSTAIRS","training data","tBodyAccJerk-std()-Y",0.0198613278611111
"3018",22,"WALKING_UPSTAIRS","training data","tBodyAccJerk-std()-Y",-0.0575784544857143
"3019",23,"STANDING","training data","tBodyAccJerk-std()-Y",-0.975219983676471
"3020",23,"SITTING","training data","tBodyAccJerk-std()-Y",-0.978045837794118
"3021",23,"LAYING","training data","tBodyAccJerk-std()-Y",-0.988611616666667
"3022",23,"WALKING","training data","tBodyAccJerk-std()-Y",-0.0805017337711864
"3023",23,"WALKING_DOWNSTAIRS","training data","tBodyAccJerk-std()-Y",-0.0883301225796296
"3024",23,"WALKING_UPSTAIRS","training data","tBodyAccJerk-std()-Y",-0.328225031
"3025",25,"STANDING","training data","tBodyAccJerk-std()-Y",-0.972272410540541
"3026",25,"SITTING","training data","tBodyAccJerk-std()-Y",-0.982870991692308
"3027",25,"LAYING","training data","tBodyAccJerk-std()-Y",-0.945687169726027
"3028",25,"WALKING","training data","tBodyAccJerk-std()-Y",-0.382619718513514
"3029",25,"WALKING_DOWNSTAIRS","training data","tBodyAccJerk-std()-Y",-0.371661522413793
"3030",25,"WALKING_UPSTAIRS","training data","tBodyAccJerk-std()-Y",-0.627131235692308
"3031",26,"STANDING","training data","tBodyAccJerk-std()-Y",-0.975935485405405
"3032",26,"SITTING","training data","tBodyAccJerk-std()-Y",-0.986215215641026
"3033",26,"LAYING","training data","tBodyAccJerk-std()-Y",-0.987182887763158
"3034",26,"WALKING","training data","tBodyAccJerk-std()-Y",-0.261863589338983
"3035",26,"WALKING_DOWNSTAIRS","training data","tBodyAccJerk-std()-Y",-0.08640490273602
"3036",26,"WALKING_UPSTAIRS","training data","tBodyAccJerk-std()-Y",-0.399771473818182
"3037",27,"STANDING","training data","tBodyAccJerk-std()-Y",-0.975829725
"3038",27,"SITTING","training data","tBodyAccJerk-std()-Y",-0.985097470714286
"3039",27,"LAYING","training data","tBodyAccJerk-std()-Y",-0.985159461756757
"3040",27,"WALKING","training data","tBodyAccJerk-std()-Y",-0.104090459225439
"3041",27,"WALKING_DOWNSTAIRS","training data","tBodyAccJerk-std()-Y",-0.138528104113636
"3042",27,"WALKING_UPSTAIRS","training data","tBodyAccJerk-std()-Y",-0.426833499411765
"3043",28,"STANDING","training data","tBodyAccJerk-std()-Y",-0.933768175063291
"3044",28,"SITTING","training data","tBodyAccJerk-std()-Y",-0.962219452777778
"3045",28,"LAYING","training data","tBodyAccJerk-std()-Y",-0.97867953975
"3046",28,"WALKING","training data","tBodyAccJerk-std()-Y",-0.220123120851852
"3047",28,"WALKING_DOWNSTAIRS","training data","tBodyAccJerk-std()-Y",0.0265530133695652
"3048",28,"WALKING_UPSTAIRS","training data","tBodyAccJerk-std()-Y",-0.331602407372549
"3049",29,"STANDING","training data","tBodyAccJerk-std()-Y",-0.983338157846154
"3050",29,"SITTING","training data","tBodyAccJerk-std()-Y",-0.9840551
"3051",29,"LAYING","training data","tBodyAccJerk-std()-Y",-0.989513565652174
"3052",29,"WALKING","training data","tBodyAccJerk-std()-Y",-0.087174644469434
"3053",29,"WALKING_DOWNSTAIRS","training data","tBodyAccJerk-std()-Y",-0.07734083835625
"3054",29,"WALKING_UPSTAIRS","training data","tBodyAccJerk-std()-Y",-0.388624195510204
"3055",30,"STANDING","training data","tBodyAccJerk-std()-Y",-0.957318881355932
"3056",30,"SITTING","training data","tBodyAccJerk-std()-Y",-0.980420928387097
"3057",30,"LAYING","training data","tBodyAccJerk-std()-Y",-0.971049778142857
"3058",30,"WALKING","training data","tBodyAccJerk-std()-Y",-0.270709274446154
"3059",30,"WALKING_DOWNSTAIRS","training data","tBodyAccJerk-std()-Y",-0.194656096556452
"3060",30,"WALKING_UPSTAIRS","training data","tBodyAccJerk-std()-Y",-0.587214542923077
"3061",2,"STANDING","test data","tBodyAccJerk-std()-Z",-0.982841446481482
"3062",2,"SITTING","test data","tBodyAccJerk-std()-Z",-0.98751821173913
"3063",2,"LAYING","test data","tBodyAccJerk-std()-Z",-0.988442014375
"3064",2,"WALKING","test data","tBodyAccJerk-std()-Z",-0.586090418983051
"3065",2,"WALKING_DOWNSTAIRS","test data","tBodyAccJerk-std()-Z",-0.340122023191489
"3066",2,"WALKING_UPSTAIRS","test data","tBodyAccJerk-std()-Z",-0.5737463525
"3067",4,"STANDING","test data","tBodyAccJerk-std()-Z",-0.973054201071429
"3068",4,"SITTING","test data","tBodyAccJerk-std()-Z",-0.9790387658
"3069",4,"LAYING","test data","tBodyAccJerk-std()-Z",-0.978511984259259
"3070",4,"WALKING","test data","tBodyAccJerk-std()-Z",-0.7513913825
"3071",4,"WALKING_DOWNSTAIRS","test data","tBodyAccJerk-std()-Z",-0.626646986888889
"3072",4,"WALKING_UPSTAIRS","test data","tBodyAccJerk-std()-Z",-0.726495311923077
"3073",9,"STANDING","test data","tBodyAccJerk-std()-Z",-0.970584264666667
"3074",9,"SITTING","test data","tBodyAccJerk-std()-Z",-0.9618894376
"3075",9,"LAYING","test data","tBodyAccJerk-std()-Z",-0.958562455
"3076",9,"WALKING","test data","tBodyAccJerk-std()-Z",-0.409764526153846
"3077",9,"WALKING_DOWNSTAIRS","test data","tBodyAccJerk-std()-Z",-0.359513362761905
"3078",9,"WALKING_UPSTAIRS","test data","tBodyAccJerk-std()-Z",-0.647296002040816
"3079",10,"STANDING","test data","tBodyAccJerk-std()-Z",-0.9764306
"3080",10,"SITTING","test data","tBodyAccJerk-std()-Z",-0.988255803703704
"3081",10,"LAYING","test data","tBodyAccJerk-std()-Z",-0.976256662586207
"3082",10,"WALKING","test data","tBodyAccJerk-std()-Z",-0.511662905849057
"3083",10,"WALKING_DOWNSTAIRS","test data","tBodyAccJerk-std()-Z",-0.318188417289474
"3084",10,"WALKING_UPSTAIRS","test data","tBodyAccJerk-std()-Z",-0.607520480212766
"3085",12,"STANDING","test data","tBodyAccJerk-std()-Z",-0.975556976885246
"3086",12,"SITTING","test data","tBodyAccJerk-std()-Z",-0.97911346627451
"3087",12,"LAYING","test data","tBodyAccJerk-std()-Z",-0.970629308166667
"3088",12,"WALKING","test data","tBodyAccJerk-std()-Z",-0.512276838
"3089",12,"WALKING_DOWNSTAIRS","test data","tBodyAccJerk-std()-Z",-0.498655793478261
"3090",12,"WALKING_UPSTAIRS","test data","tBodyAccJerk-std()-Z",-0.719336352692308
"3091",13,"STANDING","test data","tBodyAccJerk-std()-Z",-0.986926242631579
"3092",13,"SITTING","test data","tBodyAccJerk-std()-Z",-0.987612090204082
"3093",13,"LAYING","test data","tBodyAccJerk-std()-Z",-0.983070657419355
"3094",13,"WALKING","test data","tBodyAccJerk-std()-Z",-0.374633172105263
"3095",13,"WALKING_DOWNSTAIRS","test data","tBodyAccJerk-std()-Z",-0.31704660987234
"3096",13,"WALKING_UPSTAIRS","test data","tBodyAccJerk-std()-Z",-0.660921263636364
"3097",18,"STANDING","test data","tBodyAccJerk-std()-Z",-0.988455249452055
"3098",18,"SITTING","test data","tBodyAccJerk-std()-Z",-0.990153121754386
"3099",18,"LAYING","test data","tBodyAccJerk-std()-Z",-0.990660246153846
"3100",18,"WALKING","test data","tBodyAccJerk-std()-Z",-0.633325860714286
"3101",18,"WALKING_DOWNSTAIRS","test data","tBodyAccJerk-std()-Z",-0.651246664909091
"3102",18,"WALKING_UPSTAIRS","test data","tBodyAccJerk-std()-Z",-0.760829911206897
"3103",20,"STANDING","test data","tBodyAccJerk-std()-Z",-0.958936310958904
"3104",20,"SITTING","test data","tBodyAccJerk-std()-Z",-0.976522488787879
"3105",20,"LAYING","test data","tBodyAccJerk-std()-Z",-0.984989224117647
"3106",20,"WALKING","test data","tBodyAccJerk-std()-Z",-0.387664584313725
"3107",20,"WALKING_DOWNSTAIRS","test data","tBodyAccJerk-std()-Z",-0.381503405466667
"3108",20,"WALKING_UPSTAIRS","test data","tBodyAccJerk-std()-Z",-0.513641207058824
"3109",24,"STANDING","test data","tBodyAccJerk-std()-Z",-0.977716354927536
"3110",24,"SITTING","test data","tBodyAccJerk-std()-Z",-0.984662946764706
"3111",24,"LAYING","test data","tBodyAccJerk-std()-Z",-0.983087366805556
"3112",24,"WALKING","test data","tBodyAccJerk-std()-Z",-0.491189466034483
"3113",24,"WALKING_DOWNSTAIRS","test data","tBodyAccJerk-std()-Z",-0.290239376563636
"3114",24,"WALKING_UPSTAIRS","test data","tBodyAccJerk-std()-Z",-0.523807264237288
"3115",1,"STANDING","training data","tBodyAccJerk-std()-Z",-0.992251177358491
"3116",1,"SITTING","training data","tBodyAccJerk-std()-Z",-0.987910804468085
"3117",1,"LAYING","training data","tBodyAccJerk-std()-Z",-0.9548551108
"3118",1,"WALKING","training data","tBodyAccJerk-std()-Z",-0.502699788526316
"3119",1,"WALKING_DOWNSTAIRS","training data","tBodyAccJerk-std()-Z",-0.345735032326531
"3120",1,"WALKING_UPSTAIRS","training data","tBodyAccJerk-std()-Z",-0.706593530943396
"3121",3,"STANDING","training data","tBodyAccJerk-std()-Z",-0.973059634918033
"3122",3,"SITTING","training data","tBodyAccJerk-std()-Z",-0.974661565961538
"3123",3,"LAYING","training data","tBodyAccJerk-std()-Z",-0.982093162903226
"3124",3,"WALKING","training data","tBodyAccJerk-std()-Z",-0.52948611637931
"3125",3,"WALKING_DOWNSTAIRS","training data","tBodyAccJerk-std()-Z",-0.571735243061224
"3126",3,"WALKING_UPSTAIRS","training data","tBodyAccJerk-std()-Z",-0.708551711864407
"3127",5,"STANDING","training data","tBodyAccJerk-std()-Z",-0.963832118928571
"3128",5,"SITTING","training data","tBodyAccJerk-std()-Z",-0.973436529545455
"3129",5,"LAYING","training data","tBodyAccJerk-std()-Z",-0.985419368461538
"3130",5,"WALKING","training data","tBodyAccJerk-std()-Z",-0.612895318571429
"3131",5,"WALKING_DOWNSTAIRS","training data","tBodyAccJerk-std()-Z",-0.52265163787234
"3132",5,"WALKING_UPSTAIRS","training data","tBodyAccJerk-std()-Z",-0.63836903212766
"3133",6,"STANDING","training data","tBodyAccJerk-std()-Z",-0.967547241754386
"3134",6,"SITTING","training data","tBodyAccJerk-std()-Z",-0.958572952545454
"3135",6,"LAYING","training data","tBodyAccJerk-std()-Z",-0.959646055263158
"3136",6,"WALKING","training data","tBodyAccJerk-std()-Z",-0.575777466491228
"3137",6,"WALKING_DOWNSTAIRS","training data","tBodyAccJerk-std()-Z",-0.336817322270833
"3138",6,"WALKING_UPSTAIRS","training data","tBodyAccJerk-std()-Z",-0.560830688235294
"3139",7,"STANDING","training data","tBodyAccJerk-std()-Z",-0.972060053207547
"3140",7,"SITTING","training data","tBodyAccJerk-std()-Z",-0.972256472708333
"3141",7,"LAYING","training data","tBodyAccJerk-std()-Z",-0.972983064230769
"3142",7,"WALKING","training data","tBodyAccJerk-std()-Z",-0.149488514397895
"3143",7,"WALKING_DOWNSTAIRS","training data","tBodyAccJerk-std()-Z",-0.347107758021277
"3144",7,"WALKING_UPSTAIRS","training data","tBodyAccJerk-std()-Z",-0.60780843627451
"3145",8,"STANDING","training data","tBodyAccJerk-std()-Z",-0.982610899259259
"3146",8,"SITTING","training data","tBodyAccJerk-std()-Z",-0.985285807173913
"3147",8,"LAYING","training data","tBodyAccJerk-std()-Z",-0.96608757462963
"3148",8,"WALKING","training data","tBodyAccJerk-std()-Z",-0.383200596479167
"3149",8,"WALKING_DOWNSTAIRS","training data","tBodyAccJerk-std()-Z",-0.0135136269
"3150",8,"WALKING_UPSTAIRS","training data","tBodyAccJerk-std()-Z",-0.447518179097561
"3151",11,"STANDING","training data","tBodyAccJerk-std()-Z",-0.990132989574468
"3152",11,"SITTING","training data","tBodyAccJerk-std()-Z",-0.983441609622641
"3153",11,"LAYING","training data","tBodyAccJerk-std()-Z",-0.982111784210526
"3154",11,"WALKING","training data","tBodyAccJerk-std()-Z",-0.720654731186441
"3155",11,"WALKING_DOWNSTAIRS","training data","tBodyAccJerk-std()-Z",-0.579710482173913
"3156",11,"WALKING_UPSTAIRS","training data","tBodyAccJerk-std()-Z",-0.785359167222222
"3157",14,"STANDING","training data","tBodyAccJerk-std()-Z",-0.970766734
"3158",14,"SITTING","training data","tBodyAccJerk-std()-Z",-0.976133383518519
"3159",14,"LAYING","training data","tBodyAccJerk-std()-Z",-0.972431855490196
"3160",14,"WALKING","training data","tBodyAccJerk-std()-Z",-0.472791088644068
"3161",14,"WALKING_DOWNSTAIRS","training data","tBodyAccJerk-std()-Z",-0.133634060621778
"3162",14,"WALKING_UPSTAIRS","training data","tBodyAccJerk-std()-Z",-0.327868814314815
"3163",15,"STANDING","training data","tBodyAccJerk-std()-Z",-0.985301940754717
"3164",15,"SITTING","training data","tBodyAccJerk-std()-Z",-0.987011024745763
"3165",15,"LAYING","training data","tBodyAccJerk-std()-Z",-0.978402956527778
"3166",15,"WALKING","training data","tBodyAccJerk-std()-Z",-0.686268420555556
"3167",15,"WALKING_DOWNSTAIRS","training data","tBodyAccJerk-std()-Z",-0.404005582309524
"3168",15,"WALKING_UPSTAIRS","training data","tBodyAccJerk-std()-Z",-0.748809454166667
"3169",16,"STANDING","training data","tBodyAccJerk-std()-Z",-0.988073825641026
"3170",16,"SITTING","training data","tBodyAccJerk-std()-Z",-0.983487212898551
"3171",16,"LAYING","training data","tBodyAccJerk-std()-Z",-0.987644127
"3172",16,"WALKING","training data","tBodyAccJerk-std()-Z",-0.44025821745098
"3173",16,"WALKING_DOWNSTAIRS","training data","tBodyAccJerk-std()-Z",-0.303381582831915
"3174",16,"WALKING_UPSTAIRS","training data","tBodyAccJerk-std()-Z",-0.593411129607843
"3175",17,"STANDING","training data","tBodyAccJerk-std()-Z",-0.991217027307692
"3176",17,"SITTING","training data","tBodyAccJerk-std()-Z",-0.990529261875
"3177",17,"LAYING","training data","tBodyAccJerk-std()-Z",-0.98281300056338
"3178",17,"WALKING","training data","tBodyAccJerk-std()-Z",-0.534303311639344
"3179",17,"WALKING_DOWNSTAIRS","training data","tBodyAccJerk-std()-Z",-0.536331570652174
"3180",17,"WALKING_UPSTAIRS","training data","tBodyAccJerk-std()-Z",-0.657430836041667
"3181",19,"STANDING","training data","tBodyAccJerk-std()-Z",-0.986142491917808
"3182",19,"SITTING","training data","tBodyAccJerk-std()-Z",-0.986704740273973
"3183",19,"LAYING","training data","tBodyAccJerk-std()-Z",-0.988260181084337
"3184",19,"WALKING","training data","tBodyAccJerk-std()-Z",-0.179390497475
"3185",19,"WALKING_DOWNSTAIRS","training data","tBodyAccJerk-std()-Z",-0.0200111148717949
"3186",19,"WALKING_UPSTAIRS","training data","tBodyAccJerk-std()-Z",-0.4442822275
"3187",21,"STANDING","training data","tBodyAccJerk-std()-Z",-0.977915677191011
"3188",21,"SITTING","training data","tBodyAccJerk-std()-Z",-0.985823622941176
"3189",21,"LAYING","training data","tBodyAccJerk-std()-Z",-0.983977644222222
"3190",21,"WALKING","training data","tBodyAccJerk-std()-Z",-0.425142604807692
"3191",21,"WALKING_DOWNSTAIRS","training data","tBodyAccJerk-std()-Z",-0.246061882112444
"3192",21,"WALKING_UPSTAIRS","training data","tBodyAccJerk-std()-Z",-0.562052350212766
"3193",22,"STANDING","training data","tBodyAccJerk-std()-Z",-0.981478064920635
"3194",22,"SITTING","training data","tBodyAccJerk-std()-Z",-0.978928356290323
"3195",22,"LAYING","training data","tBodyAccJerk-std()-Z",-0.974527011944444
"3196",22,"WALKING","training data","tBodyAccJerk-std()-Z",-0.313155902608696
"3197",22,"WALKING_DOWNSTAIRS","training data","tBodyAccJerk-std()-Z",-0.477806646111111
"3198",22,"WALKING_UPSTAIRS","training data","tBodyAccJerk-std()-Z",-0.471703304761905
"3199",23,"STANDING","training data","tBodyAccJerk-std()-Z",-0.973595215441176
"3200",23,"SITTING","training data","tBodyAccJerk-std()-Z",-0.975978995
"3201",23,"LAYING","training data","tBodyAccJerk-std()-Z",-0.984663476666667
"3202",23,"WALKING","training data","tBodyAccJerk-std()-Z",-0.0293115056033898
"3203",23,"WALKING_DOWNSTAIRS","training data","tBodyAccJerk-std()-Z",0.0310157077775926
"3204",23,"WALKING_UPSTAIRS","training data","tBodyAccJerk-std()-Z",-0.408094020392157
"3205",25,"STANDING","training data","tBodyAccJerk-std()-Z",-0.987062685135135
"3206",25,"SITTING","training data","tBodyAccJerk-std()-Z",-0.988433153384615
"3207",25,"LAYING","training data","tBodyAccJerk-std()-Z",-0.96783552630137
"3208",25,"WALKING","training data","tBodyAccJerk-std()-Z",-0.675601403648649
"3209",25,"WALKING_DOWNSTAIRS","training data","tBodyAccJerk-std()-Z",-0.711494695517241
"3210",25,"WALKING_UPSTAIRS","training data","tBodyAccJerk-std()-Z",-0.812458372307692
"3211",26,"STANDING","training data","tBodyAccJerk-std()-Z",-0.986693448648649
"3212",26,"SITTING","training data","tBodyAccJerk-std()-Z",-0.99000871051282
"3213",26,"LAYING","training data","tBodyAccJerk-std()-Z",-0.989064628947368
"3214",26,"WALKING","training data","tBodyAccJerk-std()-Z",-0.397483516101695
"3215",26,"WALKING_DOWNSTAIRS","training data","tBodyAccJerk-std()-Z",-0.3793359516
"3216",26,"WALKING_UPSTAIRS","training data","tBodyAccJerk-std()-Z",-0.677995585454545
"3217",27,"STANDING","training data","tBodyAccJerk-std()-Z",-0.987354788
"3218",27,"SITTING","training data","tBodyAccJerk-std()-Z",-0.988904001571429
"3219",27,"LAYING","training data","tBodyAccJerk-std()-Z",-0.989685146621622
"3220",27,"WALKING","training data","tBodyAccJerk-std()-Z",-0.401188539824561
"3221",27,"WALKING_DOWNSTAIRS","training data","tBodyAccJerk-std()-Z",-0.409310918409091
"3222",27,"WALKING_UPSTAIRS","training data","tBodyAccJerk-std()-Z",-0.633722935098039
"3223",28,"STANDING","training data","tBodyAccJerk-std()-Z",-0.969765362025316
"3224",28,"SITTING","training data","tBodyAccJerk-std()-Z",-0.976327426666667
"3225",28,"LAYING","training data","tBodyAccJerk-std()-Z",-0.973071655875
"3226",28,"WALKING","training data","tBodyAccJerk-std()-Z",-0.537470471666667
"3227",28,"WALKING_DOWNSTAIRS","training data","tBodyAccJerk-std()-Z",-0.427053261304348
"3228",28,"WALKING_UPSTAIRS","training data","tBodyAccJerk-std()-Z",-0.637488941176471
"3229",29,"STANDING","training data","tBodyAccJerk-std()-Z",-0.990593859692308
"3230",29,"SITTING","training data","tBodyAccJerk-std()-Z",-0.990168733
"3231",29,"LAYING","training data","tBodyAccJerk-std()-Z",-0.993288313333333
"3232",29,"WALKING","training data","tBodyAccJerk-std()-Z",-0.461758009811321
"3233",29,"WALKING_DOWNSTAIRS","training data","tBodyAccJerk-std()-Z",-0.478764185
"3234",29,"WALKING_UPSTAIRS","training data","tBodyAccJerk-std()-Z",-0.678763766530612
"3235",30,"STANDING","training data","tBodyAccJerk-std()-Z",-0.968897316101695
"3236",30,"SITTING","training data","tBodyAccJerk-std()-Z",-0.988164381290323
"3237",30,"LAYING","training data","tBodyAccJerk-std()-Z",-0.979517896142857
"3238",30,"WALKING","training data","tBodyAccJerk-std()-Z",-0.521351855076923
"3239",30,"WALKING_DOWNSTAIRS","training data","tBodyAccJerk-std()-Z",-0.467070153387097
"3240",30,"WALKING_UPSTAIRS","training data","tBodyAccJerk-std()-Z",-0.761942025384615
"3241",2,"STANDING","test data","tBodyGyro-mean()-X",-0.0238623875712963
"3242",2,"SITTING","test data","tBodyGyro-mean()-X",-0.0454706620434783
"3243",2,"LAYING","test data","tBodyGyro-mean()-X",-0.01847660675
"3244",2,"WALKING","test data","tBodyGyro-mean()-X",-0.0530258157347458
"3245",2,"WALKING_DOWNSTAIRS","test data","tBodyGyro-mean()-X",-0.11594735287234
"3246",2,"WALKING_UPSTAIRS","test data","tBodyGyro-mean()-X",-0.0576912634583333
"3247",4,"STANDING","test data","tBodyGyro-mean()-X",-0.0306449342357143
"3248",4,"SITTING","test data","tBodyGyro-mean()-X",-0.04944351156
"3249",4,"LAYING","test data","tBodyGyro-mean()-X",-0.00923156347222222
"3250",4,"WALKING","test data","tBodyGyro-mean()-X",-0.0317982557795
"3251",4,"WALKING_DOWNSTAIRS","test data","tBodyGyro-mean()-X",-0.102838822533333
"3252",4,"WALKING_UPSTAIRS","test data","tBodyGyro-mean()-X",0.0393825198942308
"3253",9,"STANDING","test data","tBodyGyro-mean()-X",-0.029183136346
"3254",9,"SITTING","test data","tBodyGyro-mean()-X",-0.042328876778
"3255",9,"LAYING","test data","tBodyGyro-mean()-X",-0.013632036148
"3256",9,"WALKING","test data","tBodyGyro-mean()-X",-0.0808360598653846
"3257",9,"WALKING_DOWNSTAIRS","test data","tBodyGyro-mean()-X",-0.0916383011071429
"3258",9,"WALKING_UPSTAIRS","test data","tBodyGyro-mean()-X",-0.16396719
"3259",10,"STANDING","test data","tBodyGyro-mean()-X",-0.0281854325604545
"3260",10,"SITTING","test data","tBodyGyro-mean()-X",-0.0432432176851852
"3261",10,"LAYING","test data","tBodyGyro-mean()-X",-0.019555937162069
"3262",10,"WALKING","test data","tBodyGyro-mean()-X",0.0106894976215094
"3263",10,"WALKING_DOWNSTAIRS","test data","tBodyGyro-mean()-X",-0.124839594289474
"3264",10,"WALKING_UPSTAIRS","test data","tBodyGyro-mean()-X",0.0733447168425532
"3265",12,"STANDING","test data","tBodyGyro-mean()-X",-0.0300030427426229
"3266",12,"SITTING","test data","tBodyGyro-mean()-X",-0.0424159182941176
"3267",12,"LAYING","test data","tBodyGyro-mean()-X",-0.0146546807316667
"3268",12,"WALKING","test data","tBodyGyro-mean()-X",-0.1045136708758
"3269",12,"WALKING_DOWNSTAIRS","test data","tBodyGyro-mean()-X",-0.112531564434783
"3270",12,"WALKING_UPSTAIRS","test data","tBodyGyro-mean()-X",-0.0931234101769231
"3271",13,"STANDING","test data","tBodyGyro-mean()-X",-0.0295492164431579
"3272",13,"SITTING","test data","tBodyGyro-mean()-X",-0.0355124856836735
"3273",13,"LAYING","test data","tBodyGyro-mean()-X",-0.00973609968045161
"3274",13,"WALKING","test data","tBodyGyro-mean()-X",-0.0174207634701754
"3275",13,"WALKING_DOWNSTAIRS","test data","tBodyGyro-mean()-X",-0.122672201757447
"3276",13,"WALKING_UPSTAIRS","test data","tBodyGyro-mean()-X",-0.13829376226
"3277",18,"STANDING","test data","tBodyGyro-mean()-X",-0.0265873248835616
"3278",18,"SITTING","test data","tBodyGyro-mean()-X",-0.0333057034385965
"3279",18,"LAYING","test data","tBodyGyro-mean()-X",-0.02517618068
"3280",18,"WALKING","test data","tBodyGyro-mean()-X",-0.0399399716026786
"3281",18,"WALKING_DOWNSTAIRS","test data","tBodyGyro-mean()-X",-0.0576548655654545
"3282",18,"WALKING_UPSTAIRS","test data","tBodyGyro-mean()-X",-0.0470683915017241
"3283",20,"STANDING","test data","tBodyGyro-mean()-X",-0.0241335049573973
"3284",20,"SITTING","test data","tBodyGyro-mean()-X",-0.036405928969697
"3285",20,"LAYING","test data","tBodyGyro-mean()-X",-0.0231760616308824
"3286",20,"WALKING","test data","tBodyGyro-mean()-X",-0.0234104225980392
"3287",20,"WALKING_DOWNSTAIRS","test data","tBodyGyro-mean()-X",-0.111367747557778
"3288",20,"WALKING_UPSTAIRS","test data","tBodyGyro-mean()-X",0.0659193258862745
"3289",24,"STANDING","test data","tBodyGyro-mean()-X",-0.0278611511434783
"3290",24,"SITTING","test data","tBodyGyro-mean()-X",-0.0356229619955882
"3291",24,"LAYING","test data","tBodyGyro-mean()-X",-0.0143679929444444
"3292",24,"WALKING","test data","tBodyGyro-mean()-X",-0.0545126870724138
"3293",24,"WALKING_DOWNSTAIRS","test data","tBodyGyro-mean()-X",-0.0867069010690909
"3294",24,"WALKING_UPSTAIRS","test data","tBodyGyro-mean()-X",0.0883163772152542
"3295",1,"STANDING","training data","tBodyGyro-mean()-X",-0.0239877347979245
"3296",1,"SITTING","training data","tBodyGyro-mean()-X",-0.045350056512766
"3297",1,"LAYING","training data","tBodyGyro-mean()-X",-0.016553093978
"3298",1,"WALKING","training data","tBodyGyro-mean()-X",-0.041830963526
"3299",1,"WALKING_DOWNSTAIRS","training data","tBodyGyro-mean()-X",-0.0350781902989796
"3300",1,"WALKING_UPSTAIRS","training data","tBodyGyro-mean()-X",0.050549379754717
"3301",3,"STANDING","training data","tBodyGyro-mean()-X",-0.0246626070770492
"3302",3,"SITTING","training data","tBodyGyro-mean()-X",-0.0385365204807692
"3303",3,"LAYING","training data","tBodyGyro-mean()-X",-0.0208170540330645
"3304",3,"WALKING","training data","tBodyGyro-mean()-X",-0.0256405192517241
"3305",3,"WALKING_DOWNSTAIRS","training data","tBodyGyro-mean()-X",-0.13157327645102
"3306",3,"WALKING_UPSTAIRS","training data","tBodyGyro-mean()-X",0.0721980309322034
"3307",5,"STANDING","training data","tBodyGyro-mean()-X",-0.0322711902673214
"3308",5,"SITTING","training data","tBodyGyro-mean()-X",-0.0422355209795455
"3309",5,"LAYING","training data","tBodyGyro-mean()-X",-0.0218935013501923
"3310",5,"WALKING","training data","tBodyGyro-mean()-X",-0.0488919896632143
"3311",5,"WALKING_DOWNSTAIRS","training data","tBodyGyro-mean()-X",-0.068294569906383
"3312",5,"WALKING_UPSTAIRS","training data","tBodyGyro-mean()-X",0.0395191121489362
"3313",6,"STANDING","training data","tBodyGyro-mean()-X",-0.028251913022807
"3314",6,"SITTING","training data","tBodyGyro-mean()-X",-0.0372442282830909
"3315",6,"LAYING","training data","tBodyGyro-mean()-X",-0.0079605026754386
"3316",6,"WALKING","training data","tBodyGyro-mean()-X",-0.025509618645614
"3317",6,"WALKING_DOWNSTAIRS","training data","tBodyGyro-mean()-X",-0.0960837437708333
"3318",6,"WALKING_UPSTAIRS","training data","tBodyGyro-mean()-X",-0.0767406825588235
"3319",7,"STANDING","training data","tBodyGyro-mean()-X",-0.0291582212545283
"3320",7,"SITTING","training data","tBodyGyro-mean()-X",-0.04963797197125
"3321",7,"LAYING","training data","tBodyGyro-mean()-X",-0.00282641913096154
"3322",7,"WALKING","training data","tBodyGyro-mean()-X",0.00228835208526316
"3323",7,"WALKING_DOWNSTAIRS","training data","tBodyGyro-mean()-X",-0.105409612961702
"3324",7,"WALKING_UPSTAIRS","training data","tBodyGyro-mean()-X",-0.138778108029412
"3325",8,"STANDING","training data","tBodyGyro-mean()-X",-0.0219671978203704
"3326",8,"SITTING","training data","tBodyGyro-mean()-X",-0.0547396987173913
"3327",8,"LAYING","training data","tBodyGyro-mean()-X",0.00535361206851852
"3328",8,"WALKING","training data","tBodyGyro-mean()-X",0.0235088228254167
"3329",8,"WALKING_DOWNSTAIRS","training data","tBodyGyro-mean()-X",-0.121189625973684
"3330",8,"WALKING_UPSTAIRS","training data","tBodyGyro-mean()-X",0.19270447595122
"3331",11,"STANDING","training data","tBodyGyro-mean()-X",-0.0293141521489362
"3332",11,"SITTING","training data","tBodyGyro-mean()-X",-0.0399984915849057
"3333",11,"LAYING","training data","tBodyGyro-mean()-X",-0.0191743840136842
"3334",11,"WALKING","training data","tBodyGyro-mean()-X",-0.0426928995457627
"3335",11,"WALKING_DOWNSTAIRS","training data","tBodyGyro-mean()-X",-0.12506869905
"3336",11,"WALKING_UPSTAIRS","training data","tBodyGyro-mean()-X",-0.0820909701727778
"3337",14,"STANDING","training data","tBodyGyro-mean()-X",-0.0220886526891667
"3338",14,"SITTING","training data","tBodyGyro-mean()-X",-0.0440403326851852
"3339",14,"LAYING","training data","tBodyGyro-mean()-X",0.00505221181607843
"3340",14,"WALKING","training data","tBodyGyro-mean()-X",-0.00347655062271186
"3341",14,"WALKING_DOWNSTAIRS","training data","tBodyGyro-mean()-X",-0.0147079653333333
"3342",14,"WALKING_UPSTAIRS","training data","tBodyGyro-mean()-X",0.0813841685037037
"3343",15,"STANDING","training data","tBodyGyro-mean()-X",-0.0262433562254717
"3344",15,"SITTING","training data","tBodyGyro-mean()-X",-0.0377111130338983
"3345",15,"LAYING","training data","tBodyGyro-mean()-X",-0.0168300887791667
"3346",15,"WALKING","training data","tBodyGyro-mean()-X",-0.0554883847662963
"3347",15,"WALKING_DOWNSTAIRS","training data","tBodyGyro-mean()-X",-0.136618653071429
"3348",15,"WALKING_UPSTAIRS","training data","tBodyGyro-mean()-X",0.0903340029875
"3349",16,"STANDING","training data","tBodyGyro-mean()-X",-0.0299337294166667
"3350",16,"SITTING","training data","tBodyGyro-mean()-X",-0.0412014042275362
"3351",16,"LAYING","training data","tBodyGyro-mean()-X",-0.0161545406857143
"3352",16,"WALKING","training data","tBodyGyro-mean()-X",-0.0151721912792157
"3353",16,"WALKING_DOWNSTAIRS","training data","tBodyGyro-mean()-X",-0.0225373369978723
"3354",16,"WALKING_UPSTAIRS","training data","tBodyGyro-mean()-X",0.0718408878078431
"3355",17,"STANDING","training data","tBodyGyro-mean()-X",-0.0269576937130769
"3356",17,"SITTING","training data","tBodyGyro-mean()-X",-0.042549159015625
"3357",17,"LAYING","training data","tBodyGyro-mean()-X",-0.0234756467113239
"3358",17,"WALKING","training data","tBodyGyro-mean()-X",-0.00922265519180328
"3359",17,"WALKING_DOWNSTAIRS","training data","tBodyGyro-mean()-X",0.0677728390673913
"3360",17,"WALKING_UPSTAIRS","training data","tBodyGyro-mean()-X",-0.0304250571395833
"3361",19,"STANDING","training data","tBodyGyro-mean()-X",-0.025090574020274
"3362",19,"SITTING","training data","tBodyGyro-mean()-X",-0.0214151280054795
"3363",19,"LAYING","training data","tBodyGyro-mean()-X",-0.0312072730559566
"3364",19,"WALKING","training data","tBodyGyro-mean()-X",-0.0274970979894231
"3365",19,"WALKING_DOWNSTAIRS","training data","tBodyGyro-mean()-X",-0.205775427307692
"3366",19,"WALKING_UPSTAIRS","training data","tBodyGyro-mean()-X",0.0388537087875
"3367",21,"STANDING","training data","tBodyGyro-mean()-X",-0.0191731896359551
"3368",21,"SITTING","training data","tBodyGyro-mean()-X",-0.0198712820612471
"3369",21,"LAYING","training data","tBodyGyro-mean()-X",-0.0305126188777778
"3370",21,"WALKING","training data","tBodyGyro-mean()-X",-0.0459323393842308
"3371",21,"WALKING_DOWNSTAIRS","training data","tBodyGyro-mean()-X",-0.126388023595556
"3372",21,"WALKING_UPSTAIRS","training data","tBodyGyro-mean()-X",0.062608688893617
"3373",22,"STANDING","training data","tBodyGyro-mean()-X",-0.0275201762126984
"3374",22,"SITTING","training data","tBodyGyro-mean()-X",-0.0360430675032258
"3375",22,"LAYING","training data","tBodyGyro-mean()-X",-0.0208311371125
"3376",22,"WALKING","training data","tBodyGyro-mean()-X",0.0007771571
"3377",22,"WALKING_DOWNSTAIRS","training data","tBodyGyro-mean()-X",-0.0779611213138889
"3378",22,"WALKING_UPSTAIRS","training data","tBodyGyro-mean()-X",0.13497880785381
"3379",23,"STANDING","training data","tBodyGyro-mean()-X",-0.0327397745133823
"3380",23,"SITTING","training data","tBodyGyro-mean()-X",-0.0472583464367647
"3381",23,"LAYING","training data","tBodyGyro-mean()-X",-0.0113399724663889
"3382",23,"WALKING","training data","tBodyGyro-mean()-X",-0.0631156870355932
"3383",23,"WALKING_DOWNSTAIRS","training data","tBodyGyro-mean()-X",-0.0578230190203704
"3384",23,"WALKING_UPSTAIRS","training data","tBodyGyro-mean()-X",0.0957940245941176
"3385",25,"STANDING","training data","tBodyGyro-mean()-X",-0.0247946750959459
"3386",25,"SITTING","training data","tBodyGyro-mean()-X",-0.0352052091230769
"3387",25,"LAYING","training data","tBodyGyro-mean()-X",0.00372723459589041
"3388",25,"WALKING","training data","tBodyGyro-mean()-X",-0.0156305378067568
"3389",25,"WALKING_DOWNSTAIRS","training data","tBodyGyro-mean()-X",0.00299112856551724
"3390",25,"WALKING_UPSTAIRS","training data","tBodyGyro-mean()-X",0.0556121923307692
"3391",26,"STANDING","training data","tBodyGyro-mean()-X",-0.0245345837959459
"3392",26,"SITTING","training data","tBodyGyro-mean()-X",-0.0370217449628205
"3393",26,"LAYING","training data","tBodyGyro-mean()-X",-0.0170656239526316
"3394",26,"WALKING","training data","tBodyGyro-mean()-X",-0.00334085938813559
"3395",26,"WALKING_DOWNSTAIRS","training data","tBodyGyro-mean()-X",-0.010752208236
"3396",26,"WALKING_UPSTAIRS","training data","tBodyGyro-mean()-X",-0.0247950825654545
"3397",27,"STANDING","training data","tBodyGyro-mean()-X",-0.026731653905
"3398",27,"SITTING","training data","tBodyGyro-mean()-X",-0.0371830822285714
"3399",27,"LAYING","training data","tBodyGyro-mean()-X",-0.0195427328781081
"3400",27,"WALKING","training data","tBodyGyro-mean()-X",-0.08558835714
"3401",27,"WALKING_DOWNSTAIRS","training data","tBodyGyro-mean()-X",-0.159826551905227
"3402",27,"WALKING_UPSTAIRS","training data","tBodyGyro-mean()-X",-0.0940344886803922
"3403",28,"STANDING","training data","tBodyGyro-mean()-X",-0.0253281543540506
"3404",28,"SITTING","training data","tBodyGyro-mean()-X",-0.0339018030166667
"3405",28,"LAYING","training data","tBodyGyro-mean()-X",-0.017367705735
"3406",28,"WALKING","training data","tBodyGyro-mean()-X",-0.105896207861111
"3407",28,"WALKING_DOWNSTAIRS","training data","tBodyGyro-mean()-X",-0.141096309502174
"3408",28,"WALKING_UPSTAIRS","training data","tBodyGyro-mean()-X",-0.129362970764706
"3409",29,"STANDING","training data","tBodyGyro-mean()-X",-0.0276075573307692
"3410",29,"SITTING","training data","tBodyGyro-mean()-X",-0.0379271112333333
"3411",29,"LAYING","training data","tBodyGyro-mean()-X",-0.0258281004782609
"3412",29,"WALKING","training data","tBodyGyro-mean()-X",-0.00795668167188679
"3413",29,"WALKING_DOWNSTAIRS","training data","tBodyGyro-mean()-X",-0.0374126070957292
"3414",29,"WALKING_UPSTAIRS","training data","tBodyGyro-mean()-X",0.0931989463020408
"3415",30,"STANDING","training data","tBodyGyro-mean()-X",-0.027613853538983
"3416",30,"SITTING","training data","tBodyGyro-mean()-X",-0.0358426482048387
"3417",30,"LAYING","training data","tBodyGyro-mean()-X",-0.0267812218571429
"3418",30,"WALKING","training data","tBodyGyro-mean()-X",-0.0459505355861538
"3419",30,"WALKING_DOWNSTAIRS","training data","tBodyGyro-mean()-X",-0.0745591301759677
"3420",30,"WALKING_UPSTAIRS","training data","tBodyGyro-mean()-X",-0.00355974576923077
"3421",2,"STANDING","test data","tBodyGyro-mean()-Y",-0.0820396577592593
"3422",2,"SITTING","test data","tBodyGyro-mean()-Y",-0.0599286797043478
"3423",2,"LAYING","test data","tBodyGyro-mean()-Y",-0.111800824583333
"3424",2,"WALKING","test data","tBodyGyro-mean()-Y",-0.0482382316949153
"3425",2,"WALKING_DOWNSTAIRS","test data","tBodyGyro-mean()-Y",-0.00482329231914894
"3426",2,"WALKING_UPSTAIRS","test data","tBodyGyro-mean()-Y",-0.0320883097395833
"3427",4,"STANDING","test data","tBodyGyro-mean()-Y",-0.061824850625
"3428",4,"SITTING","test data","tBodyGyro-mean()-Y",-0.08943006108
"3429",4,"LAYING","test data","tBodyGyro-mean()-Y",-0.0930128180759259
"3430",4,"WALKING","test data","tBodyGyro-mean()-Y",-0.0726905278583333
"3431",4,"WALKING_DOWNSTAIRS","test data","tBodyGyro-mean()-Y",-0.0704025952333333
"3432",4,"WALKING_UPSTAIRS","test data","tBodyGyro-mean()-Y",-0.0859471683596154
"3433",9,"STANDING","test data","tBodyGyro-mean()-Y",-0.060810158296
"3434",9,"SITTING","test data","tBodyGyro-mean()-Y",-0.04142711812
"3435",9,"LAYING","test data","tBodyGyro-mean()-Y",-0.15890291983
"3436",9,"WALKING","test data","tBodyGyro-mean()-Y",-0.0625598710615385
"3437",9,"WALKING_DOWNSTAIRS","test data","tBodyGyro-mean()-Y",-0.0712598843142857
"3438",9,"WALKING_UPSTAIRS","test data","tBodyGyro-mean()-Y",-0.0412587909579592
"3439",10,"STANDING","test data","tBodyGyro-mean()-Y",-0.0876820486363636
"3440",10,"SITTING","test data","tBodyGyro-mean()-Y",-0.0679993598888889
"3441",10,"LAYING","test data","tBodyGyro-mean()-Y",-0.0770325657265517
"3442",10,"WALKING","test data","tBodyGyro-mean()-Y",-0.0819540783760943
"3443",10,"WALKING_DOWNSTAIRS","test data","tBodyGyro-mean()-Y",-0.106742538831579
"3444",10,"WALKING_UPSTAIRS","test data","tBodyGyro-mean()-Y",-0.0954600216446809
"3445",12,"STANDING","test data","tBodyGyro-mean()-Y",-0.0700083750360656
"3446",12,"SITTING","test data","tBodyGyro-mean()-Y",-0.0751980398235294
"3447",12,"LAYING","test data","tBodyGyro-mean()-Y",-0.0835537350333333
"3448",12,"WALKING","test data","tBodyGyro-mean()-Y",-0.03442910782
"3449",12,"WALKING_DOWNSTAIRS","test data","tBodyGyro-mean()-Y",-0.0427336692521739
"3450",12,"WALKING_UPSTAIRS","test data","tBodyGyro-mean()-Y",-0.0411314519307692
"3451",13,"STANDING","test data","tBodyGyro-mean()-Y",-0.0753205243684211
"3452",13,"SITTING","test data","tBodyGyro-mean()-Y",-0.0902687401836735
"3453",13,"LAYING","test data","tBodyGyro-mean()-Y",-0.0966250701451613
"3454",13,"WALKING","test data","tBodyGyro-mean()-Y",-0.0798472502663158
"3455",13,"WALKING_DOWNSTAIRS","test data","tBodyGyro-mean()-Y",-0.0237205719148936
"3456",13,"WALKING_UPSTAIRS","test data","tBodyGyro-mean()-Y",0.00381966911090909
"3457",18,"STANDING","test data","tBodyGyro-mean()-Y",-0.0732260127945206
"3458",18,"SITTING","test data","tBodyGyro-mean()-Y",-0.0685796341105263
"3459",18,"LAYING","test data","tBodyGyro-mean()-Y",-0.0837587308153846
"3460",18,"WALKING","test data","tBodyGyro-mean()-Y",-0.0613727362975
"3461",18,"WALKING_DOWNSTAIRS","test data","tBodyGyro-mean()-Y",-0.0636214336761818
"3462",18,"WALKING_UPSTAIRS","test data","tBodyGyro-mean()-Y",-0.0526133819862069
"3463",20,"STANDING","test data","tBodyGyro-mean()-Y",-0.0698308923617808
"3464",20,"SITTING","test data","tBodyGyro-mean()-Y",-0.0650689347121212
"3465",20,"LAYING","test data","tBodyGyro-mean()-Y",-0.0954899626029412
"3466",20,"WALKING","test data","tBodyGyro-mean()-Y",-0.074105054612549
"3467",20,"WALKING_DOWNSTAIRS","test data","tBodyGyro-mean()-Y",0.0139023395111111
"3468",20,"WALKING_UPSTAIRS","test data","tBodyGyro-mean()-Y",-0.174650964745098
"3469",24,"STANDING","test data","tBodyGyro-mean()-Y",-0.0692546674492754
"3470",24,"SITTING","test data","tBodyGyro-mean()-Y",-0.0750132697044118
"3471",24,"LAYING","test data","tBodyGyro-mean()-Y",-0.0955538053611111
"3472",24,"WALKING","test data","tBodyGyro-mean()-Y",-0.0658435879913793
"3473",24,"WALKING_DOWNSTAIRS","test data","tBodyGyro-mean()-Y",-0.0542300245127273
"3474",24,"WALKING_UPSTAIRS","test data","tBodyGyro-mean()-Y",-0.105932947294915
"3475",1,"STANDING","training data","tBodyGyro-mean()-Y",-0.0593972209811321
"3476",1,"SITTING","training data","tBodyGyro-mean()-Y",-0.0919241549361702
"3477",1,"LAYING","training data","tBodyGyro-mean()-Y",-0.064486124088
"3478",1,"WALKING","training data","tBodyGyro-mean()-Y",-0.0695300462115789
"3479",1,"WALKING_DOWNSTAIRS","training data","tBodyGyro-mean()-Y",-0.0909371290204082
"3480",1,"WALKING_UPSTAIRS","training data","tBodyGyro-mean()-Y",-0.166170015088679
"3481",3,"STANDING","training data","tBodyGyro-mean()-Y",-0.0585101918262295
"3482",3,"SITTING","training data","tBodyGyro-mean()-Y",-0.07524100275
"3483",3,"LAYING","training data","tBodyGyro-mean()-Y",-0.0718507159435484
"3484",3,"WALKING","training data","tBodyGyro-mean()-Y",-0.0779150937413793
"3485",3,"WALKING_DOWNSTAIRS","training data","tBodyGyro-mean()-Y",-0.0139358043959184
"3486",3,"WALKING_UPSTAIRS","training data","tBodyGyro-mean()-Y",-0.139275405637288
"3487",5,"STANDING","training data","tBodyGyro-mean()-Y",-0.050987505
"3488",5,"SITTING","training data","tBodyGyro-mean()-Y",-0.0835484079545455
"3489",5,"LAYING","training data","tBodyGyro-mean()-Y",-0.0798709596153846
"3490",5,"WALKING","training data","tBodyGyro-mean()-Y",-0.0690135249642857
"3491",5,"WALKING_DOWNSTAIRS","training data","tBodyGyro-mean()-Y",-0.0707805998787234
"3492",5,"WALKING_UPSTAIRS","training data","tBodyGyro-mean()-Y",-0.117195551802128
"3493",6,"STANDING","training data","tBodyGyro-mean()-Y",-0.0589823639438597
"3494",6,"SITTING","training data","tBodyGyro-mean()-Y",-0.0899083302550909
"3495",6,"LAYING","training data","tBodyGyro-mean()-Y",-0.107218315054386
"3496",6,"WALKING","training data","tBodyGyro-mean()-Y",-0.0744462466
"3497",6,"WALKING_DOWNSTAIRS","training data","tBodyGyro-mean()-Y",-0.0341782208604167
"3498",6,"WALKING_UPSTAIRS","training data","tBodyGyro-mean()-Y",-0.0518981989072549
"3499",7,"STANDING","training data","tBodyGyro-mean()-Y",-0.0774336443396226
"3500",7,"SITTING","training data","tBodyGyro-mean()-Y",-0.03361196465625
"3501",7,"LAYING","training data","tBodyGyro-mean()-Y",-0.133605695057692
"3502",7,"WALKING","training data","tBodyGyro-mean()-Y",-0.0837113724842105
"3503",7,"WALKING_DOWNSTAIRS","training data","tBodyGyro-mean()-Y",-0.049717460606383
"3504",7,"WALKING_UPSTAIRS","training data","tBodyGyro-mean()-Y",-0.00247161973
"3505",8,"STANDING","training data","tBodyGyro-mean()-Y",-0.0280117633814815
"3506",8,"SITTING","training data","tBodyGyro-mean()-Y",-0.0955089236521739
"3507",8,"LAYING","training data","tBodyGyro-mean()-Y",-0.0891374138592593
"3508",8,"WALKING","training data","tBodyGyro-mean()-Y",-0.095791790535
"3509",8,"WALKING_DOWNSTAIRS","training data","tBodyGyro-mean()-Y",-0.0500760173342105
"3510",8,"WALKING_UPSTAIRS","training data","tBodyGyro-mean()-Y",-0.204205356087805
"3511",11,"STANDING","training data","tBodyGyro-mean()-Y",-0.0765465041914894
"3512",11,"SITTING","training data","tBodyGyro-mean()-Y",-0.0755284478679245
"3513",11,"LAYING","training data","tBodyGyro-mean()-Y",-0.041559989822807
"3514",11,"WALKING","training data","tBodyGyro-mean()-Y",-0.0705104974254237
"3515",11,"WALKING_DOWNSTAIRS","training data","tBodyGyro-mean()-Y",-0.0262775345369565
"3516",11,"WALKING_UPSTAIRS","training data","tBodyGyro-mean()-Y",-0.0566928808703704
"3517",14,"STANDING","training data","tBodyGyro-mean()-Y",-0.05581088271
"3518",14,"SITTING","training data","tBodyGyro-mean()-Y",-0.0713478280925926
"3519",14,"LAYING","training data","tBodyGyro-mean()-Y",-0.153423807745098
"3520",14,"WALKING","training data","tBodyGyro-mean()-Y",-0.0829682847966102
"3521",14,"WALKING_DOWNSTAIRS","training data","tBodyGyro-mean()-Y",-0.0945288409066667
"3522",14,"WALKING_UPSTAIRS","training data","tBodyGyro-mean()-Y",-0.123499570044444
"3523",15,"STANDING","training data","tBodyGyro-mean()-Y",-0.0659637517169811
"3524",15,"SITTING","training data","tBodyGyro-mean()-Y",-0.0803428762830509
"3525",15,"LAYING","training data","tBodyGyro-mean()-Y",-0.0619700871944444
"3526",15,"WALKING","training data","tBodyGyro-mean()-Y",-0.06124278833
"3527",15,"WALKING_DOWNSTAIRS","training data","tBodyGyro-mean()-Y",-0.0346755727619048
"3528",15,"WALKING_UPSTAIRS","training data","tBodyGyro-mean()-Y",-0.154721289270833
"3529",16,"STANDING","training data","tBodyGyro-mean()-Y",-0.068667733
"3530",16,"SITTING","training data","tBodyGyro-mean()-Y",-0.0574525433043478
"3531",16,"LAYING","training data","tBodyGyro-mean()-Y",-0.113675060885714
"3532",16,"WALKING","training data","tBodyGyro-mean()-Y",-0.0695955689607843
"3533",16,"WALKING_DOWNSTAIRS","training data","tBodyGyro-mean()-Y",-0.068264792706383
"3534",16,"WALKING_UPSTAIRS","training data","tBodyGyro-mean()-Y",-0.0486136789705882
"3535",17,"STANDING","training data","tBodyGyro-mean()-Y",-0.0770632126371795
"3536",17,"SITTING","training data","tBodyGyro-mean()-Y",-0.0669245931234375
"3537",17,"LAYING","training data","tBodyGyro-mean()-Y",-0.0944580192535211
"3538",17,"WALKING","training data","tBodyGyro-mean()-Y",-0.0839773343770492
"3539",17,"WALKING_DOWNSTAIRS","training data","tBodyGyro-mean()-Y",-0.123517195928261
"3540",17,"WALKING_UPSTAIRS","training data","tBodyGyro-mean()-Y",-0.0548455941370417
"3541",19,"STANDING","training data","tBodyGyro-mean()-Y",-0.0631429827260274
"3542",19,"SITTING","training data","tBodyGyro-mean()-Y",-0.0520207886438356
"3543",19,"LAYING","training data","tBodyGyro-mean()-Y",-0.0952628014096386
"3544",19,"WALKING","training data","tBodyGyro-mean()-Y",-0.0751569333730769
"3545",19,"WALKING_DOWNSTAIRS","training data","tBodyGyro-mean()-Y",0.0274707556666667
"3546",19,"WALKING_UPSTAIRS","training data","tBodyGyro-mean()-Y",-0.134514320575
"3547",21,"STANDING","training data","tBodyGyro-mean()-Y",-0.0738115865407865
"3548",21,"SITTING","training data","tBodyGyro-mean()-Y",-0.0653077503317647
"3549",21,"LAYING","training data","tBodyGyro-mean()-Y",-0.113800486377778
"3550",21,"WALKING","training data","tBodyGyro-mean()-Y",-0.0590294439942308
"3551",21,"WALKING_DOWNSTAIRS","training data","tBodyGyro-mean()-Y",0.0162145300888889
"3552",21,"WALKING_UPSTAIRS","training data","tBodyGyro-mean()-Y",-0.155622431382979
"3553",22,"STANDING","training data","tBodyGyro-mean()-Y",-0.0690067688269841
"3554",22,"SITTING","training data","tBodyGyro-mean()-Y",-0.0793617444354839
"3555",22,"LAYING","training data","tBodyGyro-mean()-Y",-0.09257231175
"3556",22,"WALKING","training data","tBodyGyro-mean()-Y",-0.0960880731804348
"3557",22,"WALKING_DOWNSTAIRS","training data","tBodyGyro-mean()-Y",-0.0697154455833333
"3558",22,"WALKING_UPSTAIRS","training data","tBodyGyro-mean()-Y",-0.181458414495238
"3559",23,"STANDING","training data","tBodyGyro-mean()-Y",-0.0652264793213235
"3560",23,"SITTING","training data","tBodyGyro-mean()-Y",-0.0684325551029412
"3561",23,"LAYING","training data","tBodyGyro-mean()-Y",-0.105052917
"3562",23,"WALKING","training data","tBodyGyro-mean()-Y",-0.0640197920966102
"3563",23,"WALKING_DOWNSTAIRS","training data","tBodyGyro-mean()-Y",-0.0853077464277778
"3564",23,"WALKING_UPSTAIRS","training data","tBodyGyro-mean()-Y",-0.111564389137255
"3565",25,"STANDING","training data","tBodyGyro-mean()-Y",-0.0698876853378378
"3566",25,"SITTING","training data","tBodyGyro-mean()-Y",-0.0748002714615385
"3567",25,"LAYING","training data","tBodyGyro-mean()-Y",-0.0716401726150685
"3568",25,"WALKING","training data","tBodyGyro-mean()-Y",-0.0820768065347297
"3569",25,"WALKING_DOWNSTAIRS","training data","tBodyGyro-mean()-Y",-0.101115076366897
"3570",25,"WALKING_UPSTAIRS","training data","tBodyGyro-mean()-Y",-0.109437658104615
"3571",26,"STANDING","training data","tBodyGyro-mean()-Y",-0.0731385762635135
"3572",26,"SITTING","training data","tBodyGyro-mean()-Y",-0.0840648503320513
"3573",26,"LAYING","training data","tBodyGyro-mean()-Y",-0.0903229228815789
"3574",26,"WALKING","training data","tBodyGyro-mean()-Y",-0.0841507651508475
"3575",26,"WALKING_DOWNSTAIRS","training data","tBodyGyro-mean()-Y",-0.1003822042168
"3576",26,"WALKING_UPSTAIRS","training data","tBodyGyro-mean()-Y",-0.0657601804418182
"3577",27,"STANDING","training data","tBodyGyro-mean()-Y",-0.067507120075
"3578",27,"SITTING","training data","tBodyGyro-mean()-Y",-0.0797345645214286
"3579",27,"LAYING","training data","tBodyGyro-mean()-Y",-0.0957839566891892
"3580",27,"WALKING","training data","tBodyGyro-mean()-Y",-0.0365348163649123
"3581",27,"WALKING_DOWNSTAIRS","training data","tBodyGyro-mean()-Y",-0.0163131590545455
"3582",27,"WALKING_UPSTAIRS","training data","tBodyGyro-mean()-Y",0.00212499391686275
"3583",28,"STANDING","training data","tBodyGyro-mean()-Y",-0.0739001646962025
"3584",28,"SITTING","training data","tBodyGyro-mean()-Y",-0.0673943850555556
"3585",28,"LAYING","training data","tBodyGyro-mean()-Y",-0.097448733725
"3586",28,"WALKING","training data","tBodyGyro-mean()-Y",-0.0172822168012963
"3587",28,"WALKING_DOWNSTAIRS","training data","tBodyGyro-mean()-Y",0.00710564286763044
"3588",28,"WALKING_UPSTAIRS","training data","tBodyGyro-mean()-Y",0.0212250958019608
"3589",29,"STANDING","training data","tBodyGyro-mean()-Y",-0.0721060679123077
"3590",29,"SITTING","training data","tBodyGyro-mean()-Y",-0.0755797672133333
"3591",29,"LAYING","training data","tBodyGyro-mean()-Y",-0.0761814357028986
"3592",29,"WALKING","training data","tBodyGyro-mean()-Y",-0.081960153154717
"3593",29,"WALKING_DOWNSTAIRS","training data","tBodyGyro-mean()-Y",-0.0851045889895833
"3594",29,"WALKING_UPSTAIRS","training data","tBodyGyro-mean()-Y",-0.152328112210204
"3595",30,"STANDING","training data","tBodyGyro-mean()-Y",-0.0670334379830509
"3596",30,"SITTING","training data","tBodyGyro-mean()-Y",-0.074353558416129
"3597",30,"LAYING","training data","tBodyGyro-mean()-Y",-0.0761476351714286
"3598",30,"WALKING","training data","tBodyGyro-mean()-Y",-0.0649170927338462
"3599",30,"WALKING_DOWNSTAIRS","training data","tBodyGyro-mean()-Y",-0.0693112411951613
"3600",30,"WALKING_UPSTAIRS","training data","tBodyGyro-mean()-Y",-0.0779606464676923
"3601",2,"STANDING","test data","tBodyGyro-mean()-Z",0.0878351695481481
"3602",2,"SITTING","test data","tBodyGyro-mean()-Z",0.0412277462173913
"3603",2,"LAYING","test data","tBodyGyro-mean()-Z",0.144882846104167
"3604",2,"WALKING","test data","tBodyGyro-mean()-Z",0.0828336633220339
"3605",2,"WALKING_DOWNSTAIRS","test data","tBodyGyro-mean()-Z",0.097173808906383
"3606",2,"WALKING_UPSTAIRS","test data","tBodyGyro-mean()-Z",0.0688374021666667
"3607",4,"STANDING","test data","tBodyGyro-mean()-Z",0.0755636430892857
"3608",4,"SITTING","test data","tBodyGyro-mean()-Z",0.10115033478
"3609",4,"LAYING","test data","tBodyGyro-mean()-Z",0.169720404092593
"3610",4,"WALKING","test data","tBodyGyro-mean()-Z",0.0805677161216667
"3611",4,"WALKING_DOWNSTAIRS","test data","tBodyGyro-mean()-Z",0.05926394948
"3612",4,"WALKING_UPSTAIRS","test data","tBodyGyro-mean()-Z",0.0843753843384615
"3613",9,"STANDING","test data","tBodyGyro-mean()-Z",0.0992409332222222
"3614",9,"SITTING","test data","tBodyGyro-mean()-Z",0.0807919285908
"3615",9,"LAYING","test data","tBodyGyro-mean()-Z",0.101275010682
"3616",9,"WALKING","test data","tBodyGyro-mean()-Z",0.111629779896154
"3617",9,"WALKING_DOWNSTAIRS","test data","tBodyGyro-mean()-Z",0.116804400690476
"3618",9,"WALKING_UPSTAIRS","test data","tBodyGyro-mean()-Z",0.14569462592449
"3619",10,"STANDING","test data","tBodyGyro-mean()-Z",0.103251560681818
"3620",10,"SITTING","test data","tBodyGyro-mean()-Z",0.0745958869444444
"3621",10,"LAYING","test data","tBodyGyro-mean()-Z",0.104720478344828
"3622",10,"WALKING","test data","tBodyGyro-mean()-Z",0.0986695731160377
"3623",10,"WALKING_DOWNSTAIRS","test data","tBodyGyro-mean()-Z",0.0724433685578947
"3624",10,"WALKING_UPSTAIRS","test data","tBodyGyro-mean()-Z",0.0879664182957447
"3625",12,"STANDING","test data","tBodyGyro-mean()-Z",0.074256819
"3626",12,"SITTING","test data","tBodyGyro-mean()-Z",0.0728462158235294
"3627",12,"LAYING","test data","tBodyGyro-mean()-Z",0.14519184795
"3628",12,"WALKING","test data","tBodyGyro-mean()-Z",0.0999739123004
"3629",12,"WALKING_DOWNSTAIRS","test data","tBodyGyro-mean()-Z",0.0895434978391304
"3630",12,"WALKING_UPSTAIRS","test data","tBodyGyro-mean()-Z",0.0898022757730769
"3631",13,"STANDING","test data","tBodyGyro-mean()-Z",0.085471246877193
"3632",13,"SITTING","test data","tBodyGyro-mean()-Z",0.0823432026610204
"3633",13,"LAYING","test data","tBodyGyro-mean()-Z",0.117819614790323
"3634",13,"WALKING","test data","tBodyGyro-mean()-Z",0.0784205641252632
"3635",13,"WALKING_DOWNSTAIRS","test data","tBodyGyro-mean()-Z",0.111284239655957
"3636",13,"WALKING_UPSTAIRS","test data","tBodyGyro-mean()-Z",0.116679563256364
"3637",18,"STANDING","test data","tBodyGyro-mean()-Z",0.0843190675616438
"3638",18,"SITTING","test data","tBodyGyro-mean()-Z",0.0848140511754386
"3639",18,"LAYING","test data","tBodyGyro-mean()-Z",0.0937781948153846
"3640",18,"WALKING","test data","tBodyGyro-mean()-Z",0.0944718394625
"3641",18,"WALKING_DOWNSTAIRS","test data","tBodyGyro-mean()-Z",0.0987471683127273
"3642",18,"WALKING_UPSTAIRS","test data","tBodyGyro-mean()-Z",0.0906736478431034
"3643",20,"STANDING","test data","tBodyGyro-mean()-Z",0.0773671448739726
"3644",20,"SITTING","test data","tBodyGyro-mean()-Z",0.0642882138333333
"3645",20,"LAYING","test data","tBodyGyro-mean()-Z",0.123680209926471
"3646",20,"WALKING","test data","tBodyGyro-mean()-Z",0.0851359929294118
"3647",20,"WALKING_DOWNSTAIRS","test data","tBodyGyro-mean()-Z",0.103900480541333
"3648",20,"WALKING_UPSTAIRS","test data","tBodyGyro-mean()-Z",0.058701941845098
"3649",24,"STANDING","test data","tBodyGyro-mean()-Z",0.077124614942029
"3650",24,"SITTING","test data","tBodyGyro-mean()-Z",0.0800440230882353
"3651",24,"LAYING","test data","tBodyGyro-mean()-Z",0.111730746333333
"3652",24,"WALKING","test data","tBodyGyro-mean()-Z",0.0972006320344828
"3653",24,"WALKING_DOWNSTAIRS","test data","tBodyGyro-mean()-Z",0.111973650603636
"3654",24,"WALKING_UPSTAIRS","test data","tBodyGyro-mean()-Z",0.0248290702830508
"3655",1,"STANDING","training data","tBodyGyro-mean()-Z",0.074800751
"3656",1,"SITTING","training data","tBodyGyro-mean()-Z",0.0629313811914894
"3657",1,"LAYING","training data","tBodyGyro-mean()-Z",0.14868943626
"3658",1,"WALKING","training data","tBodyGyro-mean()-Z",0.0849448173042105
"3659",1,"WALKING_DOWNSTAIRS","training data","tBodyGyro-mean()-Z",0.0900850142030612
"3660",1,"WALKING_UPSTAIRS","training data","tBodyGyro-mean()-Z",0.0583595463981132
"3661",3,"STANDING","training data","tBodyGyro-mean()-Z",0.0665262054098361
"3662",3,"SITTING","training data","tBodyGyro-mean()-Z",0.0940113975530769
"3663",3,"LAYING","training data","tBodyGyro-mean()-Z",0.137999561112903
"3664",3,"WALKING","training data","tBodyGyro-mean()-Z",0.0813485942827586
"3665",3,"WALKING_DOWNSTAIRS","training data","tBodyGyro-mean()-Z",0.123826738353061
"3666",3,"WALKING_UPSTAIRS","training data","tBodyGyro-mean()-Z",0.0215603697
"3667",5,"STANDING","training data","tBodyGyro-mean()-Z",0.0690945763946429
"3668",5,"SITTING","training data","tBodyGyro-mean()-Z",0.0823934451590909
"3669",5,"LAYING","training data","tBodyGyro-mean()-Z",0.159894366942308
"3670",5,"WALKING","training data","tBodyGyro-mean()-Z",0.0815435495892857
"3671",5,"WALKING_DOWNSTAIRS","training data","tBodyGyro-mean()-Z",0.0806559989574468
"3672",5,"WALKING_UPSTAIRS","training data","tBodyGyro-mean()-Z",0.0424442819489362
"3673",6,"STANDING","training data","tBodyGyro-mean()-Z",0.0767394745964912
"3674",6,"SITTING","training data","tBodyGyro-mean()-Z",0.0854346006181818
"3675",6,"LAYING","training data","tBodyGyro-mean()-Z",0.179102058245614
"3676",6,"WALKING","training data","tBodyGyro-mean()-Z",0.0838808799280702
"3677",6,"WALKING_DOWNSTAIRS","training data","tBodyGyro-mean()-Z",0.0870012595210417
"3678",6,"WALKING_UPSTAIRS","training data","tBodyGyro-mean()-Z",0.0664234025976471
"3679",7,"STANDING","training data","tBodyGyro-mean()-Z",0.0851045000566038
"3680",7,"SITTING","training data","tBodyGyro-mean()-Z",0.0259476655145833
"3681",7,"LAYING","training data","tBodyGyro-mean()-Z",0.155920029769231
"3682",7,"WALKING","training data","tBodyGyro-mean()-Z",0.0641104602035088
"3683",7,"WALKING_DOWNSTAIRS","training data","tBodyGyro-mean()-Z",0.116894769042766
"3684",7,"WALKING_UPSTAIRS","training data","tBodyGyro-mean()-Z",0.139217071509804
"3685",8,"STANDING","training data","tBodyGyro-mean()-Z",0.063688907
"3686",8,"SITTING","training data","tBodyGyro-mean()-Z",0.0716048809782609
"3687",8,"LAYING","training data","tBodyGyro-mean()-Z",0.13818830737037
"3688",8,"WALKING","training data","tBodyGyro-mean()-Z",0.0509657915395833
"3689",8,"WALKING_DOWNSTAIRS","training data","tBodyGyro-mean()-Z",0.114143855152368
"3690",8,"WALKING_UPSTAIRS","training data","tBodyGyro-mean()-Z",-0.0724546025804878
"3691",11,"STANDING","training data","tBodyGyro-mean()-Z",0.0810588216170213
"3692",11,"SITTING","training data","tBodyGyro-mean()-Z",0.0761739419056604
"3693",11,"LAYING","training data","tBodyGyro-mean()-Z",0.152019015929825
"3694",11,"WALKING","training data","tBodyGyro-mean()-Z",0.0843744495507542
"3695",11,"WALKING_DOWNSTAIRS","training data","tBodyGyro-mean()-Z",0.057524457376087
"3696",11,"WALKING_UPSTAIRS","training data","tBodyGyro-mean()-Z",0.0638054379968518
"3697",14,"STANDING","training data","tBodyGyro-mean()-Z",0.07904758875
"3698",14,"SITTING","training data","tBodyGyro-mean()-Z",0.0928523607037037
"3699",14,"LAYING","training data","tBodyGyro-mean()-Z",0.149124058235294
"3700",14,"WALKING","training data","tBodyGyro-mean()-Z",0.0513222717627119
"3701",14,"WALKING_DOWNSTAIRS","training data","tBodyGyro-mean()-Z",0.0353344537555556
"3702",14,"WALKING_UPSTAIRS","training data","tBodyGyro-mean()-Z",-0.0441381886666667
"3703",15,"STANDING","training data","tBodyGyro-mean()-Z",0.0761946738773585
"3704",15,"SITTING","training data","tBodyGyro-mean()-Z",0.0951978083898305
"3705",15,"LAYING","training data","tBodyGyro-mean()-Z",0.113451899791667
"3706",15,"WALKING","training data","tBodyGyro-mean()-Z",0.0842484921022222
"3707",15,"WALKING_DOWNSTAIRS","training data","tBodyGyro-mean()-Z",0.0711758197607143
"3708",15,"WALKING_UPSTAIRS","training data","tBodyGyro-mean()-Z",0.0911681484547917
"3709",16,"STANDING","training data","tBodyGyro-mean()-Z",0.0867342708846154
"3710",16,"SITTING","training data","tBodyGyro-mean()-Z",0.0795736310463768
"3711",16,"LAYING","training data","tBodyGyro-mean()-Z",0.0966210349428571
"3712",16,"WALKING","training data","tBodyGyro-mean()-Z",0.0818650735686274
"3713",16,"WALKING_DOWNSTAIRS","training data","tBodyGyro-mean()-Z",0.0835380057
"3714",16,"WALKING_UPSTAIRS","training data","tBodyGyro-mean()-Z",-0.00779288021764706
"3715",17,"STANDING","training data","tBodyGyro-mean()-Z",0.0880561869358974
"3716",17,"SITTING","training data","tBodyGyro-mean()-Z",0.0860053803375
"3717",17,"LAYING","training data","tBodyGyro-mean()-Z",0.111440490309859
"3718",17,"WALKING","training data","tBodyGyro-mean()-Z",0.0757132656704918
"3719",17,"WALKING_DOWNSTAIRS","training data","tBodyGyro-mean()-Z",0.0162878745776087
"3720",17,"WALKING_UPSTAIRS","training data","tBodyGyro-mean()-Z",0.0560931358145833
"3721",19,"STANDING","training data","tBodyGyro-mean()-Z",0.0710520180136986
"3722",19,"SITTING","training data","tBodyGyro-mean()-Z",0.0968980718168493
"3723",19,"LAYING","training data","tBodyGyro-mean()-Z",0.10860511373494
"3724",19,"WALKING","training data","tBodyGyro-mean()-Z",0.0798106981923077
"3725",19,"WALKING_DOWNSTAIRS","training data","tBodyGyro-mean()-Z",0.163962510807692
"3726",19,"WALKING_UPSTAIRS","training data","tBodyGyro-mean()-Z",-0.000233248224999999
"3727",21,"STANDING","training data","tBodyGyro-mean()-Z",0.0864863265393258
"3728",21,"SITTING","training data","tBodyGyro-mean()-Z",0.0831326042823529
"3729",21,"LAYING","training data","tBodyGyro-mean()-Z",0.0980906517
"3730",21,"WALKING","training data","tBodyGyro-mean()-Z",0.0983715930038462
"3731",21,"WALKING_DOWNSTAIRS","training data","tBodyGyro-mean()-Z",0.148610020955556
"3732",21,"WALKING_UPSTAIRS","training data","tBodyGyro-mean()-Z",-0.00546829763829787
"3733",22,"STANDING","training data","tBodyGyro-mean()-Z",0.0733466563174603
"3734",22,"SITTING","training data","tBodyGyro-mean()-Z",0.0804426775241936
"3735",22,"LAYING","training data","tBodyGyro-mean()-Z",0.145003879319444
"3736",22,"WALKING","training data","tBodyGyro-mean()-Z",0.0775266594847826
"3737",22,"WALKING_DOWNSTAIRS","training data","tBodyGyro-mean()-Z",0.0500708760555556
"3738",22,"WALKING_UPSTAIRS","training data","tBodyGyro-mean()-Z",0.0157359244619048
"3739",23,"STANDING","training data","tBodyGyro-mean()-Z",0.0816888999117647
"3740",23,"SITTING","training data","tBodyGyro-mean()-Z",0.0645673209117647
"3741",23,"LAYING","training data","tBodyGyro-mean()-Z",0.111078594708333
"3742",23,"WALKING","training data","tBodyGyro-mean()-Z",0.10770045065339
"3743",23,"WALKING_DOWNSTAIRS","training data","tBodyGyro-mean()-Z",0.0953602497222222
"3744",23,"WALKING_UPSTAIRS","training data","tBodyGyro-mean()-Z",-0.0325557522333333
"3745",25,"STANDING","training data","tBodyGyro-mean()-Z",0.0852685438243243
"3746",25,"SITTING","training data","tBodyGyro-mean()-Z",0.0852783892769231
"3747",25,"LAYING","training data","tBodyGyro-mean()-Z",0.139718671465753
"3748",25,"WALKING","training data","tBodyGyro-mean()-Z",0.0867868736891892
"3749",25,"WALKING_DOWNSTAIRS","training data","tBodyGyro-mean()-Z",0.0980750249310345
"3750",25,"WALKING_UPSTAIRS","training data","tBodyGyro-mean()-Z",0.0996227385527692
"3751",26,"STANDING","training data","tBodyGyro-mean()-Z",0.0776706781351351
"3752",26,"SITTING","training data","tBodyGyro-mean()-Z",0.0711109471666667
"3753",26,"LAYING","training data","tBodyGyro-mean()-Z",0.152436344328947
"3754",26,"WALKING","training data","tBodyGyro-mean()-Z",0.0851069247830508
"3755",26,"WALKING_DOWNSTAIRS","training data","tBodyGyro-mean()-Z",0.082221399603
"3756",26,"WALKING_UPSTAIRS","training data","tBodyGyro-mean()-Z",0.0721458973490909
"3757",27,"STANDING","training data","tBodyGyro-mean()-Z",0.07168414632375
"3758",27,"SITTING","training data","tBodyGyro-mean()-Z",0.0833752812157143
"3759",27,"LAYING","training data","tBodyGyro-mean()-Z",0.118738360783784
"3760",27,"WALKING","training data","tBodyGyro-mean()-Z",0.118267750196491
"3761",27,"WALKING_DOWNSTAIRS","training data","tBodyGyro-mean()-Z",0.152695027609091
"3762",27,"WALKING_UPSTAIRS","training data","tBodyGyro-mean()-Z",0.140129855776471
"3763",28,"STANDING","training data","tBodyGyro-mean()-Z",0.0865173111012658
"3764",28,"SITTING","training data","tBodyGyro-mean()-Z",0.087025401375
"3765",28,"LAYING","training data","tBodyGyro-mean()-Z",0.09357912315
"3766",28,"WALKING","training data","tBodyGyro-mean()-Z",0.116065910925926
"3767",28,"WALKING_DOWNSTAIRS","training data","tBodyGyro-mean()-Z",0.138622425584783
"3768",28,"WALKING_UPSTAIRS","training data","tBodyGyro-mean()-Z",0.103720987705882
"3769",29,"STANDING","training data","tBodyGyro-mean()-Z",0.0827583768461538
"3770",29,"SITTING","training data","tBodyGyro-mean()-Z",0.0580495969166667
"3771",29,"LAYING","training data","tBodyGyro-mean()-Z",0.127411971652174
"3772",29,"WALKING","training data","tBodyGyro-mean()-Z",0.0856852236188679
"3773",29,"WALKING_DOWNSTAIRS","training data","tBodyGyro-mean()-Z",0.0822244074666667
"3774",29,"WALKING_UPSTAIRS","training data","tBodyGyro-mean()-Z",0.0854318123467347
"3775",30,"STANDING","training data","tBodyGyro-mean()-Z",0.0802514754237288
"3776",30,"SITTING","training data","tBodyGyro-mean()-Z",0.0702002598387097
"3777",30,"LAYING","training data","tBodyGyro-mean()-Z",0.0938472163142857
"3778",30,"WALKING","training data","tBodyGyro-mean()-Z",0.0839568239261538
"3779",30,"WALKING_DOWNSTAIRS","training data","tBodyGyro-mean()-Z",0.0895767797064516
"3780",30,"WALKING_UPSTAIRS","training data","tBodyGyro-mean()-Z",0.0814699303289231
"3781",2,"STANDING","test data","tBodyGyro-std()-X",-0.972998629814815
"3782",2,"SITTING","test data","tBodyGyro-std()-X",-0.985742027826087
"3783",2,"LAYING","test data","tBodyGyro-std()-X",-0.988275232916667
"3784",2,"WALKING","test data","tBodyGyro-std()-X",-0.561550255762712
"3785",2,"WALKING_DOWNSTAIRS","test data","tBodyGyro-std()-X",-0.320789230008511
"3786",2,"WALKING_UPSTAIRS","test data","tBodyGyro-std()-X",-0.439253058958333
"3787",4,"STANDING","test data","tBodyGyro-std()-X",-0.909687974464286
"3788",4,"SITTING","test data","tBodyGyro-std()-X",-0.9701317904
"3789",4,"LAYING","test data","tBodyGyro-std()-X",-0.973102422222222
"3790",4,"WALKING","test data","tBodyGyro-std()-X",-0.500916659
"3791",4,"WALKING_DOWNSTAIRS","test data","tBodyGyro-std()-X",-0.370244695288889
"3792",4,"WALKING_UPSTAIRS","test data","tBodyGyro-std()-X",-0.454431043269231
"3793",9,"STANDING","test data","tBodyGyro-std()-X",-0.921990612
"3794",9,"SITTING","test data","tBodyGyro-std()-X",-0.9590200492
"3795",9,"LAYING","test data","tBodyGyro-std()-X",-0.9422465098
"3796",9,"WALKING","test data","tBodyGyro-std()-X",-0.476163506730769
"3797",9,"WALKING_DOWNSTAIRS","test data","tBodyGyro-std()-X",-0.396429197952381
"3798",9,"WALKING_UPSTAIRS","test data","tBodyGyro-std()-X",-0.343976630734694
"3799",10,"STANDING","test data","tBodyGyro-std()-X",-0.929895057954545
"3800",10,"SITTING","test data","tBodyGyro-std()-X",-0.988873097222222
"3801",10,"LAYING","test data","tBodyGyro-std()-X",-0.961713199827586
"3802",10,"WALKING","test data","tBodyGyro-std()-X",-0.414205475283019
"3803",10,"WALKING_DOWNSTAIRS","test data","tBodyGyro-std()-X",-0.304745377026316
"3804",10,"WALKING_UPSTAIRS","test data","tBodyGyro-std()-X",-0.308534708121277
"3805",12,"STANDING","test data","tBodyGyro-std()-X",-0.883655251803279
"3806",12,"SITTING","test data","tBodyGyro-std()-X",-0.974425351960784
"3807",12,"LAYING","test data","tBodyGyro-std()-X",-0.966090742
"3808",12,"WALKING","test data","tBodyGyro-std()-X",-0.5462634706
"3809",12,"WALKING_DOWNSTAIRS","test data","tBodyGyro-std()-X",-0.362143061643478
"3810",12,"WALKING_UPSTAIRS","test data","tBodyGyro-std()-X",-0.526659296134615
"3811",13,"STANDING","test data","tBodyGyro-std()-X",-0.955577395789474
"3812",13,"SITTING","test data","tBodyGyro-std()-X",-0.985844263265306
"3813",13,"LAYING","test data","tBodyGyro-std()-X",-0.972143470322581
"3814",13,"WALKING","test data","tBodyGyro-std()-X",-0.376059914210526
"3815",13,"WALKING_DOWNSTAIRS","test data","tBodyGyro-std()-X",-0.417014161553191
"3816",13,"WALKING_UPSTAIRS","test data","tBodyGyro-std()-X",-0.541066687090909
"3817",18,"STANDING","test data","tBodyGyro-std()-X",-0.962254249589041
"3818",18,"SITTING","test data","tBodyGyro-std()-X",-0.991956958947368
"3819",18,"LAYING","test data","tBodyGyro-std()-X",-0.992872598
"3820",18,"WALKING","test data","tBodyGyro-std()-X",-0.7044397775
"3821",18,"WALKING_DOWNSTAIRS","test data","tBodyGyro-std()-X",-0.502473033509091
"3822",18,"WALKING_UPSTAIRS","test data","tBodyGyro-std()-X",-0.593841504137931
"3823",20,"STANDING","test data","tBodyGyro-std()-X",-0.886749172739726
"3824",20,"SITTING","test data","tBodyGyro-std()-X",-0.976309017121212
"3825",20,"LAYING","test data","tBodyGyro-std()-X",-0.984477414264706
"3826",20,"WALKING","test data","tBodyGyro-std()-X",-0.23294061427451
"3827",20,"WALKING_DOWNSTAIRS","test data","tBodyGyro-std()-X",-0.204939567711111
"3828",20,"WALKING_UPSTAIRS","test data","tBodyGyro-std()-X",-0.492701193921569
"3829",24,"STANDING","test data","tBodyGyro-std()-X",-0.960738660289855
"3830",24,"SITTING","test data","tBodyGyro-std()-X",-0.988111648676471
"3831",24,"LAYING","test data","tBodyGyro-std()-X",-0.982651720138889
"3832",24,"WALKING","test data","tBodyGyro-std()-X",-0.580597373275862
"3833",24,"WALKING_DOWNSTAIRS","test data","tBodyGyro-std()-X",-0.431919067945455
"3834",24,"WALKING_UPSTAIRS","test data","tBodyGyro-std()-X",-0.577426408813559
"3835",1,"STANDING","training data","tBodyGyro-std()-X",-0.987191946603774
"3836",1,"SITTING","training data","tBodyGyro-std()-X",-0.977211283191489
"3837",1,"LAYING","training data","tBodyGyro-std()-X",-0.87354386782
"3838",1,"WALKING","training data","tBodyGyro-std()-X",-0.473535485894737
"3839",1,"WALKING_DOWNSTAIRS","training data","tBodyGyro-std()-X",-0.458030542938775
"3840",1,"WALKING_UPSTAIRS","training data","tBodyGyro-std()-X",-0.544871104528302
"3841",3,"STANDING","training data","tBodyGyro-std()-X",-0.900462227540984
"3842",3,"SITTING","training data","tBodyGyro-std()-X",-0.965434768461538
"3843",3,"LAYING","training data","tBodyGyro-std()-X",-0.974545752096774
"3844",3,"WALKING","training data","tBodyGyro-std()-X",-0.571869560172414
"3845",3,"WALKING_DOWNSTAIRS","training data","tBodyGyro-std()-X",-0.261653414014286
"3846",3,"WALKING_UPSTAIRS","training data","tBodyGyro-std()-X",-0.456039262525424
"3847",5,"STANDING","training data","tBodyGyro-std()-X",-0.910395222321429
"3848",5,"SITTING","training data","tBodyGyro-std()-X",-0.966225485
"3849",5,"LAYING","training data","tBodyGyro-std()-X",-0.979498706538461
"3850",5,"WALKING","training data","tBodyGyro-std()-X",-0.490877497857143
"3851",5,"WALKING_DOWNSTAIRS","training data","tBodyGyro-std()-X",-0.46064684487234
"3852",5,"WALKING_UPSTAIRS","training data","tBodyGyro-std()-X",-0.443342262340426
"3853",6,"STANDING","training data","tBodyGyro-std()-X",-0.947561298596491
"3854",6,"SITTING","training data","tBodyGyro-std()-X",-0.957367681818182
"3855",6,"LAYING","training data","tBodyGyro-std()-X",-0.955378225087719
"3856",6,"WALKING","training data","tBodyGyro-std()-X",-0.446020952631579
"3857",6,"WALKING_DOWNSTAIRS","training data","tBodyGyro-std()-X",-0.19830385328125
"3858",6,"WALKING_UPSTAIRS","training data","tBodyGyro-std()-X",-0.321973723647059
"3859",7,"STANDING","training data","tBodyGyro-std()-X",-0.945247687358491
"3860",7,"SITTING","training data","tBodyGyro-std()-X",-0.941870953333333
"3861",7,"LAYING","training data","tBodyGyro-std()-X",-0.9601268225
"3862",7,"WALKING","training data","tBodyGyro-std()-X",-0.503313517017544
"3863",7,"WALKING_DOWNSTAIRS","training data","tBodyGyro-std()-X",-0.407744096
"3864",7,"WALKING_UPSTAIRS","training data","tBodyGyro-std()-X",-0.363853236862745
"3865",8,"STANDING","training data","tBodyGyro-std()-X",-0.972990379814815
"3866",8,"SITTING","training data","tBodyGyro-std()-X",-0.984524052826087
"3867",8,"LAYING","training data","tBodyGyro-std()-X",-0.965204017592593
"3868",8,"WALKING","training data","tBodyGyro-std()-X",-0.1992097184375
"3869",8,"WALKING_DOWNSTAIRS","training data","tBodyGyro-std()-X",-0.258430885531579
"3870",8,"WALKING_UPSTAIRS","training data","tBodyGyro-std()-X",-0.367428367219512
"3871",11,"STANDING","training data","tBodyGyro-std()-X",-0.980242494680851
"3872",11,"SITTING","training data","tBodyGyro-std()-X",-0.988164911509434
"3873",11,"LAYING","training data","tBodyGyro-std()-X",-0.980836884561403
"3874",11,"WALKING","training data","tBodyGyro-std()-X",-0.596346930847458
"3875",11,"WALKING_DOWNSTAIRS","training data","tBodyGyro-std()-X",-0.374069023580435
"3876",11,"WALKING_UPSTAIRS","training data","tBodyGyro-std()-X",-0.501331630185185
"3877",14,"STANDING","training data","tBodyGyro-std()-X",-0.9610917615
"3878",14,"SITTING","training data","tBodyGyro-std()-X",-0.980829981481481
"3879",14,"LAYING","training data","tBodyGyro-std()-X",-0.957221015098039
"3880",14,"WALKING","training data","tBodyGyro-std()-X",-0.60038822220339
"3881",14,"WALKING_DOWNSTAIRS","training data","tBodyGyro-std()-X",-0.354551638377778
"3882",14,"WALKING_UPSTAIRS","training data","tBodyGyro-std()-X",-0.454283337592593
"3883",15,"STANDING","training data","tBodyGyro-std()-X",-0.947790802075472
"3884",15,"SITTING","training data","tBodyGyro-std()-X",-0.988204115254237
"3885",15,"LAYING","training data","tBodyGyro-std()-X",-0.957167680694444
"3886",15,"WALKING","training data","tBodyGyro-std()-X",-0.329624620185185
"3887",15,"WALKING_DOWNSTAIRS","training data","tBodyGyro-std()-X",-0.318692525928571
"3888",15,"WALKING_UPSTAIRS","training data","tBodyGyro-std()-X",-0.415251317916667
"3889",16,"STANDING","training data","tBodyGyro-std()-X",-0.973400107564103
"3890",16,"SITTING","training data","tBodyGyro-std()-X",-0.981037373333333
"3891",16,"LAYING","training data","tBodyGyro-std()-X",-0.977010769857143
"3892",16,"WALKING","training data","tBodyGyro-std()-X",-0.654171847058823
"3893",16,"WALKING_DOWNSTAIRS","training data","tBodyGyro-std()-X",-0.45418847106383
"3894",16,"WALKING_UPSTAIRS","training data","tBodyGyro-std()-X",-0.508087166666667
"3895",17,"STANDING","training data","tBodyGyro-std()-X",-0.981373082948718
"3896",17,"SITTING","training data","tBodyGyro-std()-X",-0.98963832578125
"3897",17,"LAYING","training data","tBodyGyro-std()-X",-0.975893061830986
"3898",17,"WALKING","training data","tBodyGyro-std()-X",-0.47981351295082
"3899",17,"WALKING_DOWNSTAIRS","training data","tBodyGyro-std()-X",-0.370436868891304
"3900",17,"WALKING_UPSTAIRS","training data","tBodyGyro-std()-X",-0.496562732729167
"3901",19,"STANDING","training data","tBodyGyro-std()-X",-0.946109711917808
"3902",19,"SITTING","training data","tBodyGyro-std()-X",-0.984625306849315
"3903",19,"LAYING","training data","tBodyGyro-std()-X",-0.981357611445783
"3904",19,"WALKING","training data","tBodyGyro-std()-X",-0.0264357957923077
"3905",19,"WALKING_DOWNSTAIRS","training data","tBodyGyro-std()-X",0.267657219333333
"3906",19,"WALKING_UPSTAIRS","training data","tBodyGyro-std()-X",-0.4068000325
"3907",21,"STANDING","training data","tBodyGyro-std()-X",-0.962514526067416
"3908",21,"SITTING","training data","tBodyGyro-std()-X",-0.988410501294118
"3909",21,"LAYING","training data","tBodyGyro-std()-X",-0.975411857555556
"3910",21,"WALKING","training data","tBodyGyro-std()-X",-0.432232883846154
"3911",21,"WALKING_DOWNSTAIRS","training data","tBodyGyro-std()-X",-0.442148617666667
"3912",21,"WALKING_UPSTAIRS","training data","tBodyGyro-std()-X",-0.53190941893617
"3913",22,"STANDING","training data","tBodyGyro-std()-X",-0.917837043333333
"3914",22,"SITTING","training data","tBodyGyro-std()-X",-0.981099172419355
"3915",22,"LAYING","training data","tBodyGyro-std()-X",-0.956641905833333
"3916",22,"WALKING","training data","tBodyGyro-std()-X",-0.318537865869565
"3917",22,"WALKING_DOWNSTAIRS","training data","tBodyGyro-std()-X",-0.237349190997222
"3918",22,"WALKING_UPSTAIRS","training data","tBodyGyro-std()-X",-0.301491709628571
"3919",23,"STANDING","training data","tBodyGyro-std()-X",-0.942011240294118
"3920",23,"SITTING","training data","tBodyGyro-std()-X",-0.980363734264706
"3921",23,"LAYING","training data","tBodyGyro-std()-X",-0.981849400972222
"3922",23,"WALKING","training data","tBodyGyro-std()-X",-0.494322648644068
"3923",23,"WALKING_DOWNSTAIRS","training data","tBodyGyro-std()-X",-0.416133032777778
"3924",23,"WALKING_UPSTAIRS","training data","tBodyGyro-std()-X",-0.550664576666667
"3925",25,"STANDING","training data","tBodyGyro-std()-X",-0.971357421216216
"3926",25,"SITTING","training data","tBodyGyro-std()-X",-0.989907584153846
"3927",25,"LAYING","training data","tBodyGyro-std()-X",-0.889769639726027
"3928",25,"WALKING","training data","tBodyGyro-std()-X",-0.401158753783784
"3929",25,"WALKING_DOWNSTAIRS","training data","tBodyGyro-std()-X",-0.288824754586207
"3930",25,"WALKING_UPSTAIRS","training data","tBodyGyro-std()-X",-0.489011794784615
"3931",26,"STANDING","training data","tBodyGyro-std()-X",-0.973785111216216
"3932",26,"SITTING","training data","tBodyGyro-std()-X",-0.991027700512821
"3933",26,"LAYING","training data","tBodyGyro-std()-X",-0.990328197763158
"3934",26,"WALKING","training data","tBodyGyro-std()-X",-0.492885711355932
"3935",26,"WALKING_DOWNSTAIRS","training data","tBodyGyro-std()-X",-0.33131291446
"3936",26,"WALKING_UPSTAIRS","training data","tBodyGyro-std()-X",-0.550274396
"3937",27,"STANDING","training data","tBodyGyro-std()-X",-0.9699020075
"3938",27,"SITTING","training data","tBodyGyro-std()-X",-0.988492425142857
"3939",27,"LAYING","training data","tBodyGyro-std()-X",-0.988837212162162
"3940",27,"WALKING","training data","tBodyGyro-std()-X",-0.606860248596491
"3941",27,"WALKING_DOWNSTAIRS","training data","tBodyGyro-std()-X",-0.363722908386364
"3942",27,"WALKING_UPSTAIRS","training data","tBodyGyro-std()-X",-0.562461004705882
"3943",28,"STANDING","training data","tBodyGyro-std()-X",-0.884032232405063
"3944",28,"SITTING","training data","tBodyGyro-std()-X",-0.979671983472222
"3945",28,"LAYING","training data","tBodyGyro-std()-X",-0.95516227975
"3946",28,"WALKING","training data","tBodyGyro-std()-X",-0.503798624074074
"3947",28,"WALKING_DOWNSTAIRS","training data","tBodyGyro-std()-X",-0.268106330991304
"3948",28,"WALKING_UPSTAIRS","training data","tBodyGyro-std()-X",-0.518818227843137
"3949",29,"STANDING","training data","tBodyGyro-std()-X",-0.977994819846154
"3950",29,"SITTING","training data","tBodyGyro-std()-X",-0.990178704833333
"3951",29,"LAYING","training data","tBodyGyro-std()-X",-0.994276591304348
"3952",29,"WALKING","training data","tBodyGyro-std()-X",-0.598868670943396
"3953",29,"WALKING_DOWNSTAIRS","training data","tBodyGyro-std()-X",-0.282077257508333
"3954",29,"WALKING_UPSTAIRS","training data","tBodyGyro-std()-X",-0.323904731622449
"3955",30,"STANDING","training data","tBodyGyro-std()-X",-0.911408517966102
"3956",30,"SITTING","training data","tBodyGyro-std()-X",-0.988132669516129
"3957",30,"LAYING","training data","tBodyGyro-std()-X",-0.973662822428571
"3958",30,"WALKING","training data","tBodyGyro-std()-X",-0.387920593846154
"3959",30,"WALKING_DOWNSTAIRS","training data","tBodyGyro-std()-X",-0.265923160895161
"3960",30,"WALKING_UPSTAIRS","training data","tBodyGyro-std()-X",-0.493837520761538
"3961",2,"STANDING","test data","tBodyGyro-std()-Y",-0.971441996481481
"3962",2,"SITTING","test data","tBodyGyro-std()-Y",-0.978919526956522
"3963",2,"LAYING","test data","tBodyGyro-std()-Y",-0.982291608958333
"3964",2,"WALKING","test data","tBodyGyro-std()-Y",-0.53845366779661
"3965",2,"WALKING_DOWNSTAIRS","test data","tBodyGyro-std()-Y",-0.415739144893617
"3966",2,"WALKING_UPSTAIRS","test data","tBodyGyro-std()-Y",-0.466298336666667
"3967",4,"STANDING","test data","tBodyGyro-std()-Y",-0.949227146964286
"3968",4,"SITTING","test data","tBodyGyro-std()-Y",-0.9584681204
"3969",4,"LAYING","test data","tBodyGyro-std()-Y",-0.961109291851852
"3970",4,"WALKING","test data","tBodyGyro-std()-Y",-0.665394092833333
"3971",4,"WALKING_DOWNSTAIRS","test data","tBodyGyro-std()-Y",-0.699453537111111
"3972",4,"WALKING_UPSTAIRS","test data","tBodyGyro-std()-Y",-0.551185569230769
"3973",9,"STANDING","test data","tBodyGyro-std()-Y",-0.946046640444444
"3974",9,"SITTING","test data","tBodyGyro-std()-Y",-0.9191882264
"3975",9,"LAYING","test data","tBodyGyro-std()-Y",-0.9266185314
"3976",9,"WALKING","test data","tBodyGyro-std()-Y",-0.467054167884615
"3977",9,"WALKING_DOWNSTAIRS","test data","tBodyGyro-std()-Y",-0.340765233142857
"3978",9,"WALKING_UPSTAIRS","test data","tBodyGyro-std()-Y",-0.400859067959184
"3979",10,"STANDING","test data","tBodyGyro-std()-Y",-0.958861164090909
"3980",10,"SITTING","test data","tBodyGyro-std()-Y",-0.984373304814815
"3981",10,"LAYING","test data","tBodyGyro-std()-Y",-0.953660207586207
"3982",10,"WALKING","test data","tBodyGyro-std()-Y",-0.250853318679245
"3983",10,"WALKING_DOWNSTAIRS","test data","tBodyGyro-std()-Y",-0.311407525263158
"3984",10,"WALKING_UPSTAIRS","test data","tBodyGyro-std()-Y",0.0411724668680851
"3985",12,"STANDING","test data","tBodyGyro-std()-Y",-0.941469207540984
"3986",12,"SITTING","test data","tBodyGyro-std()-Y",-0.960497127647059
"3987",12,"LAYING","test data","tBodyGyro-std()-Y",-0.953873893833333
"3988",12,"WALKING","test data","tBodyGyro-std()-Y",-0.4494013978
"3989",12,"WALKING_DOWNSTAIRS","test data","tBodyGyro-std()-Y",-0.47628774326087
"3990",12,"WALKING_UPSTAIRS","test data","tBodyGyro-std()-Y",-0.522949798269231
"3991",13,"STANDING","test data","tBodyGyro-std()-Y",-0.971721755964912
"3992",13,"SITTING","test data","tBodyGyro-std()-Y",-0.979668456122449
"3993",13,"LAYING","test data","tBodyGyro-std()-Y",-0.96270462
"3994",13,"WALKING","test data","tBodyGyro-std()-Y",-0.290023550315789
"3995",13,"WALKING_DOWNSTAIRS","test data","tBodyGyro-std()-Y",-0.198848161170213
"3996",13,"WALKING_UPSTAIRS","test data","tBodyGyro-std()-Y",-0.403572169636364
"3997",18,"STANDING","test data","tBodyGyro-std()-Y",-0.980417134246575
"3998",18,"SITTING","test data","tBodyGyro-std()-Y",-0.986753343859649
"3999",18,"LAYING","test data","tBodyGyro-std()-Y",-0.984202872923077
"4000",18,"WALKING","test data","tBodyGyro-std()-Y",-0.496431539642857
"4001",18,"WALKING_DOWNSTAIRS","test data","tBodyGyro-std()-Y",-0.617230786
"4002",18,"WALKING_UPSTAIRS","test data","tBodyGyro-std()-Y",-0.507297003103448
"4003",20,"STANDING","test data","tBodyGyro-std()-Y",-0.903913940684931
"4004",20,"SITTING","test data","tBodyGyro-std()-Y",-0.960104508636364
"4005",20,"LAYING","test data","tBodyGyro-std()-Y",-0.972941910294118
"4006",20,"WALKING","test data","tBodyGyro-std()-Y",0.0858321519372549
"4007",20,"WALKING_DOWNSTAIRS","test data","tBodyGyro-std()-Y",-0.146794177311111
"4008",20,"WALKING_UPSTAIRS","test data","tBodyGyro-std()-Y",-0.104722161186078
"4009",24,"STANDING","test data","tBodyGyro-std()-Y",-0.967298518695652
"4010",24,"SITTING","test data","tBodyGyro-std()-Y",-0.977954005147059
"4011",24,"LAYING","test data","tBodyGyro-std()-Y",-0.960299550972222
"4012",24,"WALKING","test data","tBodyGyro-std()-Y",-0.487166280172414
"4013",24,"WALKING_DOWNSTAIRS","test data","tBodyGyro-std()-Y",-0.484673524
"4014",24,"WALKING_UPSTAIRS","test data","tBodyGyro-std()-Y",-0.568534124576271
"4015",1,"STANDING","training data","tBodyGyro-std()-Y",-0.98773444
"4016",1,"SITTING","training data","tBodyGyro-std()-Y",-0.966473895319149
"4017",1,"LAYING","training data","tBodyGyro-std()-Y",-0.9510904402
"4018",1,"WALKING","training data","tBodyGyro-std()-Y",-0.0546077686594737
"4019",1,"WALKING_DOWNSTAIRS","training data","tBodyGyro-std()-Y",-0.126349194938775
"4020",1,"WALKING_UPSTAIRS","training data","tBodyGyro-std()-Y",0.00410518379811321
"4021",3,"STANDING","training data","tBodyGyro-std()-Y",-0.927788618196721
"4022",3,"SITTING","training data","tBodyGyro-std()-Y",-0.944854571346154
"4023",3,"LAYING","training data","tBodyGyro-std()-Y",-0.977272653709677
"4024",3,"WALKING","training data","tBodyGyro-std()-Y",-0.563793260172414
"4025",3,"WALKING_DOWNSTAIRS","training data","tBodyGyro-std()-Y",-0.546740387959184
"4026",3,"WALKING_UPSTAIRS","training data","tBodyGyro-std()-Y",-0.582742845932203
"4027",5,"STANDING","training data","tBodyGyro-std()-Y",-0.933738104107143
"4028",5,"SITTING","training data","tBodyGyro-std()-Y",-0.950064068181818
"4029",5,"LAYING","training data","tBodyGyro-std()-Y",-0.977427370576923
"4030",5,"WALKING","training data","tBodyGyro-std()-Y",-0.504622029821429
"4031",5,"WALKING_DOWNSTAIRS","training data","tBodyGyro-std()-Y",-0.409134149148936
"4032",5,"WALKING_UPSTAIRS","training data","tBodyGyro-std()-Y",-0.440345826382979
"4033",6,"STANDING","training data","tBodyGyro-std()-Y",-0.94248658631579
"4034",6,"SITTING","training data","tBodyGyro-std()-Y",-0.944130044727273
"4035",6,"LAYING","training data","tBodyGyro-std()-Y",-0.943634949473684
"4036",6,"WALKING","training data","tBodyGyro-std()-Y",-0.331702267894737
"4037",6,"WALKING_DOWNSTAIRS","training data","tBodyGyro-std()-Y",-0.18922957
"4038",6,"WALKING_UPSTAIRS","training data","tBodyGyro-std()-Y",-0.315799901607843
"4039",7,"STANDING","training data","tBodyGyro-std()-Y",-0.949646946792453
"4040",7,"SITTING","training data","tBodyGyro-std()-Y",-0.944124336458333
"4041",7,"LAYING","training data","tBodyGyro-std()-Y",-0.945071935384615
"4042",7,"WALKING","training data","tBodyGyro-std()-Y",-0.23109830545614
"4043",7,"WALKING_DOWNSTAIRS","training data","tBodyGyro-std()-Y",-0.29262613606383
"4044",7,"WALKING_UPSTAIRS","training data","tBodyGyro-std()-Y",-0.572996820784314
"4045",8,"STANDING","training data","tBodyGyro-std()-Y",-0.969421045555556
"4046",8,"SITTING","training data","tBodyGyro-std()-Y",-0.97150069673913
"4047",8,"LAYING","training data","tBodyGyro-std()-Y",-0.952039385740741
"4048",8,"WALKING","training data","tBodyGyro-std()-Y",-0.2119972775
"4049",8,"WALKING_DOWNSTAIRS","training data","tBodyGyro-std()-Y",0.0243131207736842
"4050",8,"WALKING_UPSTAIRS","training data","tBodyGyro-std()-Y",-0.0666980861414634
"4051",11,"STANDING","training data","tBodyGyro-std()-Y",-0.994210471914894
"4052",11,"SITTING","training data","tBodyGyro-std()-Y",-0.982249040188679
"4053",11,"LAYING","training data","tBodyGyro-std()-Y",-0.982442644035088
"4054",11,"WALKING","training data","tBodyGyro-std()-Y",-0.499625287288136
"4055",11,"WALKING_DOWNSTAIRS","training data","tBodyGyro-std()-Y",-0.495911719565217
"4056",11,"WALKING_UPSTAIRS","training data","tBodyGyro-std()-Y",-0.28204453962963
"4057",14,"STANDING","training data","tBodyGyro-std()-Y",-0.9462806205
"4058",14,"SITTING","training data","tBodyGyro-std()-Y",-0.962048191666667
"4059",14,"LAYING","training data","tBodyGyro-std()-Y",-0.932499780588235
"4060",14,"WALKING","training data","tBodyGyro-std()-Y",-0.0148392604279661
"4061",14,"WALKING_DOWNSTAIRS","training data","tBodyGyro-std()-Y",0.0569902222622222
"4062",14,"WALKING_UPSTAIRS","training data","tBodyGyro-std()-Y",0.476518714444444
"4063",15,"STANDING","training data","tBodyGyro-std()-Y",-0.971332584339623
"4064",15,"SITTING","training data","tBodyGyro-std()-Y",-0.975321519491525
"4065",15,"LAYING","training data","tBodyGyro-std()-Y",-0.961142911805556
"4066",15,"WALKING","training data","tBodyGyro-std()-Y",-0.420865007777778
"4067",15,"WALKING_DOWNSTAIRS","training data","tBodyGyro-std()-Y",-0.37320816
"4068",15,"WALKING_UPSTAIRS","training data","tBodyGyro-std()-Y",-0.3302332351
"4069",16,"STANDING","training data","tBodyGyro-std()-Y",-0.980110277307692
"4070",16,"SITTING","training data","tBodyGyro-std()-Y",-0.958336595507246
"4071",16,"LAYING","training data","tBodyGyro-std()-Y",-0.970747514
"4072",16,"WALKING","training data","tBodyGyro-std()-Y",-0.612593634117647
"4073",16,"WALKING_DOWNSTAIRS","training data","tBodyGyro-std()-Y",-0.528329304680851
"4074",16,"WALKING_UPSTAIRS","training data","tBodyGyro-std()-Y",-0.58638289372549
"4075",17,"STANDING","training data","tBodyGyro-std()-Y",-0.985121164615385
"4076",17,"SITTING","training data","tBodyGyro-std()-Y",-0.98612868078125
"4077",17,"LAYING","training data","tBodyGyro-std()-Y",-0.971484336197183
"4078",17,"WALKING","training data","tBodyGyro-std()-Y",-0.454932903934426
"4079",17,"WALKING_DOWNSTAIRS","training data","tBodyGyro-std()-Y",-0.459281989565217
"4080",17,"WALKING_UPSTAIRS","training data","tBodyGyro-std()-Y",-0.493044125208333
"4081",19,"STANDING","training data","tBodyGyro-std()-Y",-0.96957632369863
"4082",19,"SITTING","training data","tBodyGyro-std()-Y",-0.959758309589041
"4083",19,"LAYING","training data","tBodyGyro-std()-Y",-0.963617705662651
"4084",19,"WALKING","training data","tBodyGyro-std()-Y",-0.114406108840577
"4085",19,"WALKING_DOWNSTAIRS","training data","tBodyGyro-std()-Y",0.0483147743589744
"4086",19,"WALKING_UPSTAIRS","training data","tBodyGyro-std()-Y",-0.17263322355
"4087",21,"STANDING","training data","tBodyGyro-std()-Y",-0.955979192696629
"4088",21,"SITTING","training data","tBodyGyro-std()-Y",-0.976380487294118
"4089",21,"LAYING","training data","tBodyGyro-std()-Y",-0.952147091444444
"4090",21,"WALKING","training data","tBodyGyro-std()-Y",-0.397892316730769
"4091",21,"WALKING_DOWNSTAIRS","training data","tBodyGyro-std()-Y",-0.353733478222222
"4092",21,"WALKING_UPSTAIRS","training data","tBodyGyro-std()-Y",-0.463136841489362
"4093",22,"STANDING","training data","tBodyGyro-std()-Y",-0.964714672857143
"4094",22,"SITTING","training data","tBodyGyro-std()-Y",-0.950173478548387
"4095",22,"LAYING","training data","tBodyGyro-std()-Y",-0.9618849625
"4096",22,"WALKING","training data","tBodyGyro-std()-Y",-0.486322106521739
"4097",22,"WALKING_DOWNSTAIRS","training data","tBodyGyro-std()-Y",-0.550303216666667
"4098",22,"WALKING_UPSTAIRS","training data","tBodyGyro-std()-Y",-0.489417908809524
"4099",23,"STANDING","training data","tBodyGyro-std()-Y",-0.948074760882353
"4100",23,"SITTING","training data","tBodyGyro-std()-Y",-0.948109526029412
"4101",23,"LAYING","training data","tBodyGyro-std()-Y",-0.959195236388889
"4102",23,"WALKING","training data","tBodyGyro-std()-Y",0.25945722920339
"4103",23,"WALKING_DOWNSTAIRS","training data","tBodyGyro-std()-Y",0.213825552277778
"4104",23,"WALKING_UPSTAIRS","training data","tBodyGyro-std()-Y",-0.293681861176471
"4105",25,"STANDING","training data","tBodyGyro-std()-Y",-0.976757621081081
"4106",25,"SITTING","training data","tBodyGyro-std()-Y",-0.981193501846154
"4107",25,"LAYING","training data","tBodyGyro-std()-Y",-0.936630803287671
"4108",25,"WALKING","training data","tBodyGyro-std()-Y",-0.604032097432432
"4109",25,"WALKING_DOWNSTAIRS","training data","tBodyGyro-std()-Y",-0.523377914655172
"4110",25,"WALKING_UPSTAIRS","training data","tBodyGyro-std()-Y",-0.433673383846154
"4111",26,"STANDING","training data","tBodyGyro-std()-Y",-0.982408142702703
"4112",26,"SITTING","training data","tBodyGyro-std()-Y",-0.973444813846154
"4113",26,"LAYING","training data","tBodyGyro-std()-Y",-0.979325678815789
"4114",26,"WALKING","training data","tBodyGyro-std()-Y",-0.57573544779661
"4115",26,"WALKING_DOWNSTAIRS","training data","tBodyGyro-std()-Y",-0.4734080504
"4116",26,"WALKING_UPSTAIRS","training data","tBodyGyro-std()-Y",-0.603097110545455
"4117",27,"STANDING","training data","tBodyGyro-std()-Y",-0.982498991125
"4118",27,"SITTING","training data","tBodyGyro-std()-Y",-0.982067465142857
"4119",27,"LAYING","training data","tBodyGyro-std()-Y",-0.98428747527027
"4120",27,"WALKING","training data","tBodyGyro-std()-Y",-0.529865057894737
"4121",27,"WALKING_DOWNSTAIRS","training data","tBodyGyro-std()-Y",-0.481813367954545
"4122",27,"WALKING_UPSTAIRS","training data","tBodyGyro-std()-Y",-0.587966800588235
"4123",28,"STANDING","training data","tBodyGyro-std()-Y",-0.940006320126582
"4124",28,"SITTING","training data","tBodyGyro-std()-Y",-0.956316505972222
"4125",28,"LAYING","training data","tBodyGyro-std()-Y",-0.960057463625
"4126",28,"WALKING","training data","tBodyGyro-std()-Y",-0.497684006666667
"4127",28,"WALKING_DOWNSTAIRS","training data","tBodyGyro-std()-Y",-0.259368686847826
"4128",28,"WALKING_UPSTAIRS","training data","tBodyGyro-std()-Y",-0.479319521372549
"4129",29,"STANDING","training data","tBodyGyro-std()-Y",-0.990364876307692
"4130",29,"SITTING","training data","tBodyGyro-std()-Y",-0.988334019666667
"4131",29,"LAYING","training data","tBodyGyro-std()-Y",-0.992750957826087
"4132",29,"WALKING","training data","tBodyGyro-std()-Y",-0.181802636566038
"4133",29,"WALKING_DOWNSTAIRS","training data","tBodyGyro-std()-Y",-0.390460137708333
"4134",29,"WALKING_UPSTAIRS","training data","tBodyGyro-std()-Y",0.0461103045102041
"4135",30,"STANDING","training data","tBodyGyro-std()-Y",-0.94070541220339
"4136",30,"SITTING","training data","tBodyGyro-std()-Y",-0.976477561935484
"4137",30,"LAYING","training data","tBodyGyro-std()-Y",-0.966041673
"4138",30,"WALKING","training data","tBodyGyro-std()-Y",0.00600277892
"4139",30,"WALKING_DOWNSTAIRS","training data","tBodyGyro-std()-Y",-0.285392416354839
"4140",30,"WALKING_UPSTAIRS","training data","tBodyGyro-std()-Y",-0.0840481513184615
"4141",2,"STANDING","test data","tBodyGyro-std()-Z",-0.964856701851852
"4142",2,"SITTING","test data","tBodyGyro-std()-Z",-0.959803708695652
"4143",2,"LAYING","test data","tBodyGyro-std()-Z",-0.960306560416667
"4144",2,"WALKING","test data","tBodyGyro-std()-Z",-0.481085535084746
"4145",2,"WALKING_DOWNSTAIRS","test data","tBodyGyro-std()-Z",-0.279418388042553
"4146",2,"WALKING_UPSTAIRS","test data","tBodyGyro-std()-Z",-0.163995791679167
"4147",4,"STANDING","test data","tBodyGyro-std()-Z",-0.909995038571429
"4148",4,"SITTING","test data","tBodyGyro-std()-Z",-0.9279722294
"4149",4,"LAYING","test data","tBodyGyro-std()-Z",-0.962073755
"4150",4,"WALKING","test data","tBodyGyro-std()-Z",-0.662608226
"4151",4,"WALKING_DOWNSTAIRS","test data","tBodyGyro-std()-Z",-0.498480800444444
"4152",4,"WALKING_UPSTAIRS","test data","tBodyGyro-std()-Z",-0.360811047884615
"4153",9,"STANDING","test data","tBodyGyro-std()-Z",-0.939889737333333
"4154",9,"SITTING","test data","tBodyGyro-std()-Z",-0.9301768338
"4155",9,"LAYING","test data","tBodyGyro-std()-Z",-0.9615953704
"4156",9,"WALKING","test data","tBodyGyro-std()-Z",-0.265683521346154
"4157",9,"WALKING_DOWNSTAIRS","test data","tBodyGyro-std()-Z",-0.279685150191905
"4158",9,"WALKING_UPSTAIRS","test data","tBodyGyro-std()-Z",-0.138176481058776
"4159",10,"STANDING","test data","tBodyGyro-std()-Z",-0.953681099545455
"4160",10,"SITTING","test data","tBodyGyro-std()-Z",-0.960445962037037
"4161",10,"LAYING","test data","tBodyGyro-std()-Z",-0.971940597413793
"4162",10,"WALKING","test data","tBodyGyro-std()-Z",-0.174524868603774
"4163",10,"WALKING_DOWNSTAIRS","test data","tBodyGyro-std()-Z",-0.0353021837
"4164",10,"WALKING_UPSTAIRS","test data","tBodyGyro-std()-Z",-0.320509332297872
"4165",12,"STANDING","test data","tBodyGyro-std()-Z",-0.950364757540984
"4166",12,"SITTING","test data","tBodyGyro-std()-Z",-0.951552533137255
"4167",12,"LAYING","test data","tBodyGyro-std()-Z",-0.950157442166667
"4168",12,"WALKING","test data","tBodyGyro-std()-Z",-0.35017028664
"4169",12,"WALKING_DOWNSTAIRS","test data","tBodyGyro-std()-Z",-0.337806681456522
"4170",12,"WALKING_UPSTAIRS","test data","tBodyGyro-std()-Z",-0.349614606153846
"4171",13,"STANDING","test data","tBodyGyro-std()-Z",-0.973436596140351
"4172",13,"SITTING","test data","tBodyGyro-std()-Z",-0.966896414285714
"4173",13,"LAYING","test data","tBodyGyro-std()-Z",-0.967350513709677
"4174",13,"WALKING","test data","tBodyGyro-std()-Z",-0.363369948070175
"4175",13,"WALKING_DOWNSTAIRS","test data","tBodyGyro-std()-Z",-0.322774082765957
"4176",13,"WALKING_UPSTAIRS","test data","tBodyGyro-std()-Z",-0.211805111745455
"4177",18,"STANDING","test data","tBodyGyro-std()-Z",-0.972820402739726
"4178",18,"SITTING","test data","tBodyGyro-std()-Z",-0.981525495438596
"4179",18,"LAYING","test data","tBodyGyro-std()-Z",-0.985108386307692
"4180",18,"WALKING","test data","tBodyGyro-std()-Z",-0.511417204821429
"4181",18,"WALKING_DOWNSTAIRS","test data","tBodyGyro-std()-Z",-0.483658260727273
"4182",18,"WALKING_UPSTAIRS","test data","tBodyGyro-std()-Z",-0.433922212068966
"4183",20,"STANDING","test data","tBodyGyro-std()-Z",-0.907343324657534
"4184",20,"SITTING","test data","tBodyGyro-std()-Z",-0.945771803484848
"4185",20,"LAYING","test data","tBodyGyro-std()-Z",-0.972409893529412
"4186",20,"WALKING","test data","tBodyGyro-std()-Z",-0.165748467372549
"4187",20,"WALKING_DOWNSTAIRS","test data","tBodyGyro-std()-Z",0.159723529622222
"4188",20,"WALKING_UPSTAIRS","test data","tBodyGyro-std()-Z",0.184119332796078
"4189",24,"STANDING","test data","tBodyGyro-std()-Z",-0.969958678115942
"4190",24,"SITTING","test data","tBodyGyro-std()-Z",-0.971277654117647
"4191",24,"LAYING","test data","tBodyGyro-std()-Z",-0.98170136125
"4192",24,"WALKING","test data","tBodyGyro-std()-Z",-0.396154003275862
"4193",24,"WALKING_DOWNSTAIRS","test data","tBodyGyro-std()-Z",-0.491077244909091
"4194",24,"WALKING_UPSTAIRS","test data","tBodyGyro-std()-Z",-0.27459628379661
"4195",1,"STANDING","training data","tBodyGyro-std()-Z",-0.980645626981132
"4196",1,"SITTING","training data","tBodyGyro-std()-Z",-0.941425920851064
"4197",1,"LAYING","training data","tBodyGyro-std()-Z",-0.9082846626
"4198",1,"WALKING","training data","tBodyGyro-std()-Z",-0.344266629473684
"4199",1,"WALKING_DOWNSTAIRS","training data","tBodyGyro-std()-Z",-0.124702454242857
"4200",1,"WALKING_UPSTAIRS","training data","tBodyGyro-std()-Z",-0.50716867490566
"4201",3,"STANDING","training data","tBodyGyro-std()-Z",-0.91236408147541
"4202",3,"SITTING","training data","tBodyGyro-std()-Z",-0.926413710384615
"4203",3,"LAYING","training data","tBodyGyro-std()-Z",-0.963505609032258
"4204",3,"WALKING","training data","tBodyGyro-std()-Z",-0.476696411551724
"4205",3,"WALKING_DOWNSTAIRS","training data","tBodyGyro-std()-Z",-0.44230776755102
"4206",3,"WALKING_UPSTAIRS","training data","tBodyGyro-std()-Z",-0.492327305084746
"4207",5,"STANDING","training data","tBodyGyro-std()-Z",-0.907471555714286
"4208",5,"SITTING","training data","tBodyGyro-std()-Z",-0.940637937045455
"4209",5,"LAYING","training data","tBodyGyro-std()-Z",-0.960583776923077
"4210",5,"WALKING","training data","tBodyGyro-std()-Z",-0.318700615178571
"4211",5,"WALKING_DOWNSTAIRS","training data","tBodyGyro-std()-Z",-0.227869042382979
"4212",5,"WALKING_UPSTAIRS","training data","tBodyGyro-std()-Z",-0.26545133312766
"4213",6,"STANDING","training data","tBodyGyro-std()-Z",-0.947782155964912
"4214",6,"SITTING","training data","tBodyGyro-std()-Z",-0.939681350909091
"4215",6,"LAYING","training data","tBodyGyro-std()-Z",-0.939141878596491
"4216",6,"WALKING","training data","tBodyGyro-std()-Z",-0.383139334736842
"4217",6,"WALKING_DOWNSTAIRS","training data","tBodyGyro-std()-Z",-0.0940797929729167
"4218",6,"WALKING_UPSTAIRS","training data","tBodyGyro-std()-Z",-0.18390018167451
"4219",7,"STANDING","training data","tBodyGyro-std()-Z",-0.951630777358491
"4220",7,"SITTING","training data","tBodyGyro-std()-Z",-0.937021208541667
"4221",7,"LAYING","training data","tBodyGyro-std()-Z",-0.955294890576923
"4222",7,"WALKING","training data","tBodyGyro-std()-Z",-0.396013535263158
"4223",7,"WALKING_DOWNSTAIRS","training data","tBodyGyro-std()-Z",-0.401051415531915
"4224",7,"WALKING_UPSTAIRS","training data","tBodyGyro-std()-Z",-0.348980051411765
"4225",8,"STANDING","training data","tBodyGyro-std()-Z",-0.974118322407407
"4226",8,"SITTING","training data","tBodyGyro-std()-Z",-0.959623548478261
"4227",8,"LAYING","training data","tBodyGyro-std()-Z",-0.96758975462963
"4228",8,"WALKING","training data","tBodyGyro-std()-Z",-0.0754447842395833
"4229",8,"WALKING_DOWNSTAIRS","training data","tBodyGyro-std()-Z",-0.129565242710526
"4230",8,"WALKING_UPSTAIRS","training data","tBodyGyro-std()-Z",0.337526477436585
"4231",11,"STANDING","training data","tBodyGyro-std()-Z",-0.980636664893617
"4232",11,"SITTING","training data","tBodyGyro-std()-Z",-0.95284431245283
"4233",11,"LAYING","training data","tBodyGyro-std()-Z",-0.959897432807018
"4234",11,"WALKING","training data","tBodyGyro-std()-Z",-0.434178202542373
"4235",11,"WALKING_DOWNSTAIRS","training data","tBodyGyro-std()-Z",-0.318959594782609
"4236",11,"WALKING_UPSTAIRS","training data","tBodyGyro-std()-Z",-0.694658851666667
"4237",14,"STANDING","training data","tBodyGyro-std()-Z",-0.946589134666667
"4238",14,"SITTING","training data","tBodyGyro-std()-Z",-0.952904383518518
"4239",14,"LAYING","training data","tBodyGyro-std()-Z",-0.952296965294118
"4240",14,"WALKING","training data","tBodyGyro-std()-Z",-0.12609080020339
"4241",14,"WALKING_DOWNSTAIRS","training data","tBodyGyro-std()-Z",0.356198597177778
"4242",14,"WALKING_UPSTAIRS","training data","tBodyGyro-std()-Z",0.564875818162963
"4243",15,"STANDING","training data","tBodyGyro-std()-Z",-0.968167046415094
"4244",15,"SITTING","training data","tBodyGyro-std()-Z",-0.963765802881356
"4245",15,"LAYING","training data","tBodyGyro-std()-Z",-0.956537051666667
"4246",15,"WALKING","training data","tBodyGyro-std()-Z",-0.48653265537037
"4247",15,"WALKING_DOWNSTAIRS","training data","tBodyGyro-std()-Z",-0.250648085714286
"4248",15,"WALKING_UPSTAIRS","training data","tBodyGyro-std()-Z",-0.477365945208333
"4249",16,"STANDING","training data","tBodyGyro-std()-Z",-0.982357006410256
"4250",16,"SITTING","training data","tBodyGyro-std()-Z",-0.960287831304348
"4251",16,"LAYING","training data","tBodyGyro-std()-Z",-0.984781484857143
"4252",16,"WALKING","training data","tBodyGyro-std()-Z",-0.365489530588235
"4253",16,"WALKING_DOWNSTAIRS","training data","tBodyGyro-std()-Z",-0.444636334893617
"4254",16,"WALKING_UPSTAIRS","training data","tBodyGyro-std()-Z",-0.365025170078431
"4255",17,"STANDING","training data","tBodyGyro-std()-Z",-0.985538363333333
"4256",17,"SITTING","training data","tBodyGyro-std()-Z",-0.9797052259375
"4257",17,"LAYING","training data","tBodyGyro-std()-Z",-0.976200771267606
"4258",17,"WALKING","training data","tBodyGyro-std()-Z",-0.386044435409836
"4259",17,"WALKING_DOWNSTAIRS","training data","tBodyGyro-std()-Z",-0.468462984347826
"4260",17,"WALKING_UPSTAIRS","training data","tBodyGyro-std()-Z",-0.234402350714583
"4261",19,"STANDING","training data","tBodyGyro-std()-Z",-0.960734258356164
"4262",19,"SITTING","training data","tBodyGyro-std()-Z",-0.96559497630137
"4263",19,"LAYING","training data","tBodyGyro-std()-Z",-0.973197523855422
"4264",19,"WALKING","training data","tBodyGyro-std()-Z",-0.104202986482692
"4265",19,"WALKING_DOWNSTAIRS","training data","tBodyGyro-std()-Z",-0.0314083457948718
"4266",19,"WALKING_UPSTAIRS","training data","tBodyGyro-std()-Z",-0.110117174875
"4267",21,"STANDING","training data","tBodyGyro-std()-Z",-0.959327022022472
"4268",21,"SITTING","training data","tBodyGyro-std()-Z",-0.976972658588235
"4269",21,"LAYING","training data","tBodyGyro-std()-Z",-0.981345430888889
"4270",21,"WALKING","training data","tBodyGyro-std()-Z",-0.311875599423077
"4271",21,"WALKING_DOWNSTAIRS","training data","tBodyGyro-std()-Z",-0.349759493777778
"4272",21,"WALKING_UPSTAIRS","training data","tBodyGyro-std()-Z",0.0517155421740426
"4273",22,"STANDING","training data","tBodyGyro-std()-Z",-0.96058251031746
"4274",22,"SITTING","training data","tBodyGyro-std()-Z",-0.946501417741936
"4275",22,"LAYING","training data","tBodyGyro-std()-Z",-0.933251870694444
"4276",22,"WALKING","training data","tBodyGyro-std()-Z",-0.151439515130435
"4277",22,"WALKING_DOWNSTAIRS","training data","tBodyGyro-std()-Z",-0.280417950555556
"4278",22,"WALKING_UPSTAIRS","training data","tBodyGyro-std()-Z",-0.157758060642857
"4279",23,"STANDING","training data","tBodyGyro-std()-Z",-0.962389689411765
"4280",23,"SITTING","training data","tBodyGyro-std()-Z",-0.9597186325
"4281",23,"LAYING","training data","tBodyGyro-std()-Z",-0.983920132638889
"4282",23,"WALKING","training data","tBodyGyro-std()-Z",-0.209634887972881
"4283",23,"WALKING_DOWNSTAIRS","training data","tBodyGyro-std()-Z",-0.208702488240741
"4284",23,"WALKING_UPSTAIRS","training data","tBodyGyro-std()-Z",-0.0317301153392157
"4285",25,"STANDING","training data","tBodyGyro-std()-Z",-0.971814139189189
"4286",25,"SITTING","training data","tBodyGyro-std()-Z",-0.972637558615385
"4287",25,"LAYING","training data","tBodyGyro-std()-Z",-0.91092799
"4288",25,"WALKING","training data","tBodyGyro-std()-Z",-0.562775245405405
"4289",25,"WALKING_DOWNSTAIRS","training data","tBodyGyro-std()-Z",-0.443780454482759
"4290",25,"WALKING_UPSTAIRS","training data","tBodyGyro-std()-Z",-0.564195608923077
"4291",26,"STANDING","training data","tBodyGyro-std()-Z",-0.974891360675676
"4292",26,"SITTING","training data","tBodyGyro-std()-Z",-0.966441338076923
"4293",26,"LAYING","training data","tBodyGyro-std()-Z",-0.969302237763158
"4294",26,"WALKING","training data","tBodyGyro-std()-Z",-0.354549059491525
"4295",26,"WALKING_DOWNSTAIRS","training data","tBodyGyro-std()-Z",-0.3320502392
"4296",26,"WALKING_UPSTAIRS","training data","tBodyGyro-std()-Z",-0.3090880546
"4297",27,"STANDING","training data","tBodyGyro-std()-Z",-0.981281807
"4298",27,"SITTING","training data","tBodyGyro-std()-Z",-0.975713310142857
"4299",27,"LAYING","training data","tBodyGyro-std()-Z",-0.97837499972973
"4300",27,"WALKING","training data","tBodyGyro-std()-Z",-0.250120409298246
"4301",27,"WALKING_DOWNSTAIRS","training data","tBodyGyro-std()-Z",-0.257846157386364
"4302",27,"WALKING_UPSTAIRS","training data","tBodyGyro-std()-Z",-0.169960785215686
"4303",28,"STANDING","training data","tBodyGyro-std()-Z",-0.925491442911392
"4304",28,"SITTING","training data","tBodyGyro-std()-Z",-0.9566328025
"4305",28,"LAYING","training data","tBodyGyro-std()-Z",-0.96237491175
"4306",28,"WALKING","training data","tBodyGyro-std()-Z",-0.242601384618519
"4307",28,"WALKING_DOWNSTAIRS","training data","tBodyGyro-std()-Z",-0.307025006304348
"4308",28,"WALKING_UPSTAIRS","training data","tBodyGyro-std()-Z",-0.189306812833333
"4309",29,"STANDING","training data","tBodyGyro-std()-Z",-0.983368643230769
"4310",29,"SITTING","training data","tBodyGyro-std()-Z",-0.971227991666667
"4311",29,"LAYING","training data","tBodyGyro-std()-Z",-0.97499461942029
"4312",29,"WALKING","training data","tBodyGyro-std()-Z",-0.430232441132075
"4313",29,"WALKING_DOWNSTAIRS","training data","tBodyGyro-std()-Z",-0.311122615416667
"4314",29,"WALKING_UPSTAIRS","training data","tBodyGyro-std()-Z",-0.37481514122449
"4315",30,"STANDING","training data","tBodyGyro-std()-Z",-0.93083468440678
"4316",30,"SITTING","training data","tBodyGyro-std()-Z",-0.955053200806452
"4317",30,"LAYING","training data","tBodyGyro-std()-Z",-0.968889156142857
"4318",30,"WALKING","training data","tBodyGyro-std()-Z",-0.182569652430769
"4319",30,"WALKING_DOWNSTAIRS","training data","tBodyGyro-std()-Z",-0.29537036283871
"4320",30,"WALKING_UPSTAIRS","training data","tBodyGyro-std()-Z",-0.211573579892308
"4321",2,"STANDING","test data","tBodyGyroJerk-mean()-X",-0.105562157888889
"4322",2,"SITTING","test data","tBodyGyroJerk-mean()-X",-0.0936328412826087
"4323",2,"LAYING","test data","tBodyGyroJerk-mean()-X",-0.101974134208333
"4324",2,"WALKING","test data","tBodyGyroJerk-mean()-X",-0.0818833429152542
"4325",2,"WALKING_DOWNSTAIRS","test data","tBodyGyroJerk-mean()-X",-0.0581038498510638
"4326",2,"WALKING_UPSTAIRS","test data","tBodyGyroJerk-mean()-X",-0.0828858001333333
"4327",4,"STANDING","test data","tBodyGyroJerk-mean()-X",-0.103057894142857
"4328",4,"SITTING","test data","tBodyGyroJerk-mean()-X",-0.09694948424
"4329",4,"LAYING","test data","tBodyGyroJerk-mean()-X",-0.105019877685185
"4330",4,"WALKING","test data","tBodyGyroJerk-mean()-X",-0.115321556475
"4331",4,"WALKING_DOWNSTAIRS","test data","tBodyGyroJerk-mean()-X",-0.0921282734666667
"4332",4,"WALKING_UPSTAIRS","test data","tBodyGyroJerk-mean()-X",-0.1314720713
"4333",9,"STANDING","test data","tBodyGyroJerk-mean()-X",-0.095897704
"4334",9,"SITTING","test data","tBodyGyroJerk-mean()-X",-0.0930708106
"4335",9,"LAYING","test data","tBodyGyroJerk-mean()-X",-0.10384667982
"4336",9,"WALKING","test data","tBodyGyroJerk-mean()-X",-0.0809204094461538
"4337",9,"WALKING_DOWNSTAIRS","test data","tBodyGyroJerk-mean()-X",-0.094591202447619
"4338",9,"WALKING_UPSTAIRS","test data","tBodyGyroJerk-mean()-X",-0.0684689593355102
"4339",10,"STANDING","test data","tBodyGyroJerk-mean()-X",-0.104753833181818
"4340",10,"SITTING","test data","tBodyGyroJerk-mean()-X",-0.0931555026481481
"4341",10,"LAYING","test data","tBodyGyroJerk-mean()-X",-0.100308254413793
"4342",10,"WALKING","test data","tBodyGyroJerk-mean()-X",-0.122709563462264
"4343",10,"WALKING_DOWNSTAIRS","test data","tBodyGyroJerk-mean()-X",-0.0643764005526316
"4344",10,"WALKING_UPSTAIRS","test data","tBodyGyroJerk-mean()-X",-0.157212539189362
"4345",12,"STANDING","test data","tBodyGyroJerk-mean()-X",-0.0976380412377049
"4346",12,"SITTING","test data","tBodyGyroJerk-mean()-X",-0.0941023489803922
"4347",12,"LAYING","test data","tBodyGyroJerk-mean()-X",-0.0990402297166667
"4348",12,"WALKING","test data","tBodyGyroJerk-mean()-X",-0.06223893174
"4349",12,"WALKING_DOWNSTAIRS","test data","tBodyGyroJerk-mean()-X",-0.0264668968652174
"4350",12,"WALKING_UPSTAIRS","test data","tBodyGyroJerk-mean()-X",-0.0455638872076923
"4351",13,"STANDING","test data","tBodyGyroJerk-mean()-X",-0.0981199986666667
"4352",13,"SITTING","test data","tBodyGyroJerk-mean()-X",-0.095919848877551
"4353",13,"LAYING","test data","tBodyGyroJerk-mean()-X",-0.101835573822581
"4354",13,"WALKING","test data","tBodyGyroJerk-mean()-X",-0.0966598593263158
"4355",13,"WALKING_DOWNSTAIRS","test data","tBodyGyroJerk-mean()-X",-0.0647199842553191
"4356",13,"WALKING_UPSTAIRS","test data","tBodyGyroJerk-mean()-X",-0.0664817176345455
"4357",18,"STANDING","test data","tBodyGyroJerk-mean()-X",-0.0987174024657534
"4358",18,"SITTING","test data","tBodyGyroJerk-mean()-X",-0.0954723233684211
"4359",18,"LAYING","test data","tBodyGyroJerk-mean()-X",-0.0997154236307692
"4360",18,"WALKING","test data","tBodyGyroJerk-mean()-X",-0.0966435295642857
"4361",18,"WALKING_DOWNSTAIRS","test data","tBodyGyroJerk-mean()-X",-0.0836566573181818
"4362",18,"WALKING_UPSTAIRS","test data","tBodyGyroJerk-mean()-X",-0.0899953036658621
"4363",20,"STANDING","test data","tBodyGyroJerk-mean()-X",-0.102049132684932
"4364",20,"SITTING","test data","tBodyGyroJerk-mean()-X",-0.0959970816060606
"4365",20,"LAYING","test data","tBodyGyroJerk-mean()-X",-0.0995033069117647
"4366",20,"WALKING","test data","tBodyGyroJerk-mean()-X",-0.0679992365372549
"4367",20,"WALKING_DOWNSTAIRS","test data","tBodyGyroJerk-mean()-X",-0.0452503065777778
"4368",20,"WALKING_UPSTAIRS","test data","tBodyGyroJerk-mean()-X",-0.148389168870392
"4369",24,"STANDING","test data","tBodyGyroJerk-mean()-X",-0.0991947719855072
"4370",24,"SITTING","test data","tBodyGyroJerk-mean()-X",-0.0951782658382353
"4371",24,"LAYING","test data","tBodyGyroJerk-mean()-X",-0.102813809652778
"4372",24,"WALKING","test data","tBodyGyroJerk-mean()-X",-0.0625311679982759
"4373",24,"WALKING_DOWNSTAIRS","test data","tBodyGyroJerk-mean()-X",-0.0914145014654545
"4374",24,"WALKING_UPSTAIRS","test data","tBodyGyroJerk-mean()-X",-0.146800845605424
"4375",1,"STANDING","training data","tBodyGyroJerk-mean()-X",-0.0996092129056604
"4376",1,"SITTING","training data","tBodyGyroJerk-mean()-X",-0.0936793807234043
"4377",1,"LAYING","training data","tBodyGyroJerk-mean()-X",-0.107270949192
"4378",1,"WALKING","training data","tBodyGyroJerk-mean()-X",-0.0899975423705263
"4379",1,"WALKING_DOWNSTAIRS","training data","tBodyGyroJerk-mean()-X",-0.0739592036271429
"4380",1,"WALKING_UPSTAIRS","training data","tBodyGyroJerk-mean()-X",-0.122232768011321
"4381",3,"STANDING","training data","tBodyGyroJerk-mean()-X",-0.0994602620655738
"4382",3,"SITTING","training data","tBodyGyroJerk-mean()-X",-0.103605889057692
"4383",3,"LAYING","training data","tBodyGyroJerk-mean()-X",-0.10004449883871
"4384",3,"WALKING","training data","tBodyGyroJerk-mean()-X",-0.0952398165017241
"4385",3,"WALKING_DOWNSTAIRS","training data","tBodyGyroJerk-mean()-X",-0.0778701650285714
"4386",3,"WALKING_UPSTAIRS","training data","tBodyGyroJerk-mean()-X",-0.115510569491525
"4387",5,"STANDING","training data","tBodyGyroJerk-mean()-X",-0.0922249863035714
"4388",5,"SITTING","training data","tBodyGyroJerk-mean()-X",-0.0889747665681818
"4389",5,"LAYING","training data","tBodyGyroJerk-mean()-X",-0.102114125
"4390",5,"WALKING","training data","tBodyGyroJerk-mean()-X",-0.0888408355267857
"4391",5,"WALKING_DOWNSTAIRS","training data","tBodyGyroJerk-mean()-X",-0.110149008255319
"4392",5,"WALKING_UPSTAIRS","training data","tBodyGyroJerk-mean()-X",-0.143029686361702
"4393",6,"STANDING","training data","tBodyGyroJerk-mean()-X",-0.103292534210526
"4394",6,"SITTING","training data","tBodyGyroJerk-mean()-X",-0.0936693524363636
"4395",6,"LAYING","training data","tBodyGyroJerk-mean()-X",-0.111267284631579
"4396",6,"WALKING","training data","tBodyGyroJerk-mean()-X",-0.0878891090105263
"4397",6,"WALKING_DOWNSTAIRS","training data","tBodyGyroJerk-mean()-X",-0.0256452232354167
"4398",6,"WALKING_UPSTAIRS","training data","tBodyGyroJerk-mean()-X",-0.0652024492378431
"4399",7,"STANDING","training data","tBodyGyroJerk-mean()-X",-0.0901539662169811
"4400",7,"SITTING","training data","tBodyGyroJerk-mean()-X",-0.0938155625083333
"4401",7,"LAYING","training data","tBodyGyroJerk-mean()-X",-0.105944243484615
"4402",7,"WALKING","training data","tBodyGyroJerk-mean()-X",-0.123654199751333
"4403",7,"WALKING_DOWNSTAIRS","training data","tBodyGyroJerk-mean()-X",-0.0597273512680851
"4404",7,"WALKING_UPSTAIRS","training data","tBodyGyroJerk-mean()-X",-0.0856640866647059
"4405",8,"STANDING","training data","tBodyGyroJerk-mean()-X",-0.097757576
"4406",8,"SITTING","training data","tBodyGyroJerk-mean()-X",-0.0923150250434783
"4407",8,"LAYING","training data","tBodyGyroJerk-mean()-X",-0.106445008314815
"4408",8,"WALKING","training data","tBodyGyroJerk-mean()-X",-0.135886431360417
"4409",8,"WALKING_DOWNSTAIRS","training data","tBodyGyroJerk-mean()-X",-0.0349283489710526
"4410",8,"WALKING_UPSTAIRS","training data","tBodyGyroJerk-mean()-X",-0.15544567414878
"4411",11,"STANDING","training data","tBodyGyroJerk-mean()-X",-0.099519355893617
"4412",11,"SITTING","training data","tBodyGyroJerk-mean()-X",-0.0948423481320755
"4413",11,"LAYING","training data","tBodyGyroJerk-mean()-X",-0.102297501877193
"4414",11,"WALKING","training data","tBodyGyroJerk-mean()-X",-0.0918204195491525
"4415",11,"WALKING_DOWNSTAIRS","training data","tBodyGyroJerk-mean()-X",-0.0220916265065217
"4416",11,"WALKING_UPSTAIRS","training data","tBodyGyroJerk-mean()-X",-0.0645245413759259
"4417",14,"STANDING","training data","tBodyGyroJerk-mean()-X",-0.100718458866667
"4418",14,"SITTING","training data","tBodyGyroJerk-mean()-X",-0.0921614578888889
"4419",14,"LAYING","training data","tBodyGyroJerk-mean()-X",-0.105446637019608
"4420",14,"WALKING","training data","tBodyGyroJerk-mean()-X",-0.110656054802153
"4421",14,"WALKING_DOWNSTAIRS","training data","tBodyGyroJerk-mean()-X",-0.108620377713333
"4422",14,"WALKING_UPSTAIRS","training data","tBodyGyroJerk-mean()-X",-0.128266667862963
"4423",15,"STANDING","training data","tBodyGyroJerk-mean()-X",-0.101358786226415
"4424",15,"SITTING","training data","tBodyGyroJerk-mean()-X",-0.0953649067966102
"4425",15,"LAYING","training data","tBodyGyroJerk-mean()-X",-0.102266714236111
"4426",15,"WALKING","training data","tBodyGyroJerk-mean()-X",-0.0776692754648148
"4427",15,"WALKING_DOWNSTAIRS","training data","tBodyGyroJerk-mean()-X",-0.0482532079928571
"4428",15,"WALKING_UPSTAIRS","training data","tBodyGyroJerk-mean()-X",-0.144485986527083
"4429",16,"STANDING","training data","tBodyGyroJerk-mean()-X",-0.100107332602564
"4430",16,"SITTING","training data","tBodyGyroJerk-mean()-X",-0.0957204520289855
"4431",16,"LAYING","training data","tBodyGyroJerk-mean()-X",-0.1022095722
"4432",16,"WALKING","training data","tBodyGyroJerk-mean()-X",-0.110917348282353
"4433",16,"WALKING_DOWNSTAIRS","training data","tBodyGyroJerk-mean()-X",-0.103904044543617
"4434",16,"WALKING_UPSTAIRS","training data","tBodyGyroJerk-mean()-X",-0.140908293613922
"4435",17,"STANDING","training data","tBodyGyroJerk-mean()-X",-0.101289168653846
"4436",17,"SITTING","training data","tBodyGyroJerk-mean()-X",-0.094247696875
"4437",17,"LAYING","training data","tBodyGyroJerk-mean()-X",-0.102049763957746
"4438",17,"WALKING","training data","tBodyGyroJerk-mean()-X",-0.109959237927869
"4439",17,"WALKING_DOWNSTAIRS","training data","tBodyGyroJerk-mean()-X",-0.1077700285
"4440",17,"WALKING_UPSTAIRS","training data","tBodyGyroJerk-mean()-X",-0.142655397660417
"4441",19,"STANDING","training data","tBodyGyroJerk-mean()-X",-0.0990467890520548
"4442",19,"SITTING","training data","tBodyGyroJerk-mean()-X",-0.100986131452055
"4443",19,"LAYING","training data","tBodyGyroJerk-mean()-X",-0.0956018266746988
"4444",19,"WALKING","training data","tBodyGyroJerk-mean()-X",-0.0832353261384615
"4445",19,"WALKING_DOWNSTAIRS","training data","tBodyGyroJerk-mean()-X",-0.0337429578461538
"4446",19,"WALKING_UPSTAIRS","training data","tBodyGyroJerk-mean()-X",-0.1018063044
"4447",21,"STANDING","training data","tBodyGyroJerk-mean()-X",-0.103199796370787
"4448",21,"SITTING","training data","tBodyGyroJerk-mean()-X",-0.101114775129412
"4449",21,"LAYING","training data","tBodyGyroJerk-mean()-X",-0.0964118375066667
"4450",21,"WALKING","training data","tBodyGyroJerk-mean()-X",-0.0868767709153846
"4451",21,"WALKING_DOWNSTAIRS","training data","tBodyGyroJerk-mean()-X",-0.0726461849022222
"4452",21,"WALKING_UPSTAIRS","training data","tBodyGyroJerk-mean()-X",-0.144351492595745
"4453",22,"STANDING","training data","tBodyGyroJerk-mean()-X",-0.0975013472380952
"4454",22,"SITTING","training data","tBodyGyroJerk-mean()-X",-0.0986493161935484
"4455",22,"LAYING","training data","tBodyGyroJerk-mean()-X",-0.100203934722222
"4456",22,"WALKING","training data","tBodyGyroJerk-mean()-X",-0.132977562363043
"4457",22,"WALKING_DOWNSTAIRS","training data","tBodyGyroJerk-mean()-X",-0.0901744530194444
"4458",22,"WALKING_UPSTAIRS","training data","tBodyGyroJerk-mean()-X",-0.148450080695476
"4459",23,"STANDING","training data","tBodyGyroJerk-mean()-X",-0.0981481050441177
"4460",23,"SITTING","training data","tBodyGyroJerk-mean()-X",-0.0967422192647059
"4461",23,"LAYING","training data","tBodyGyroJerk-mean()-X",-0.102024922819444
"4462",23,"WALKING","training data","tBodyGyroJerk-mean()-X",-0.0578128239067797
"4463",23,"WALKING_DOWNSTAIRS","training data","tBodyGyroJerk-mean()-X",-0.117725824412963
"4464",23,"WALKING_UPSTAIRS","training data","tBodyGyroJerk-mean()-X",-0.109913094117647
"4465",25,"STANDING","training data","tBodyGyroJerk-mean()-X",-0.100473697756757
"4466",25,"SITTING","training data","tBodyGyroJerk-mean()-X",-0.0954801379692308
"4467",25,"LAYING","training data","tBodyGyroJerk-mean()-X",-0.101646999342466
"4468",25,"WALKING","training data","tBodyGyroJerk-mean()-X",-0.102377269321622
"4469",25,"WALKING_DOWNSTAIRS","training data","tBodyGyroJerk-mean()-X",-0.127952445399655
"4470",25,"WALKING_UPSTAIRS","training data","tBodyGyroJerk-mean()-X",-0.126481161061538
"4471",26,"STANDING","training data","tBodyGyroJerk-mean()-X",-0.100355997108108
"4472",26,"SITTING","training data","tBodyGyroJerk-mean()-X",-0.095984817
"4473",26,"LAYING","training data","tBodyGyroJerk-mean()-X",-0.100368640868421
"4474",26,"WALKING","training data","tBodyGyroJerk-mean()-X",-0.099411456038983
"4475",26,"WALKING_DOWNSTAIRS","training data","tBodyGyroJerk-mean()-X",-0.0992465275036
"4476",26,"WALKING_UPSTAIRS","training data","tBodyGyroJerk-mean()-X",-0.0975590199454545
"4477",27,"STANDING","training data","tBodyGyroJerk-mean()-X",-0.0987605078625
"4478",27,"SITTING","training data","tBodyGyroJerk-mean()-X",-0.0951635808
"4479",27,"LAYING","training data","tBodyGyroJerk-mean()-X",-0.101147695256757
"4480",27,"WALKING","training data","tBodyGyroJerk-mean()-X",-0.0786163508824035
"4481",27,"WALKING_DOWNSTAIRS","training data","tBodyGyroJerk-mean()-X",-0.0515814754272727
"4482",27,"WALKING_UPSTAIRS","training data","tBodyGyroJerk-mean()-X",-0.0937518711117647
"4483",28,"STANDING","training data","tBodyGyroJerk-mean()-X",-0.102248409070886
"4484",28,"SITTING","training data","tBodyGyroJerk-mean()-X",-0.0953935055833333
"4485",28,"LAYING","training data","tBodyGyroJerk-mean()-X",-0.1045116270375
"4486",28,"WALKING","training data","tBodyGyroJerk-mean()-X",-0.092974671262963
"4487",28,"WALKING_DOWNSTAIRS","training data","tBodyGyroJerk-mean()-X",-0.0266492977565217
"4488",28,"WALKING_UPSTAIRS","training data","tBodyGyroJerk-mean()-X",-0.080568055454902
"4489",29,"STANDING","training data","tBodyGyroJerk-mean()-X",-0.0988701505538462
"4490",29,"SITTING","training data","tBodyGyroJerk-mean()-X",-0.0953636995833333
"4491",29,"LAYING","training data","tBodyGyroJerk-mean()-X",-0.0995339880724638
"4492",29,"WALKING","training data","tBodyGyroJerk-mean()-X",-0.10688830318283
"4493",29,"WALKING_DOWNSTAIRS","training data","tBodyGyroJerk-mean()-X",-0.0743986469979167
"4494",29,"WALKING_UPSTAIRS","training data","tBodyGyroJerk-mean()-X",-0.130429072653061
"4495",30,"STANDING","training data","tBodyGyroJerk-mean()-X",-0.0997160228220339
"4496",30,"SITTING","training data","tBodyGyroJerk-mean()-X",-0.095270767516129
"4497",30,"LAYING","training data","tBodyGyroJerk-mean()-X",-0.102277358585714
"4498",30,"WALKING","training data","tBodyGyroJerk-mean()-X",-0.0873839917276923
"4499",30,"WALKING_DOWNSTAIRS","training data","tBodyGyroJerk-mean()-X",-0.0615954583870968
"4500",30,"WALKING_UPSTAIRS","training data","tBodyGyroJerk-mean()-X",-0.108414261326154
"4501",2,"STANDING","test data","tBodyGyroJerk-mean()-Y",-0.042241953537037
"4502",2,"SITTING","test data","tBodyGyroJerk-mean()-Y",-0.0415602029130435
"4503",2,"LAYING","test data","tBodyGyroJerk-mean()-Y",-0.0358590176083333
"4504",2,"WALKING","test data","tBodyGyroJerk-mean()-Y",-0.0538299449067797
"4505",2,"WALKING_DOWNSTAIRS","test data","tBodyGyroJerk-mean()-Y",-0.0421470257531915
"4506",2,"WALKING_UPSTAIRS","test data","tBodyGyroJerk-mean()-Y",-0.0424053708458333
"4507",4,"STANDING","test data","tBodyGyroJerk-mean()-Y",-0.0461257201357143
"4508",4,"SITTING","test data","tBodyGyroJerk-mean()-Y",-0.041848389996
"4509",4,"LAYING","test data","tBodyGyroJerk-mean()-Y",-0.0381230432222222
"4510",4,"WALKING","test data","tBodyGyroJerk-mean()-Y",-0.0393474489133333
"4511",4,"WALKING_DOWNSTAIRS","test data","tBodyGyroJerk-mean()-Y",-0.0348434913444444
"4512",4,"WALKING_UPSTAIRS","test data","tBodyGyroJerk-mean()-Y",-0.0390508828865385
"4513",9,"STANDING","test data","tBodyGyroJerk-mean()-Y",-0.0419199574333333
"4514",9,"SITTING","test data","tBodyGyroJerk-mean()-Y",-0.046663441472
"4515",9,"LAYING","test data","tBodyGyroJerk-mean()-Y",-0.027552256948
"4516",9,"WALKING","test data","tBodyGyroJerk-mean()-Y",-0.0356283427038462
"4517",9,"WALKING_DOWNSTAIRS","test data","tBodyGyroJerk-mean()-Y",-0.0597608334619048
"4518",9,"WALKING_UPSTAIRS","test data","tBodyGyroJerk-mean()-Y",-0.0302797452408163
"4519",10,"STANDING","test data","tBodyGyroJerk-mean()-Y",-0.0371593000727273
"4520",10,"SITTING","test data","tBodyGyroJerk-mean()-Y",-0.0411216540925926
"4521",10,"LAYING","test data","tBodyGyroJerk-mean()-Y",-0.0388797920413793
"4522",10,"WALKING","test data","tBodyGyroJerk-mean()-Y",-0.0519204981037736
"4523",10,"WALKING_DOWNSTAIRS","test data","tBodyGyroJerk-mean()-Y",-0.0489378053157895
"4524",10,"WALKING_UPSTAIRS","test data","tBodyGyroJerk-mean()-Y",-0.0372348522521277
"4525",12,"STANDING","test data","tBodyGyroJerk-mean()-Y",-0.0409520826508197
"4526",12,"SITTING","test data","tBodyGyroJerk-mean()-Y",-0.0387477474705882
"4527",12,"LAYING","test data","tBodyGyroJerk-mean()-Y",-0.0410675310833333
"4528",12,"WALKING","test data","tBodyGyroJerk-mean()-Y",-0.049852604592
"4529",12,"WALKING_DOWNSTAIRS","test data","tBodyGyroJerk-mean()-Y",-0.0609177195869565
"4530",12,"WALKING_UPSTAIRS","test data","tBodyGyroJerk-mean()-Y",-0.0335406569057692
"4531",13,"STANDING","test data","tBodyGyroJerk-mean()-Y",-0.0412872577807018
"4532",13,"SITTING","test data","tBodyGyroJerk-mean()-Y",-0.041036688077551
"4533",13,"LAYING","test data","tBodyGyroJerk-mean()-Y",-0.0417744000370968
"4534",13,"WALKING","test data","tBodyGyroJerk-mean()-Y",-0.0319849271912281
"4535",13,"WALKING_DOWNSTAIRS","test data","tBodyGyroJerk-mean()-Y",-0.0669414080765958
"4536",13,"WALKING_UPSTAIRS","test data","tBodyGyroJerk-mean()-Y",-0.0453051954036364
"4537",18,"STANDING","test data","tBodyGyroJerk-mean()-Y",-0.0406573412739726
"4538",18,"SITTING","test data","tBodyGyroJerk-mean()-Y",-0.0397125591491228
"4539",18,"LAYING","test data","tBodyGyroJerk-mean()-Y",-0.0393440191846154
"4540",18,"WALKING","test data","tBodyGyroJerk-mean()-Y",-0.0433771125875
"4541",18,"WALKING_DOWNSTAIRS","test data","tBodyGyroJerk-mean()-Y",-0.0509120258890909
"4542",18,"WALKING_UPSTAIRS","test data","tBodyGyroJerk-mean()-Y",-0.0527472610827586
"4543",20,"STANDING","test data","tBodyGyroJerk-mean()-Y",-0.0432152397506849
"4544",20,"SITTING","test data","tBodyGyroJerk-mean()-Y",-0.0407299244348485
"4545",20,"LAYING","test data","tBodyGyroJerk-mean()-Y",-0.038776298
"4546",20,"WALKING","test data","tBodyGyroJerk-mean()-Y",-0.0514175758627451
"4547",20,"WALKING_DOWNSTAIRS","test data","tBodyGyroJerk-mean()-Y",-0.0577371504488889
"4548",20,"WALKING_UPSTAIRS","test data","tBodyGyroJerk-mean()-Y",-0.0189816250372549
"4549",24,"STANDING","test data","tBodyGyroJerk-mean()-Y",-0.0431738608
"4550",24,"SITTING","test data","tBodyGyroJerk-mean()-Y",-0.040616936
"4551",24,"LAYING","test data","tBodyGyroJerk-mean()-Y",-0.0382323710416667
"4552",24,"WALKING","test data","tBodyGyroJerk-mean()-Y",-0.0502895008551724
"4553",24,"WALKING_DOWNSTAIRS","test data","tBodyGyroJerk-mean()-Y",-0.0291766311418182
"4554",24,"WALKING_UPSTAIRS","test data","tBodyGyroJerk-mean()-Y",-0.0317350582050847
"4555",1,"STANDING","training data","tBodyGyroJerk-mean()-Y",-0.0440627877924528
"4556",1,"SITTING","training data","tBodyGyroJerk-mean()-Y",-0.0402118124255319
"4557",1,"LAYING","training data","tBodyGyroJerk-mean()-Y",-0.04151728689
"4558",1,"WALKING","training data","tBodyGyroJerk-mean()-Y",-0.0398428709463158
"4559",1,"WALKING_DOWNSTAIRS","training data","tBodyGyroJerk-mean()-Y",-0.0439902783367347
"4560",1,"WALKING_UPSTAIRS","training data","tBodyGyroJerk-mean()-Y",-0.0421485884509434
"4561",3,"STANDING","training data","tBodyGyroJerk-mean()-Y",-0.0472415819016393
"4562",3,"SITTING","training data","tBodyGyroJerk-mean()-Y",-0.0360909881807692
"4563",3,"LAYING","training data","tBodyGyroJerk-mean()-Y",-0.0389771765322581
"4564",3,"WALKING","training data","tBodyGyroJerk-mean()-Y",-0.0387874651724138
"4565",3,"WALKING_DOWNSTAIRS","training data","tBodyGyroJerk-mean()-Y",-0.0391567930959184
"4566",3,"WALKING_UPSTAIRS","training data","tBodyGyroJerk-mean()-Y",-0.0400372510491525
"4567",5,"STANDING","training data","tBodyGyroJerk-mean()-Y",-0.0399108188821429
"4568",5,"SITTING","training data","tBodyGyroJerk-mean()-Y",-0.0454702982386364
"4569",5,"LAYING","training data","tBodyGyroJerk-mean()-Y",-0.0404446925288462
"4570",5,"WALKING","training data","tBodyGyroJerk-mean()-Y",-0.0449559531089286
"4571",5,"WALKING_DOWNSTAIRS","training data","tBodyGyroJerk-mean()-Y",-0.0708296588478723
"4572",5,"WALKING_UPSTAIRS","training data","tBodyGyroJerk-mean()-Y",-0.0559895777393617
"4573",6,"STANDING","training data","tBodyGyroJerk-mean()-Y",-0.0428828304736842
"4574",6,"SITTING","training data","tBodyGyroJerk-mean()-Y",-0.0333986700025455
"4575",6,"LAYING","training data","tBodyGyroJerk-mean()-Y",-0.0424104289992982
"4576",6,"WALKING","training data","tBodyGyroJerk-mean()-Y",-0.0362308971842105
"4577",6,"WALKING_DOWNSTAIRS","training data","tBodyGyroJerk-mean()-Y",-0.0768089915604167
"4578",6,"WALKING_UPSTAIRS","training data","tBodyGyroJerk-mean()-Y",-0.0457705354509804
"4579",7,"STANDING","training data","tBodyGyroJerk-mean()-Y",-0.0412797611886792
"4580",7,"SITTING","training data","tBodyGyroJerk-mean()-Y",-0.0396444885
"4581",7,"LAYING","training data","tBodyGyroJerk-mean()-Y",-0.0358897425826923
"4582",7,"WALKING","training data","tBodyGyroJerk-mean()-Y",-0.0447766029745614
"4583",7,"WALKING_DOWNSTAIRS","training data","tBodyGyroJerk-mean()-Y",-0.0381904275744681
"4584",7,"WALKING_UPSTAIRS","training data","tBodyGyroJerk-mean()-Y",-0.0482219105196078
"4585",8,"STANDING","training data","tBodyGyroJerk-mean()-Y",-0.0485190684259259
"4586",8,"SITTING","training data","tBodyGyroJerk-mean()-Y",-0.0402673770652174
"4587",8,"LAYING","training data","tBodyGyroJerk-mean()-Y",-0.0389735198722222
"4588",8,"WALKING","training data","tBodyGyroJerk-mean()-Y",-0.0314880905541667
"4589",8,"WALKING_DOWNSTAIRS","training data","tBodyGyroJerk-mean()-Y",-0.0534969692794737
"4590",8,"WALKING_UPSTAIRS","training data","tBodyGyroJerk-mean()-Y",-0.027919577097561
"4591",11,"STANDING","training data","tBodyGyroJerk-mean()-Y",-0.0395992140851064
"4592",11,"SITTING","training data","tBodyGyroJerk-mean()-Y",-0.0392813049264151
"4593",11,"LAYING","training data","tBodyGyroJerk-mean()-Y",-0.0412391429298246
"4594",11,"WALKING","training data","tBodyGyroJerk-mean()-Y",-0.0514172549559322
"4595",11,"WALKING_DOWNSTAIRS","training data","tBodyGyroJerk-mean()-Y",-0.0520272987304348
"4596",11,"WALKING_UPSTAIRS","training data","tBodyGyroJerk-mean()-Y",-0.0719834687944444
"4597",14,"STANDING","training data","tBodyGyroJerk-mean()-Y",-0.04500967927
"4598",14,"SITTING","training data","tBodyGyroJerk-mean()-Y",-0.0434577295055556
"4599",14,"LAYING","training data","tBodyGyroJerk-mean()-Y",-0.0372677398193922
"4600",14,"WALKING","training data","tBodyGyroJerk-mean()-Y",-0.0438969529084746
"4601",14,"WALKING_DOWNSTAIRS","training data","tBodyGyroJerk-mean()-Y",-0.0740589810844444
"4602",14,"WALKING_UPSTAIRS","training data","tBodyGyroJerk-mean()-Y",-0.0207749732407407
"4603",15,"STANDING","training data","tBodyGyroJerk-mean()-Y",-0.0438507492018868
"4604",15,"SITTING","training data","tBodyGyroJerk-mean()-Y",-0.0396068774557627
"4605",15,"LAYING","training data","tBodyGyroJerk-mean()-Y",-0.0415878968152778
"4606",15,"WALKING","training data","tBodyGyroJerk-mean()-Y",-0.0552536572125926
"4607",15,"WALKING_DOWNSTAIRS","training data","tBodyGyroJerk-mean()-Y",-0.0495415503071429
"4608",15,"WALKING_UPSTAIRS","training data","tBodyGyroJerk-mean()-Y",-0.0365419164020833
"4609",16,"STANDING","training data","tBodyGyroJerk-mean()-Y",-0.0424982241410256
"4610",16,"SITTING","training data","tBodyGyroJerk-mean()-Y",-0.0450369280637681
"4611",16,"LAYING","training data","tBodyGyroJerk-mean()-Y",-0.0347735325871429
"4612",16,"WALKING","training data","tBodyGyroJerk-mean()-Y",-0.0433876843176471
"4613",16,"WALKING_DOWNSTAIRS","training data","tBodyGyroJerk-mean()-Y",-0.0567686629753191
"4614",16,"WALKING_UPSTAIRS","training data","tBodyGyroJerk-mean()-Y",-0.0296211298558824
"4615",17,"STANDING","training data","tBodyGyroJerk-mean()-Y",-0.0404518753974359
"4616",17,"SITTING","training data","tBodyGyroJerk-mean()-Y",-0.0411134199378125
"4617",17,"LAYING","training data","tBodyGyroJerk-mean()-Y",-0.0361961143943662
"4618",17,"WALKING","training data","tBodyGyroJerk-mean()-Y",-0.0379251328622951
"4619",17,"WALKING_DOWNSTAIRS","training data","tBodyGyroJerk-mean()-Y",-0.0381702367441304
"4620",17,"WALKING_UPSTAIRS","training data","tBodyGyroJerk-mean()-Y",-0.0414496328508333
"4621",19,"STANDING","training data","tBodyGyroJerk-mean()-Y",-0.0422918533780822
"4622",19,"SITTING","training data","tBodyGyroJerk-mean()-Y",-0.0425170215068493
"4623",19,"LAYING","training data","tBodyGyroJerk-mean()-Y",-0.0371476597051807
"4624",19,"WALKING","training data","tBodyGyroJerk-mean()-Y",-0.0307128442115385
"4625",19,"WALKING_DOWNSTAIRS","training data","tBodyGyroJerk-mean()-Y",-0.0394612603358974
"4626",19,"WALKING_UPSTAIRS","training data","tBodyGyroJerk-mean()-Y",-0.0346288461475
"4627",21,"STANDING","training data","tBodyGyroJerk-mean()-Y",-0.0404300756516854
"4628",21,"SITTING","training data","tBodyGyroJerk-mean()-Y",-0.0391483428502824
"4629",21,"LAYING","training data","tBodyGyroJerk-mean()-Y",-0.0346275066055556
"4630",21,"WALKING","training data","tBodyGyroJerk-mean()-Y",-0.0515650260576923
"4631",21,"WALKING_DOWNSTAIRS","training data","tBodyGyroJerk-mean()-Y",-0.07359521674
"4632",21,"WALKING_UPSTAIRS","training data","tBodyGyroJerk-mean()-Y",-0.0132022768074468
"4633",22,"STANDING","training data","tBodyGyroJerk-mean()-Y",-0.0420998733444444
"4634",22,"SITTING","training data","tBodyGyroJerk-mean()-Y",-0.0423409822741935
"4635",22,"LAYING","training data","tBodyGyroJerk-mean()-Y",-0.037608730565
"4636",22,"WALKING","training data","tBodyGyroJerk-mean()-Y",-0.0321910702173913
"4637",22,"WALKING_DOWNSTAIRS","training data","tBodyGyroJerk-mean()-Y",-0.0355171408083333
"4638",22,"WALKING_UPSTAIRS","training data","tBodyGyroJerk-mean()-Y",-0.0381312609738095
"4639",23,"STANDING","training data","tBodyGyroJerk-mean()-Y",-0.0416774165735294
"4640",23,"SITTING","training data","tBodyGyroJerk-mean()-Y",-0.0434602554691176
"4641",23,"LAYING","training data","tBodyGyroJerk-mean()-Y",-0.0372449750569444
"4642",23,"WALKING","training data","tBodyGyroJerk-mean()-Y",-0.0516704755661017
"4643",23,"WALKING_DOWNSTAIRS","training data","tBodyGyroJerk-mean()-Y",-0.0352891614740741
"4644",23,"WALKING_UPSTAIRS","training data","tBodyGyroJerk-mean()-Y",-0.0523943787039216
"4645",25,"STANDING","training data","tBodyGyroJerk-mean()-Y",-0.0418294632148649
"4646",25,"SITTING","training data","tBodyGyroJerk-mean()-Y",-0.0391651423907692
"4647",25,"LAYING","training data","tBodyGyroJerk-mean()-Y",-0.0426718870280822
"4648",25,"WALKING","training data","tBodyGyroJerk-mean()-Y",-0.0398986518064865
"4649",25,"WALKING_DOWNSTAIRS","training data","tBodyGyroJerk-mean()-Y",-0.0415203345874138
"4650",25,"WALKING_UPSTAIRS","training data","tBodyGyroJerk-mean()-Y",-0.0281452998369231
"4651",26,"STANDING","training data","tBodyGyroJerk-mean()-Y",-0.0409011992972973
"4652",26,"SITTING","training data","tBodyGyroJerk-mean()-Y",-0.0403070205666667
"4653",26,"LAYING","training data","tBodyGyroJerk-mean()-Y",-0.0396682720394737
"4654",26,"WALKING","training data","tBodyGyroJerk-mean()-Y",-0.0456538283033898
"4655",26,"WALKING_DOWNSTAIRS","training data","tBodyGyroJerk-mean()-Y",-0.037268109685
"4656",26,"WALKING_UPSTAIRS","training data","tBodyGyroJerk-mean()-Y",-0.0386244096705455
"4657",27,"STANDING","training data","tBodyGyroJerk-mean()-Y",-0.0417471753375
"4658",27,"SITTING","training data","tBodyGyroJerk-mean()-Y",-0.0396410809285714
"4659",27,"LAYING","training data","tBodyGyroJerk-mean()-Y",-0.0362186160902703
"4660",27,"WALKING","training data","tBodyGyroJerk-mean()-Y",-0.0476974404561403
"4661",27,"WALKING_DOWNSTAIRS","training data","tBodyGyroJerk-mean()-Y",-0.0642023574227273
"4662",27,"WALKING_UPSTAIRS","training data","tBodyGyroJerk-mean()-Y",-0.0509235220237255
"4663",28,"STANDING","training data","tBodyGyroJerk-mean()-Y",-0.0431364662518987
"4664",28,"SITTING","training data","tBodyGyroJerk-mean()-Y",-0.0408007786402778
"4665",28,"LAYING","training data","tBodyGyroJerk-mean()-Y",-0.03560100499625
"4666",28,"WALKING","training data","tBodyGyroJerk-mean()-Y",-0.0515394449611111
"4667",28,"WALKING_DOWNSTAIRS","training data","tBodyGyroJerk-mean()-Y",-0.0570410865136957
"4668",28,"WALKING_UPSTAIRS","training data","tBodyGyroJerk-mean()-Y",-0.0492552129156863
"4669",29,"STANDING","training data","tBodyGyroJerk-mean()-Y",-0.0405110578461538
"4670",29,"SITTING","training data","tBodyGyroJerk-mean()-Y",-0.040001843485
"4671",29,"LAYING","training data","tBodyGyroJerk-mean()-Y",-0.0386768295072464
"4672",29,"WALKING","training data","tBodyGyroJerk-mean()-Y",-0.0479898124113208
"4673",29,"WALKING_DOWNSTAIRS","training data","tBodyGyroJerk-mean()-Y",-0.0671482305364583
"4674",29,"WALKING_UPSTAIRS","training data","tBodyGyroJerk-mean()-Y",-0.0511035119816327
"4675",30,"STANDING","training data","tBodyGyroJerk-mean()-Y",-0.0437759700423729
"4676",30,"SITTING","training data","tBodyGyroJerk-mean()-Y",-0.0407930587264516
"4677",30,"LAYING","training data","tBodyGyroJerk-mean()-Y",-0.0384875867528571
"4678",30,"WALKING","training data","tBodyGyroJerk-mean()-Y",-0.0617028868769231
"4679",30,"WALKING_DOWNSTAIRS","training data","tBodyGyroJerk-mean()-Y",-0.0496807640258064
"4680",30,"WALKING_UPSTAIRS","training data","tBodyGyroJerk-mean()-Y",-0.0141113353615385
"4681",2,"STANDING","test data","tBodyGyroJerk-mean()-Z",-0.0546539479425926
"4682",2,"SITTING","test data","tBodyGyroJerk-mean()-Z",-0.04358509665
"4683",2,"LAYING","test data","tBodyGyroJerk-mean()-Z",-0.0701783020833333
"4684",2,"WALKING","test data","tBodyGyroJerk-mean()-Z",-0.0514939156830508
"4685",2,"WALKING_DOWNSTAIRS","test data","tBodyGyroJerk-mean()-Z",-0.0710229816893617
"4686",2,"WALKING_UPSTAIRS","test data","tBodyGyroJerk-mean()-Z",-0.0445157481625
"4687",4,"STANDING","test data","tBodyGyroJerk-mean()-Z",-0.0490753497867857
"4688",4,"SITTING","test data","tBodyGyroJerk-mean()-Z",-0.0489964351672
"4689",4,"LAYING","test data","tBodyGyroJerk-mean()-Z",-0.0712156288333333
"4690",4,"WALKING","test data","tBodyGyroJerk-mean()-Z",-0.0551166852766667
"4691",4,"WALKING_DOWNSTAIRS","test data","tBodyGyroJerk-mean()-Z",-0.0492836435688889
"4692",4,"WALKING_UPSTAIRS","test data","tBodyGyroJerk-mean()-Z",-0.0722496260807692
"4693",9,"STANDING","test data","tBodyGyroJerk-mean()-Z",-0.0575743131488889
"4694",9,"SITTING","test data","tBodyGyroJerk-mean()-Z",-0.052841489994
"4695",9,"LAYING","test data","tBodyGyroJerk-mean()-Z",-0.0569490475
"4696",9,"WALKING","test data","tBodyGyroJerk-mean()-Z",-0.0633406620592308
"4697",9,"WALKING_DOWNSTAIRS","test data","tBodyGyroJerk-mean()-Z",-0.0678080598785714
"4698",9,"WALKING_UPSTAIRS","test data","tBodyGyroJerk-mean()-Z",-0.0236327911183673
"4699",10,"STANDING","test data","tBodyGyroJerk-mean()-Z",-0.0584162547045455
"4700",10,"SITTING","test data","tBodyGyroJerk-mean()-Z",-0.048941191502963
"4701",10,"LAYING","test data","tBodyGyroJerk-mean()-Z",-0.0590744912758621
"4702",10,"WALKING","test data","tBodyGyroJerk-mean()-Z",-0.0611262928849057
"4703",10,"WALKING_DOWNSTAIRS","test data","tBodyGyroJerk-mean()-Z",-0.0720413112078947
"4704",10,"WALKING_UPSTAIRS","test data","tBodyGyroJerk-mean()-Z",-0.036502173787234
"4705",12,"STANDING","test data","tBodyGyroJerk-mean()-Z",-0.0482863736885246
"4706",12,"SITTING","test data","tBodyGyroJerk-mean()-Z",-0.0515634091411765
"4707",12,"LAYING","test data","tBodyGyroJerk-mean()-Z",-0.0678909002816667
"4708",12,"WALKING","test data","tBodyGyroJerk-mean()-Z",-0.0467338151926
"4709",12,"WALKING_DOWNSTAIRS","test data","tBodyGyroJerk-mean()-Z",-0.0653239980021739
"4710",12,"WALKING_UPSTAIRS","test data","tBodyGyroJerk-mean()-Z",-0.0653167291865385
"4711",13,"STANDING","test data","tBodyGyroJerk-mean()-Z",-0.053926078122807
"4712",13,"SITTING","test data","tBodyGyroJerk-mean()-Z",-0.0466121595938776
"4713",13,"LAYING","test data","tBodyGyroJerk-mean()-Z",-0.0648770419677419
"4714",13,"WALKING","test data","tBodyGyroJerk-mean()-Z",-0.0636693233473684
"4715",13,"WALKING_DOWNSTAIRS","test data","tBodyGyroJerk-mean()-Z",-0.0512020476
"4716",13,"WALKING_UPSTAIRS","test data","tBodyGyroJerk-mean()-Z",-0.0661653916327273
"4717",18,"STANDING","test data","tBodyGyroJerk-mean()-Z",-0.0532384453013699
"4718",18,"SITTING","test data","tBodyGyroJerk-mean()-Z",-0.0523030404789474
"4719",18,"LAYING","test data","tBodyGyroJerk-mean()-Z",-0.0593135986615385
"4720",18,"WALKING","test data","tBodyGyroJerk-mean()-Z",-0.0502631568175
"4721",18,"WALKING_DOWNSTAIRS","test data","tBodyGyroJerk-mean()-Z",-0.0570591813909091
"4722",18,"WALKING_UPSTAIRS","test data","tBodyGyroJerk-mean()-Z",-0.0692536211396552
"4723",20,"STANDING","test data","tBodyGyroJerk-mean()-Z",-0.051815224739726
"4724",20,"SITTING","test data","tBodyGyroJerk-mean()-Z",-0.0465835149090909
"4725",20,"LAYING","test data","tBodyGyroJerk-mean()-Z",-0.0610028293088235
"4726",20,"WALKING","test data","tBodyGyroJerk-mean()-Z",-0.0549273707529412
"4727",20,"WALKING_DOWNSTAIRS","test data","tBodyGyroJerk-mean()-Z",-0.061531283
"4728",20,"WALKING_UPSTAIRS","test data","tBodyGyroJerk-mean()-Z",-0.0518985451176471
"4729",24,"STANDING","test data","tBodyGyroJerk-mean()-Z",-0.0517180379565217
"4730",24,"SITTING","test data","tBodyGyroJerk-mean()-Z",-0.051596655125
"4731",24,"LAYING","test data","tBodyGyroJerk-mean()-Z",-0.0624116966805556
"4732",24,"WALKING","test data","tBodyGyroJerk-mean()-Z",-0.0739835516362069
"4733",24,"WALKING_DOWNSTAIRS","test data","tBodyGyroJerk-mean()-Z",-0.0412055411490909
"4734",24,"WALKING_UPSTAIRS","test data","tBodyGyroJerk-mean()-Z",-0.0498427228983051
"4735",1,"STANDING","training data","tBodyGyroJerk-mean()-Z",-0.0489505466716981
"4736",1,"SITTING","training data","tBodyGyroJerk-mean()-Z",-0.046702627
"4737",1,"LAYING","training data","tBodyGyroJerk-mean()-Z",-0.0740501211
"4738",1,"WALKING","training data","tBodyGyroJerk-mean()-Z",-0.0461309295021053
"4739",1,"WALKING_DOWNSTAIRS","training data","tBodyGyroJerk-mean()-Z",-0.0270461061061224
"4740",1,"WALKING_UPSTAIRS","training data","tBodyGyroJerk-mean()-Z",-0.0407125527654717
"4741",3,"STANDING","training data","tBodyGyroJerk-mean()-Z",-0.0416832156688525
"4742",3,"SITTING","training data","tBodyGyroJerk-mean()-Z",-0.0590079966686538
"4743",3,"LAYING","training data","tBodyGyroJerk-mean()-Z",-0.06873387
"4744",3,"WALKING","training data","tBodyGyroJerk-mean()-Z",-0.0503616100815517
"4745",3,"WALKING_DOWNSTAIRS","training data","tBodyGyroJerk-mean()-Z",-0.0416193131122449
"4746",3,"WALKING_UPSTAIRS","training data","tBodyGyroJerk-mean()-Z",-0.0498180874305085
"4747",5,"STANDING","training data","tBodyGyroJerk-mean()-Z",-0.0422221341625
"4748",5,"SITTING","training data","tBodyGyroJerk-mean()-Z",-0.0487714733568182
"4749",5,"LAYING","training data","tBodyGyroJerk-mean()-Z",-0.07083096875
"4750",5,"WALKING","training data","tBodyGyroJerk-mean()-Z",-0.0482679596035714
"4751",5,"WALKING_DOWNSTAIRS","training data","tBodyGyroJerk-mean()-Z",-0.0399656935617021
"4752",5,"WALKING_UPSTAIRS","training data","tBodyGyroJerk-mean()-Z",-0.0534895401
"4753",6,"STANDING","training data","tBodyGyroJerk-mean()-Z",-0.0506432189438596
"4754",6,"SITTING","training data","tBodyGyroJerk-mean()-Z",-0.0465504310978182
"4755",6,"LAYING","training data","tBodyGyroJerk-mean()-Z",-0.0717774743859649
"4756",6,"WALKING","training data","tBodyGyroJerk-mean()-Z",-0.0539597284210526
"4757",6,"WALKING_DOWNSTAIRS","training data","tBodyGyroJerk-mean()-Z",-0.0372228650416667
"4758",6,"WALKING_UPSTAIRS","training data","tBodyGyroJerk-mean()-Z",-0.0576800048435294
"4759",7,"STANDING","training data","tBodyGyroJerk-mean()-Z",-0.0545390015471698
"4760",7,"SITTING","training data","tBodyGyroJerk-mean()-Z",-0.0454566269166667
"4761",7,"LAYING","training data","tBodyGyroJerk-mean()-Z",-0.0671901794615385
"4762",7,"WALKING","training data","tBodyGyroJerk-mean()-Z",-0.0495713093294737
"4763",7,"WALKING_DOWNSTAIRS","training data","tBodyGyroJerk-mean()-Z",-0.0789469342553192
"4764",7,"WALKING_UPSTAIRS","training data","tBodyGyroJerk-mean()-Z",-0.072451747827451
"4765",8,"STANDING","training data","tBodyGyroJerk-mean()-Z",-0.0478483225666667
"4766",8,"SITTING","training data","tBodyGyroJerk-mean()-Z",-0.0445732240217391
"4767",8,"LAYING","training data","tBodyGyroJerk-mean()-Z",-0.0694123150925926
"4768",8,"WALKING","training data","tBodyGyroJerk-mean()-Z",-0.0522683965333333
"4769",8,"WALKING_DOWNSTAIRS","training data","tBodyGyroJerk-mean()-Z",-0.0867903297078947
"4770",8,"WALKING_UPSTAIRS","training data","tBodyGyroJerk-mean()-Z",-0.0534090382439024
"4771",11,"STANDING","training data","tBodyGyroJerk-mean()-Z",-0.0524732752340426
"4772",11,"SITTING","training data","tBodyGyroJerk-mean()-Z",-0.0505395462396226
"4773",11,"LAYING","training data","tBodyGyroJerk-mean()-Z",-0.0666957489649123
"4774",11,"WALKING","training data","tBodyGyroJerk-mean()-Z",-0.0342677451
"4775",11,"WALKING_DOWNSTAIRS","training data","tBodyGyroJerk-mean()-Z",-0.0373048405934783
"4776",11,"WALKING_UPSTAIRS","training data","tBodyGyroJerk-mean()-Z",-0.046076149625
"4777",14,"STANDING","training data","tBodyGyroJerk-mean()-Z",-0.0509036177765
"4778",14,"SITTING","training data","tBodyGyroJerk-mean()-Z",-0.0520121608148148
"4779",14,"LAYING","training data","tBodyGyroJerk-mean()-Z",-0.0566171868039216
"4780",14,"WALKING","training data","tBodyGyroJerk-mean()-Z",-0.0388825919508475
"4781",14,"WALKING_DOWNSTAIRS","training data","tBodyGyroJerk-mean()-Z",-0.0615978795422222
"4782",14,"WALKING_UPSTAIRS","training data","tBodyGyroJerk-mean()-Z",-0.0137237620296296
"4783",15,"STANDING","training data","tBodyGyroJerk-mean()-Z",-0.052278397190566
"4784",15,"SITTING","training data","tBodyGyroJerk-mean()-Z",-0.0524148341983051
"4785",15,"LAYING","training data","tBodyGyroJerk-mean()-Z",-0.0624334556236111
"4786",15,"WALKING","training data","tBodyGyroJerk-mean()-Z",-0.0510976492333333
"4787",15,"WALKING_DOWNSTAIRS","training data","tBodyGyroJerk-mean()-Z",-0.0339213064857143
"4788",15,"WALKING_UPSTAIRS","training data","tBodyGyroJerk-mean()-Z",-0.0767242496041667
"4789",16,"STANDING","training data","tBodyGyroJerk-mean()-Z",-0.0544335294410256
"4790",16,"SITTING","training data","tBodyGyroJerk-mean()-Z",-0.0588371273536232
"4791",16,"LAYING","training data","tBodyGyroJerk-mean()-Z",-0.0576790435142857
"4792",16,"WALKING","training data","tBodyGyroJerk-mean()-Z",-0.0532986670705882
"4793",16,"WALKING_DOWNSTAIRS","training data","tBodyGyroJerk-mean()-Z",-0.0612136932929787
"4794",16,"WALKING_UPSTAIRS","training data","tBodyGyroJerk-mean()-Z",-0.035416300054902
"4795",17,"STANDING","training data","tBodyGyroJerk-mean()-Z",-0.0546331330897436
"4796",17,"SITTING","training data","tBodyGyroJerk-mean()-Z",-0.051090324421875
"4797",17,"LAYING","training data","tBodyGyroJerk-mean()-Z",-0.0604927046338028
"4798",17,"WALKING","training data","tBodyGyroJerk-mean()-Z",-0.0513807166754098
"4799",17,"WALKING_DOWNSTAIRS","training data","tBodyGyroJerk-mean()-Z",-0.0582518846641304
"4800",17,"WALKING_UPSTAIRS","training data","tBodyGyroJerk-mean()-Z",-0.0223482086545833
"4801",19,"STANDING","training data","tBodyGyroJerk-mean()-Z",-0.0523769867072603
"4802",19,"SITTING","training data","tBodyGyroJerk-mean()-Z",-0.0590801684246575
"4803",19,"LAYING","training data","tBodyGyroJerk-mean()-Z",-0.0599161477951807
"4804",19,"WALKING","training data","tBodyGyroJerk-mean()-Z",-0.0603091962115385
"4805",19,"WALKING_DOWNSTAIRS","training data","tBodyGyroJerk-mean()-Z",-0.0545565563487179
"4806",19,"WALKING_UPSTAIRS","training data","tBodyGyroJerk-mean()-Z",-0.0533545875525
"4807",21,"STANDING","training data","tBodyGyroJerk-mean()-Z",-0.0538211740234831
"4808",21,"SITTING","training data","tBodyGyroJerk-mean()-Z",-0.0526409877294118
"4809",21,"LAYING","training data","tBodyGyroJerk-mean()-Z",-0.0601398663555556
"4810",21,"WALKING","training data","tBodyGyroJerk-mean()-Z",-0.0621192104076923
"4811",21,"WALKING_DOWNSTAIRS","training data","tBodyGyroJerk-mean()-Z",-0.0788436473888889
"4812",21,"WALKING_UPSTAIRS","training data","tBodyGyroJerk-mean()-Z",-0.00694066389361702
"4813",22,"STANDING","training data","tBodyGyroJerk-mean()-Z",-0.0513179245555556
"4814",22,"SITTING","training data","tBodyGyroJerk-mean()-Z",-0.0517193986693548
"4815",22,"LAYING","training data","tBodyGyroJerk-mean()-Z",-0.0702723568194445
"4816",22,"WALKING","training data","tBodyGyroJerk-mean()-Z",-0.0569812455608696
"4817",22,"WALKING_DOWNSTAIRS","training data","tBodyGyroJerk-mean()-Z",-0.0481460161016667
"4818",22,"WALKING_UPSTAIRS","training data","tBodyGyroJerk-mean()-Z",-0.067457054547619
"4819",23,"STANDING","training data","tBodyGyroJerk-mean()-Z",-0.0548226277867647
"4820",23,"SITTING","training data","tBodyGyroJerk-mean()-Z",-0.0485561086867647
"4821",23,"LAYING","training data","tBodyGyroJerk-mean()-Z",-0.0621991626111111
"4822",23,"WALKING","training data","tBodyGyroJerk-mean()-Z",-0.0903002524369492
"4823",23,"WALKING_DOWNSTAIRS","training data","tBodyGyroJerk-mean()-Z",-0.0293255016148148
"4824",23,"WALKING_UPSTAIRS","training data","tBodyGyroJerk-mean()-Z",-0.0924998531372549
"4825",25,"STANDING","training data","tBodyGyroJerk-mean()-Z",-0.0556979055540541
"4826",25,"SITTING","training data","tBodyGyroJerk-mean()-Z",-0.0495595643230769
"4827",25,"LAYING","training data","tBodyGyroJerk-mean()-Z",-0.0596922147205479
"4828",25,"WALKING","training data","tBodyGyroJerk-mean()-Z",-0.0512696224225676
"4829",25,"WALKING_DOWNSTAIRS","training data","tBodyGyroJerk-mean()-Z",-0.0642078122381035
"4830",25,"WALKING_UPSTAIRS","training data","tBodyGyroJerk-mean()-Z",-0.0540452217153846
"4831",26,"STANDING","training data","tBodyGyroJerk-mean()-Z",-0.0532541948283784
"4832",26,"SITTING","training data","tBodyGyroJerk-mean()-Z",-0.0487627204433077
"4833",26,"LAYING","training data","tBodyGyroJerk-mean()-Z",-0.0711533355789474
"4834",26,"WALKING","training data","tBodyGyroJerk-mean()-Z",-0.0492240545355932
"4835",26,"WALKING_DOWNSTAIRS","training data","tBodyGyroJerk-mean()-Z",-0.05105874094
"4836",26,"WALKING_UPSTAIRS","training data","tBodyGyroJerk-mean()-Z",-0.0595558392545455
"4837",27,"STANDING","training data","tBodyGyroJerk-mean()-Z",-0.051403918985
"4838",27,"SITTING","training data","tBodyGyroJerk-mean()-Z",-0.0503883556285714
"4839",27,"LAYING","training data","tBodyGyroJerk-mean()-Z",-0.0642797849864865
"4840",27,"WALKING","training data","tBodyGyroJerk-mean()-Z",-0.0650247552701754
"4841",27,"WALKING_DOWNSTAIRS","training data","tBodyGyroJerk-mean()-Z",-0.0621043700545455
"4842",27,"WALKING_UPSTAIRS","training data","tBodyGyroJerk-mean()-Z",-0.0629013722509804
"4843",28,"STANDING","training data","tBodyGyroJerk-mean()-Z",-0.0525896252375949
"4844",28,"SITTING","training data","tBodyGyroJerk-mean()-Z",-0.0579015362166667
"4845",28,"LAYING","training data","tBodyGyroJerk-mean()-Z",-0.05345019146375
"4846",28,"WALKING","training data","tBodyGyroJerk-mean()-Z",-0.0593552479814815
"4847",28,"WALKING_DOWNSTAIRS","training data","tBodyGyroJerk-mean()-Z",-0.077617393146087
"4848",28,"WALKING_UPSTAIRS","training data","tBodyGyroJerk-mean()-Z",-0.0752610437019608
"4849",29,"STANDING","training data","tBodyGyroJerk-mean()-Z",-0.0544926306307692
"4850",29,"SITTING","training data","tBodyGyroJerk-mean()-Z",-0.047000897695
"4851",29,"LAYING","training data","tBodyGyroJerk-mean()-Z",-0.0674469666086956
"4852",29,"WALKING","training data","tBodyGyroJerk-mean()-Z",-0.0392368986679245
"4853",29,"WALKING_DOWNSTAIRS","training data","tBodyGyroJerk-mean()-Z",-0.0359648430270833
"4854",29,"WALKING_UPSTAIRS","training data","tBodyGyroJerk-mean()-Z",-0.0680938780306122
"4855",30,"STANDING","training data","tBodyGyroJerk-mean()-Z",-0.0520307176474576
"4856",30,"SITTING","training data","tBodyGyroJerk-mean()-Z",-0.0488204595806452
"4857",30,"LAYING","training data","tBodyGyroJerk-mean()-Z",-0.0595736770285714
"4858",30,"WALKING","training data","tBodyGyroJerk-mean()-Z",-0.0446007229941538
"4859",30,"WALKING_DOWNSTAIRS","training data","tBodyGyroJerk-mean()-Z",-0.0543595229322581
"4860",30,"WALKING_UPSTAIRS","training data","tBodyGyroJerk-mean()-Z",-0.0364157841384615
"4861",2,"STANDING","test data","tBodyGyroJerk-std()-X",-0.979324000740741
"4862",2,"SITTING","test data","tBodyGyroJerk-std()-X",-0.989709023043478
"4863",2,"LAYING","test data","tBodyGyroJerk-std()-X",-0.993235849166667
"4864",2,"WALKING","test data","tBodyGyroJerk-std()-X",-0.389549831525424
"4865",2,"WALKING_DOWNSTAIRS","test data","tBodyGyroJerk-std()-X",-0.243940592553192
"4866",2,"WALKING_UPSTAIRS","test data","tBodyGyroJerk-std()-X",-0.464854363125
"4867",4,"STANDING","test data","tBodyGyroJerk-std()-X",-0.949633878571429
"4868",4,"SITTING","test data","tBodyGyroJerk-std()-X",-0.9698997312
"4869",4,"LAYING","test data","tBodyGyroJerk-std()-X",-0.975103204259259
"4870",4,"WALKING","test data","tBodyGyroJerk-std()-X",-0.492341066833333
"4871",4,"WALKING_DOWNSTAIRS","test data","tBodyGyroJerk-std()-X",-0.395995494444444
"4872",4,"WALKING_UPSTAIRS","test data","tBodyGyroJerk-std()-X",-0.533666803846154
"4873",9,"STANDING","test data","tBodyGyroJerk-std()-X",-0.949105691555556
"4874",9,"SITTING","test data","tBodyGyroJerk-std()-X",-0.9645323452
"4875",9,"LAYING","test data","tBodyGyroJerk-std()-X",-0.945329035
"4876",9,"WALKING","test data","tBodyGyroJerk-std()-X",-0.526985309038462
"4877",9,"WALKING_DOWNSTAIRS","test data","tBodyGyroJerk-std()-X",-0.509669314047619
"4878",9,"WALKING_UPSTAIRS","test data","tBodyGyroJerk-std()-X",-0.660419534285714
"4879",10,"STANDING","test data","tBodyGyroJerk-std()-X",-0.950367548409091
"4880",10,"SITTING","test data","tBodyGyroJerk-std()-X",-0.992326657222222
"4881",10,"LAYING","test data","tBodyGyroJerk-std()-X",-0.965900578103448
"4882",10,"WALKING","test data","tBodyGyroJerk-std()-X",-0.366063723207547
"4883",10,"WALKING_DOWNSTAIRS","test data","tBodyGyroJerk-std()-X",-0.416986139210526
"4884",10,"WALKING_UPSTAIRS","test data","tBodyGyroJerk-std()-X",-0.427291343617021
"4885",12,"STANDING","test data","tBodyGyroJerk-std()-X",-0.955415641803279
"4886",12,"SITTING","test data","tBodyGyroJerk-std()-X",-0.977329927254902
"4887",12,"LAYING","test data","tBodyGyroJerk-std()-X",-0.9671982025
"4888",12,"WALKING","test data","tBodyGyroJerk-std()-X",-0.3908072382
"4889",12,"WALKING_DOWNSTAIRS","test data","tBodyGyroJerk-std()-X",-0.278608163891304
"4890",12,"WALKING_UPSTAIRS","test data","tBodyGyroJerk-std()-X",-0.549999188461539
"4891",13,"STANDING","test data","tBodyGyroJerk-std()-X",-0.978465124561404
"4892",13,"SITTING","test data","tBodyGyroJerk-std()-X",-0.991371016938775
"4893",13,"LAYING","test data","tBodyGyroJerk-std()-X",-0.981404742903226
"4894",13,"WALKING","test data","tBodyGyroJerk-std()-X",-0.216812065298246
"4895",13,"WALKING_DOWNSTAIRS","test data","tBodyGyroJerk-std()-X",-0.463736674255319
"4896",13,"WALKING_UPSTAIRS","test data","tBodyGyroJerk-std()-X",-0.631037584
"4897",18,"STANDING","test data","tBodyGyroJerk-std()-X",-0.981970965890411
"4898",18,"SITTING","test data","tBodyGyroJerk-std()-X",-0.994170190701754
"4899",18,"LAYING","test data","tBodyGyroJerk-std()-X",-0.996104441384615
"4900",18,"WALKING","test data","tBodyGyroJerk-std()-X",-0.578133968392857
"4901",18,"WALKING_DOWNSTAIRS","test data","tBodyGyroJerk-std()-X",-0.676716181636364
"4902",18,"WALKING_UPSTAIRS","test data","tBodyGyroJerk-std()-X",-0.76068902862069
"4903",20,"STANDING","test data","tBodyGyroJerk-std()-X",-0.921644239863014
"4904",20,"SITTING","test data","tBodyGyroJerk-std()-X",-0.977414910909091
"4905",20,"LAYING","test data","tBodyGyroJerk-std()-X",-0.989283577352941
"4906",20,"WALKING","test data","tBodyGyroJerk-std()-X",-0.253227445431373
"4907",20,"WALKING_DOWNSTAIRS","test data","tBodyGyroJerk-std()-X",-0.249235098988889
"4908",20,"WALKING_UPSTAIRS","test data","tBodyGyroJerk-std()-X",-0.471107678431373
"4909",24,"STANDING","test data","tBodyGyroJerk-std()-X",-0.975856809130435
"4910",24,"SITTING","test data","tBodyGyroJerk-std()-X",-0.991442007794118
"4911",24,"LAYING","test data","tBodyGyroJerk-std()-X",-0.979865720555556
"4912",24,"WALKING","test data","tBodyGyroJerk-std()-X",-0.490773455517241
"4913",24,"WALKING_DOWNSTAIRS","test data","tBodyGyroJerk-std()-X",-0.358444550225455
"4914",24,"WALKING_UPSTAIRS","test data","tBodyGyroJerk-std()-X",-0.640489537966102
"4915",1,"STANDING","training data","tBodyGyroJerk-std()-X",-0.992945106981132
"4916",1,"SITTING","training data","tBodyGyroJerk-std()-X",-0.99173159212766
"4917",1,"LAYING","training data","tBodyGyroJerk-std()-X",-0.9186085208
"4918",1,"WALKING","training data","tBodyGyroJerk-std()-X",-0.207421854757895
"4919",1,"WALKING_DOWNSTAIRS","training data","tBodyGyroJerk-std()-X",-0.487027342244898
"4920",1,"WALKING_UPSTAIRS","training data","tBodyGyroJerk-std()-X",-0.614786508490566
"4921",3,"STANDING","training data","tBodyGyroJerk-std()-X",-0.940937642459016
"4922",3,"SITTING","training data","tBodyGyroJerk-std()-X",-0.972546905961538
"4923",3,"LAYING","training data","tBodyGyroJerk-std()-X",-0.980328645
"4924",3,"WALKING","training data","tBodyGyroJerk-std()-X",-0.385922986034483
"4925",3,"WALKING_DOWNSTAIRS","training data","tBodyGyroJerk-std()-X",-0.285683162346939
"4926",3,"WALKING_UPSTAIRS","training data","tBodyGyroJerk-std()-X",-0.507270757966102
"4927",5,"STANDING","training data","tBodyGyroJerk-std()-X",-0.941930044107143
"4928",5,"SITTING","training data","tBodyGyroJerk-std()-X",-0.966037012045455
"4929",5,"LAYING","training data","tBodyGyroJerk-std()-X",-0.983422257692308
"4930",5,"WALKING","training data","tBodyGyroJerk-std()-X",-0.357681403285714
"4931",5,"WALKING_DOWNSTAIRS","training data","tBodyGyroJerk-std()-X",-0.411302217446809
"4932",5,"WALKING_UPSTAIRS","training data","tBodyGyroJerk-std()-X",-0.305245202489362
"4933",6,"STANDING","training data","tBodyGyroJerk-std()-X",-0.946423593157895
"4934",6,"SITTING","training data","tBodyGyroJerk-std()-X",-0.943714804727273
"4935",6,"LAYING","training data","tBodyGyroJerk-std()-X",-0.939611608245614
"4936",6,"WALKING","training data","tBodyGyroJerk-std()-X",-0.18260093354386
"4937",6,"WALKING_DOWNSTAIRS","training data","tBodyGyroJerk-std()-X",0.0393387960854167
"4938",6,"WALKING_UPSTAIRS","training data","tBodyGyroJerk-std()-X",-0.186763293747059
"4939",7,"STANDING","training data","tBodyGyroJerk-std()-X",-0.96598339754717
"4940",7,"SITTING","training data","tBodyGyroJerk-std()-X",-0.974369045625
"4941",7,"LAYING","training data","tBodyGyroJerk-std()-X",-0.9738372325
"4942",7,"WALKING","training data","tBodyGyroJerk-std()-X",-0.21166729682807
"4943",7,"WALKING_DOWNSTAIRS","training data","tBodyGyroJerk-std()-X",-0.510731018297872
"4944",7,"WALKING_UPSTAIRS","training data","tBodyGyroJerk-std()-X",-0.616812659215686
"4945",8,"STANDING","training data","tBodyGyroJerk-std()-X",-0.981573085740741
"4946",8,"SITTING","training data","tBodyGyroJerk-std()-X",-0.993264647391304
"4947",8,"LAYING","training data","tBodyGyroJerk-std()-X",-0.969924077407407
"4948",8,"WALKING","training data","tBodyGyroJerk-std()-X",-0.2460827504375
"4949",8,"WALKING_DOWNSTAIRS","training data","tBodyGyroJerk-std()-X",-0.267887897328947
"4950",8,"WALKING_UPSTAIRS","training data","tBodyGyroJerk-std()-X",-0.40507069195122
"4951",11,"STANDING","training data","tBodyGyroJerk-std()-X",-0.986690403617021
"4952",11,"SITTING","training data","tBodyGyroJerk-std()-X",-0.990501518301887
"4953",11,"LAYING","training data","tBodyGyroJerk-std()-X",-0.981724838421053
"4954",11,"WALKING","training data","tBodyGyroJerk-std()-X",-0.541616397118644
"4955",11,"WALKING_DOWNSTAIRS","training data","tBodyGyroJerk-std()-X",-0.53437494826087
"4956",11,"WALKING_UPSTAIRS","training data","tBodyGyroJerk-std()-X",-0.660431336111111
"4957",14,"STANDING","training data","tBodyGyroJerk-std()-X",-0.969948875166667
"4958",14,"SITTING","training data","tBodyGyroJerk-std()-X",-0.990284240185185
"4959",14,"LAYING","training data","tBodyGyroJerk-std()-X",-0.970274962745098
"4960",14,"WALKING","training data","tBodyGyroJerk-std()-X",-0.571759911525424
"4961",14,"WALKING_DOWNSTAIRS","training data","tBodyGyroJerk-std()-X",-0.537002097555556
"4962",14,"WALKING_UPSTAIRS","training data","tBodyGyroJerk-std()-X",-0.646611034444444
"4963",15,"STANDING","training data","tBodyGyroJerk-std()-X",-0.971514312075472
"4964",15,"SITTING","training data","tBodyGyroJerk-std()-X",-0.992889042711864
"4965",15,"LAYING","training data","tBodyGyroJerk-std()-X",-0.97392395125
"4966",15,"WALKING","training data","tBodyGyroJerk-std()-X",-0.283767987222222
"4967",15,"WALKING_DOWNSTAIRS","training data","tBodyGyroJerk-std()-X",-0.455980756428571
"4968",15,"WALKING_UPSTAIRS","training data","tBodyGyroJerk-std()-X",-0.525533949791667
"4969",16,"STANDING","training data","tBodyGyroJerk-std()-X",-0.987102322692308
"4970",16,"SITTING","training data","tBodyGyroJerk-std()-X",-0.98958327942029
"4971",16,"LAYING","training data","tBodyGyroJerk-std()-X",-0.985835459428571
"4972",16,"WALKING","training data","tBodyGyroJerk-std()-X",-0.675889722745098
"4973",16,"WALKING_DOWNSTAIRS","training data","tBodyGyroJerk-std()-X",-0.623676024255319
"4974",16,"WALKING_UPSTAIRS","training data","tBodyGyroJerk-std()-X",-0.707264168627451
"4975",17,"STANDING","training data","tBodyGyroJerk-std()-X",-0.989257196282051
"4976",17,"SITTING","training data","tBodyGyroJerk-std()-X",-0.9952559371875
"4977",17,"LAYING","training data","tBodyGyroJerk-std()-X",-0.980792372112676
"4978",17,"WALKING","training data","tBodyGyroJerk-std()-X",-0.431296148196721
"4979",17,"WALKING_DOWNSTAIRS","training data","tBodyGyroJerk-std()-X",-0.526801825217391
"4980",17,"WALKING_UPSTAIRS","training data","tBodyGyroJerk-std()-X",-0.606044344375
"4981",19,"STANDING","training data","tBodyGyroJerk-std()-X",-0.97512668739726
"4982",19,"SITTING","training data","tBodyGyroJerk-std()-X",-0.988464752739726
"4983",19,"LAYING","training data","tBodyGyroJerk-std()-X",-0.976105663493976
"4984",19,"WALKING","training data","tBodyGyroJerk-std()-X",0.0801186523134615
"4985",19,"WALKING_DOWNSTAIRS","training data","tBodyGyroJerk-std()-X",0.179148649684615
"4986",19,"WALKING_UPSTAIRS","training data","tBodyGyroJerk-std()-X",-0.23937641116
"4987",21,"STANDING","training data","tBodyGyroJerk-std()-X",-0.971866494606742
"4988",21,"SITTING","training data","tBodyGyroJerk-std()-X",-0.989472968470588
"4989",21,"LAYING","training data","tBodyGyroJerk-std()-X",-0.984643717333333
"4990",21,"WALKING","training data","tBodyGyroJerk-std()-X",-0.238908311384615
"4991",21,"WALKING_DOWNSTAIRS","training data","tBodyGyroJerk-std()-X",-0.549648320222222
"4992",21,"WALKING_UPSTAIRS","training data","tBodyGyroJerk-std()-X",-0.573541839148936
"4993",22,"STANDING","training data","tBodyGyroJerk-std()-X",-0.949716028730159
"4994",22,"SITTING","training data","tBodyGyroJerk-std()-X",-0.985671250322581
"4995",22,"LAYING","training data","tBodyGyroJerk-std()-X",-0.972092602916667
"4996",22,"WALKING","training data","tBodyGyroJerk-std()-X",-0.226656401521739
"4997",22,"WALKING_DOWNSTAIRS","training data","tBodyGyroJerk-std()-X",-0.264848047888889
"4998",22,"WALKING_UPSTAIRS","training data","tBodyGyroJerk-std()-X",-0.396699215238095
"4999",23,"STANDING","training data","tBodyGyroJerk-std()-X",-0.972770702058824
"5000",23,"SITTING","training data","tBodyGyroJerk-std()-X",-0.987084633970588
"5001",23,"LAYING","training data","tBodyGyroJerk-std()-X",-0.985027850416667
"5002",23,"WALKING","training data","tBodyGyroJerk-std()-X",-0.363969434576271
"5003",23,"WALKING_DOWNSTAIRS","training data","tBodyGyroJerk-std()-X",-0.32301569962963
"5004",23,"WALKING_UPSTAIRS","training data","tBodyGyroJerk-std()-X",-0.548318881568627
"5005",25,"STANDING","training data","tBodyGyroJerk-std()-X",-0.977909693918919
"5006",25,"SITTING","training data","tBodyGyroJerk-std()-X",-0.992304653846154
"5007",25,"LAYING","training data","tBodyGyroJerk-std()-X",-0.957381145068493
"5008",25,"WALKING","training data","tBodyGyroJerk-std()-X",-0.507957094054054
"5009",25,"WALKING_DOWNSTAIRS","training data","tBodyGyroJerk-std()-X",-0.430134387586207
"5010",25,"WALKING_UPSTAIRS","training data","tBodyGyroJerk-std()-X",-0.693854902307692
"5011",26,"STANDING","training data","tBodyGyroJerk-std()-X",-0.978472409324324
"5012",26,"SITTING","training data","tBodyGyroJerk-std()-X",-0.995882512051282
"5013",26,"LAYING","training data","tBodyGyroJerk-std()-X",-0.992665154868421
"5014",26,"WALKING","training data","tBodyGyroJerk-std()-X",-0.417438636101695
"5015",26,"WALKING_DOWNSTAIRS","training data","tBodyGyroJerk-std()-X",-0.170842676616
"5016",26,"WALKING_UPSTAIRS","training data","tBodyGyroJerk-std()-X",-0.515829417272727
"5017",27,"STANDING","training data","tBodyGyroJerk-std()-X",-0.9826424495
"5018",27,"SITTING","training data","tBodyGyroJerk-std()-X",-0.993640318285714
"5019",27,"LAYING","training data","tBodyGyroJerk-std()-X",-0.993503720810811
"5020",27,"WALKING","training data","tBodyGyroJerk-std()-X",-0.523256879298246
"5021",27,"WALKING_DOWNSTAIRS","training data","tBodyGyroJerk-std()-X",-0.493837613409091
"5022",27,"WALKING_UPSTAIRS","training data","tBodyGyroJerk-std()-X",-0.695774947647059
"5023",28,"STANDING","training data","tBodyGyroJerk-std()-X",-0.928343397721519
"5024",28,"SITTING","training data","tBodyGyroJerk-std()-X",-0.982155662638889
"5025",28,"LAYING","training data","tBodyGyroJerk-std()-X",-0.9608029485
"5026",28,"WALKING","training data","tBodyGyroJerk-std()-X",-0.399417082777778
"5027",28,"WALKING_DOWNSTAIRS","training data","tBodyGyroJerk-std()-X",-0.16394489726087
"5028",28,"WALKING_UPSTAIRS","training data","tBodyGyroJerk-std()-X",-0.494282913529412
"5029",29,"STANDING","training data","tBodyGyroJerk-std()-X",-0.983293061692308
"5030",29,"SITTING","training data","tBodyGyroJerk-std()-X",-0.9933220295
"5031",29,"LAYING","training data","tBodyGyroJerk-std()-X",-0.99654254057971
"5032",29,"WALKING","training data","tBodyGyroJerk-std()-X",-0.395909621509434
"5033",29,"WALKING_DOWNSTAIRS","training data","tBodyGyroJerk-std()-X",-0.347807556958333
"5034",29,"WALKING_UPSTAIRS","training data","tBodyGyroJerk-std()-X",-0.474932606326531
"5035",30,"STANDING","training data","tBodyGyroJerk-std()-X",-0.960119074237288
"5036",30,"SITTING","training data","tBodyGyroJerk-std()-X",-0.993868545483871
"5037",30,"LAYING","training data","tBodyGyroJerk-std()-X",-0.983775833714286
"5038",30,"WALKING","training data","tBodyGyroJerk-std()-X",-0.460345386153846
"5039",30,"WALKING_DOWNSTAIRS","training data","tBodyGyroJerk-std()-X",-0.542764507096774
"5040",30,"WALKING_UPSTAIRS","training data","tBodyGyroJerk-std()-X",-0.742749529538462
"5041",2,"STANDING","test data","tBodyGyroJerk-std()-Y",-0.983447258518519
"5042",2,"SITTING","test data","tBodyGyroJerk-std()-Y",-0.990889614782609
"5043",2,"LAYING","test data","tBodyGyroJerk-std()-Y",-0.989567537916667
"5044",2,"WALKING","test data","tBodyGyroJerk-std()-Y",-0.634140436101695
"5045",2,"WALKING_DOWNSTAIRS","test data","tBodyGyroJerk-std()-Y",-0.469396701106383
"5046",2,"WALKING_UPSTAIRS","test data","tBodyGyroJerk-std()-Y",-0.645491337708333
"5047",4,"STANDING","test data","tBodyGyroJerk-std()-Y",-0.976065174642857
"5048",4,"SITTING","test data","tBodyGyroJerk-std()-Y",-0.984441358
"5049",4,"LAYING","test data","tBodyGyroJerk-std()-Y",-0.986855629814815
"5050",4,"WALKING","test data","tBodyGyroJerk-std()-Y",-0.807419937
"5051",4,"WALKING_DOWNSTAIRS","test data","tBodyGyroJerk-std()-Y",-0.816858240222222
"5052",4,"WALKING_UPSTAIRS","test data","tBodyGyroJerk-std()-Y",-0.840722752692308
"5053",9,"STANDING","test data","tBodyGyroJerk-std()-Y",-0.975036530444444
"5054",9,"SITTING","test data","tBodyGyroJerk-std()-Y",-0.9719274472
"5055",9,"LAYING","test data","tBodyGyroJerk-std()-Y",-0.9621702422
"5056",9,"WALKING","test data","tBodyGyroJerk-std()-Y",-0.549200228076923
"5057",9,"WALKING_DOWNSTAIRS","test data","tBodyGyroJerk-std()-Y",-0.448602451190476
"5058",9,"WALKING_UPSTAIRS","test data","tBodyGyroJerk-std()-Y",-0.708604774693878
"5059",10,"STANDING","test data","tBodyGyroJerk-std()-Y",-0.976445016590909
"5060",10,"SITTING","test data","tBodyGyroJerk-std()-Y",-0.992584494814815
"5061",10,"LAYING","test data","tBodyGyroJerk-std()-Y",-0.966621040344828
"5062",10,"WALKING","test data","tBodyGyroJerk-std()-Y",-0.509683327924528
"5063",10,"WALKING_DOWNSTAIRS","test data","tBodyGyroJerk-std()-Y",-0.471650977631579
"5064",10,"WALKING_UPSTAIRS","test data","tBodyGyroJerk-std()-Y",-0.60462905787234
"5065",12,"STANDING","test data","tBodyGyroJerk-std()-Y",-0.971195487377049
"5066",12,"SITTING","test data","tBodyGyroJerk-std()-Y",-0.979347830784314
"5067",12,"LAYING","test data","tBodyGyroJerk-std()-Y",-0.965900370833333
"5068",12,"WALKING","test data","tBodyGyroJerk-std()-Y",-0.581290691
"5069",12,"WALKING_DOWNSTAIRS","test data","tBodyGyroJerk-std()-Y",-0.517479109130435
"5070",12,"WALKING_UPSTAIRS","test data","tBodyGyroJerk-std()-Y",-0.761195612692308
"5071",13,"STANDING","test data","tBodyGyroJerk-std()-Y",-0.980982661403509
"5072",13,"SITTING","test data","tBodyGyroJerk-std()-Y",-0.991773350204082
"5073",13,"LAYING","test data","tBodyGyroJerk-std()-Y",-0.978854747419355
"5074",13,"WALKING","test data","tBodyGyroJerk-std()-Y",-0.35776089977193
"5075",13,"WALKING_DOWNSTAIRS","test data","tBodyGyroJerk-std()-Y",-0.259163248340426
"5076",13,"WALKING_UPSTAIRS","test data","tBodyGyroJerk-std()-Y",-0.678805915818182
"5077",18,"STANDING","test data","tBodyGyroJerk-std()-Y",-0.991151973150685
"5078",18,"SITTING","test data","tBodyGyroJerk-std()-Y",-0.994224162105263
"5079",18,"LAYING","test data","tBodyGyroJerk-std()-Y",-0.990547638769231
"5080",18,"WALKING","test data","tBodyGyroJerk-std()-Y",-0.694925789464286
"5081",18,"WALKING_DOWNSTAIRS","test data","tBodyGyroJerk-std()-Y",-0.752608622181818
"5082",18,"WALKING_UPSTAIRS","test data","tBodyGyroJerk-std()-Y",-0.828872171206897
"5083",20,"STANDING","test data","tBodyGyroJerk-std()-Y",-0.947633070684932
"5084",20,"SITTING","test data","tBodyGyroJerk-std()-Y",-0.979684097272727
"5085",20,"LAYING","test data","tBodyGyroJerk-std()-Y",-0.981540062058823
"5086",20,"WALKING","test data","tBodyGyroJerk-std()-Y",-0.127554090666667
"5087",20,"WALKING_DOWNSTAIRS","test data","tBodyGyroJerk-std()-Y",-0.334568787888889
"5088",20,"WALKING_UPSTAIRS","test data","tBodyGyroJerk-std()-Y",-0.393988623529412
"5089",24,"STANDING","test data","tBodyGyroJerk-std()-Y",-0.981983572028985
"5090",24,"SITTING","test data","tBodyGyroJerk-std()-Y",-0.989780810588235
"5091",24,"LAYING","test data","tBodyGyroJerk-std()-Y",-0.978091312777778
"5092",24,"WALKING","test data","tBodyGyroJerk-std()-Y",-0.514246569655172
"5093",24,"WALKING_DOWNSTAIRS","test data","tBodyGyroJerk-std()-Y",-0.519326735090909
"5094",24,"WALKING_UPSTAIRS","test data","tBodyGyroJerk-std()-Y",-0.646644373728814
"5095",1,"STANDING","training data","tBodyGyroJerk-std()-Y",-0.995137917358491
"5096",1,"SITTING","training data","tBodyGyroJerk-std()-Y",-0.989518068510638
"5097",1,"LAYING","training data","tBodyGyroJerk-std()-Y",-0.9679072436
"5098",1,"WALKING","training data","tBodyGyroJerk-std()-Y",-0.304468510631579
"5099",1,"WALKING_DOWNSTAIRS","training data","tBodyGyroJerk-std()-Y",-0.238824827530612
"5100",1,"WALKING_UPSTAIRS","training data","tBodyGyroJerk-std()-Y",-0.601696656226415
"5101",3,"STANDING","training data","tBodyGyroJerk-std()-Y",-0.968433747868853
"5102",3,"SITTING","training data","tBodyGyroJerk-std()-Y",-0.978635908653846
"5103",3,"LAYING","training data","tBodyGyroJerk-std()-Y",-0.986762741935484
"5104",3,"WALKING","training data","tBodyGyroJerk-std()-Y",-0.639087984137931
"5105",3,"WALKING_DOWNSTAIRS","training data","tBodyGyroJerk-std()-Y",-0.680947338163265
"5106",3,"WALKING_UPSTAIRS","training data","tBodyGyroJerk-std()-Y",-0.775774143389831
"5107",5,"STANDING","training data","tBodyGyroJerk-std()-Y",-0.961177741607143
"5108",5,"SITTING","training data","tBodyGyroJerk-std()-Y",-0.975433911363636
"5109",5,"LAYING","training data","tBodyGyroJerk-std()-Y",-0.983759479230769
"5110",5,"WALKING","training data","tBodyGyroJerk-std()-Y",-0.57143812375
"5111",5,"WALKING_DOWNSTAIRS","training data","tBodyGyroJerk-std()-Y",-0.514591487234043
"5112",5,"WALKING_UPSTAIRS","training data","tBodyGyroJerk-std()-Y",-0.631822048297872
"5113",6,"STANDING","training data","tBodyGyroJerk-std()-Y",-0.962422163684211
"5114",6,"SITTING","training data","tBodyGyroJerk-std()-Y",-0.961780726363636
"5115",6,"LAYING","training data","tBodyGyroJerk-std()-Y",-0.958628819649123
"5116",6,"WALKING","training data","tBodyGyroJerk-std()-Y",-0.416390246140351
"5117",6,"WALKING_DOWNSTAIRS","training data","tBodyGyroJerk-std()-Y",-0.193508405479167
"5118",6,"WALKING_UPSTAIRS","training data","tBodyGyroJerk-std()-Y",-0.486494120980392
"5119",7,"STANDING","training data","tBodyGyroJerk-std()-Y",-0.976837757358491
"5120",7,"SITTING","training data","tBodyGyroJerk-std()-Y",-0.981024680625
"5121",7,"LAYING","training data","tBodyGyroJerk-std()-Y",-0.976483727307692
"5122",7,"WALKING","training data","tBodyGyroJerk-std()-Y",-0.174136410738596
"5123",7,"WALKING_DOWNSTAIRS","training data","tBodyGyroJerk-std()-Y",-0.299520205208511
"5124",7,"WALKING_UPSTAIRS","training data","tBodyGyroJerk-std()-Y",-0.671243739607843
"5125",8,"STANDING","training data","tBodyGyroJerk-std()-Y",-0.985508765185185
"5126",8,"SITTING","training data","tBodyGyroJerk-std()-Y",-0.98887627673913
"5127",8,"LAYING","training data","tBodyGyroJerk-std()-Y",-0.974186451851852
"5128",8,"WALKING","training data","tBodyGyroJerk-std()-Y",-0.428055700208333
"5129",8,"WALKING_DOWNSTAIRS","training data","tBodyGyroJerk-std()-Y",-0.0704526510842105
"5130",8,"WALKING_UPSTAIRS","training data","tBodyGyroJerk-std()-Y",-0.424675673414634
"5131",11,"STANDING","training data","tBodyGyroJerk-std()-Y",-0.995571631276596
"5132",11,"SITTING","training data","tBodyGyroJerk-std()-Y",-0.988554820188679
"5133",11,"LAYING","training data","tBodyGyroJerk-std()-Y",-0.990845724736842
"5134",11,"WALKING","training data","tBodyGyroJerk-std()-Y",-0.737993755932203
"5135",11,"WALKING_DOWNSTAIRS","training data","tBodyGyroJerk-std()-Y",-0.684593318695652
"5136",11,"WALKING_UPSTAIRS","training data","tBodyGyroJerk-std()-Y",-0.809459436666667
"5137",14,"STANDING","training data","tBodyGyroJerk-std()-Y",-0.9706929555
"5138",14,"SITTING","training data","tBodyGyroJerk-std()-Y",-0.986911323888889
"5139",14,"LAYING","training data","tBodyGyroJerk-std()-Y",-0.968042893529412
"5140",14,"WALKING","training data","tBodyGyroJerk-std()-Y",-0.536737701694915
"5141",14,"WALKING_DOWNSTAIRS","training data","tBodyGyroJerk-std()-Y",-0.284318020488889
"5142",14,"WALKING_UPSTAIRS","training data","tBodyGyroJerk-std()-Y",-0.371479721296296
"5143",15,"STANDING","training data","tBodyGyroJerk-std()-Y",-0.988107413962264
"5144",15,"SITTING","training data","tBodyGyroJerk-std()-Y",-0.990313307966102
"5145",15,"LAYING","training data","tBodyGyroJerk-std()-Y",-0.980482834444444
"5146",15,"WALKING","training data","tBodyGyroJerk-std()-Y",-0.702402935925926
"5147",15,"WALKING_DOWNSTAIRS","training data","tBodyGyroJerk-std()-Y",-0.574964116428571
"5148",15,"WALKING_UPSTAIRS","training data","tBodyGyroJerk-std()-Y",-0.763053512083333
"5149",16,"STANDING","training data","tBodyGyroJerk-std()-Y",-0.992589441153846
"5150",16,"SITTING","training data","tBodyGyroJerk-std()-Y",-0.990621793333333
"5151",16,"LAYING","training data","tBodyGyroJerk-std()-Y",-0.989046576
"5152",16,"WALKING","training data","tBodyGyroJerk-std()-Y",-0.712237752941177
"5153",16,"WALKING_DOWNSTAIRS","training data","tBodyGyroJerk-std()-Y",-0.583421784680851
"5154",16,"WALKING_UPSTAIRS","training data","tBodyGyroJerk-std()-Y",-0.77471906627451
"5155",17,"STANDING","training data","tBodyGyroJerk-std()-Y",-0.993699908589744
"5156",17,"SITTING","training data","tBodyGyroJerk-std()-Y",-0.9949818809375
"5157",17,"LAYING","training data","tBodyGyroJerk-std()-Y",-0.983135596619718
"5158",17,"WALKING","training data","tBodyGyroJerk-std()-Y",-0.560203489016393
"5159",17,"WALKING_DOWNSTAIRS","training data","tBodyGyroJerk-std()-Y",-0.572144734130435
"5160",17,"WALKING_UPSTAIRS","training data","tBodyGyroJerk-std()-Y",-0.676722847708333
"5161",19,"STANDING","training data","tBodyGyroJerk-std()-Y",-0.988096672191781
"5162",19,"SITTING","training data","tBodyGyroJerk-std()-Y",-0.987465915068493
"5163",19,"LAYING","training data","tBodyGyroJerk-std()-Y",-0.984607728915663
"5164",19,"WALKING","training data","tBodyGyroJerk-std()-Y",-0.291594827626923
"5165",19,"WALKING_DOWNSTAIRS","training data","tBodyGyroJerk-std()-Y",-0.0146299196923077
"5166",19,"WALKING_UPSTAIRS","training data","tBodyGyroJerk-std()-Y",-0.49212221875
"5167",21,"STANDING","training data","tBodyGyroJerk-std()-Y",-0.976815894044944
"5168",21,"SITTING","training data","tBodyGyroJerk-std()-Y",-0.989722663529412
"5169",21,"LAYING","training data","tBodyGyroJerk-std()-Y",-0.981998497777778
"5170",21,"WALKING","training data","tBodyGyroJerk-std()-Y",-0.482854309807692
"5171",21,"WALKING_DOWNSTAIRS","training data","tBodyGyroJerk-std()-Y",-0.442426840888889
"5172",21,"WALKING_UPSTAIRS","training data","tBodyGyroJerk-std()-Y",-0.604469603617021
"5173",22,"STANDING","training data","tBodyGyroJerk-std()-Y",-0.984900134285714
"5174",22,"SITTING","training data","tBodyGyroJerk-std()-Y",-0.980275619354839
"5175",22,"LAYING","training data","tBodyGyroJerk-std()-Y",-0.980484171388889
"5176",22,"WALKING","training data","tBodyGyroJerk-std()-Y",-0.651875468913043
"5177",22,"WALKING_DOWNSTAIRS","training data","tBodyGyroJerk-std()-Y",-0.640280071388889
"5178",22,"WALKING_UPSTAIRS","training data","tBodyGyroJerk-std()-Y",-0.704255415
"5179",23,"STANDING","training data","tBodyGyroJerk-std()-Y",-0.972509523235294
"5180",23,"SITTING","training data","tBodyGyroJerk-std()-Y",-0.980727445294118
"5181",23,"LAYING","training data","tBodyGyroJerk-std()-Y",-0.979427763472222
"5182",23,"WALKING","training data","tBodyGyroJerk-std()-Y",0.295945926186441
"5183",23,"WALKING_DOWNSTAIRS","training data","tBodyGyroJerk-std()-Y",0.146650121972222
"5184",23,"WALKING_UPSTAIRS","training data","tBodyGyroJerk-std()-Y",-0.493514122352941
"5185",25,"STANDING","training data","tBodyGyroJerk-std()-Y",-0.98724214
"5186",25,"SITTING","training data","tBodyGyroJerk-std()-Y",-0.991315767692308
"5187",25,"LAYING","training data","tBodyGyroJerk-std()-Y",-0.971564323013699
"5188",25,"WALKING","training data","tBodyGyroJerk-std()-Y",-0.799635384189189
"5189",25,"WALKING_DOWNSTAIRS","training data","tBodyGyroJerk-std()-Y",-0.810444542413793
"5190",25,"WALKING_UPSTAIRS","training data","tBodyGyroJerk-std()-Y",-0.839699143076923
"5191",26,"STANDING","training data","tBodyGyroJerk-std()-Y",-0.989766989864865
"5192",26,"SITTING","training data","tBodyGyroJerk-std()-Y",-0.993139833846154
"5193",26,"LAYING","training data","tBodyGyroJerk-std()-Y",-0.989063341973684
"5194",26,"WALKING","training data","tBodyGyroJerk-std()-Y",-0.587000110847458
"5195",26,"WALKING_DOWNSTAIRS","training data","tBodyGyroJerk-std()-Y",-0.5471984382
"5196",26,"WALKING_UPSTAIRS","training data","tBodyGyroJerk-std()-Y",-0.725210290909091
"5197",27,"STANDING","training data","tBodyGyroJerk-std()-Y",-0.990798007875
"5198",27,"SITTING","training data","tBodyGyroJerk-std()-Y",-0.992226442142857
"5199",27,"LAYING","training data","tBodyGyroJerk-std()-Y",-0.993025877297297
"5200",27,"WALKING","training data","tBodyGyroJerk-std()-Y",-0.634105502807017
"5201",27,"WALKING_DOWNSTAIRS","training data","tBodyGyroJerk-std()-Y",-0.459459295681818
"5202",27,"WALKING_UPSTAIRS","training data","tBodyGyroJerk-std()-Y",-0.711148438235294
"5203",28,"STANDING","training data","tBodyGyroJerk-std()-Y",-0.972977006708861
"5204",28,"SITTING","training data","tBodyGyroJerk-std()-Y",-0.980713868611111
"5205",28,"LAYING","training data","tBodyGyroJerk-std()-Y",-0.98039978225
"5206",28,"WALKING","training data","tBodyGyroJerk-std()-Y",-0.639018554444444
"5207",28,"WALKING_DOWNSTAIRS","training data","tBodyGyroJerk-std()-Y",-0.424567878478261
"5208",28,"WALKING_UPSTAIRS","training data","tBodyGyroJerk-std()-Y",-0.690571101960784
"5209",29,"STANDING","training data","tBodyGyroJerk-std()-Y",-0.995533113076923
"5210",29,"SITTING","training data","tBodyGyroJerk-std()-Y",-0.995319164666667
"5211",29,"LAYING","training data","tBodyGyroJerk-std()-Y",-0.997081575652174
"5212",29,"WALKING","training data","tBodyGyroJerk-std()-Y",-0.587944298490566
"5213",29,"WALKING_DOWNSTAIRS","training data","tBodyGyroJerk-std()-Y",-0.693469035833333
"5214",29,"WALKING_UPSTAIRS","training data","tBodyGyroJerk-std()-Y",-0.73422519244898
"5215",30,"STANDING","training data","tBodyGyroJerk-std()-Y",-0.968135006271186
"5216",30,"SITTING","training data","tBodyGyroJerk-std()-Y",-0.992491322903226
"5217",30,"LAYING","training data","tBodyGyroJerk-std()-Y",-0.980357062142857
"5218",30,"WALKING","training data","tBodyGyroJerk-std()-Y",-0.497621802307692
"5219",30,"WALKING_DOWNSTAIRS","training data","tBodyGyroJerk-std()-Y",-0.613796303064516
"5220",30,"WALKING_UPSTAIRS","training data","tBodyGyroJerk-std()-Y",-0.743336958461538
"5221",2,"STANDING","test data","tBodyGyroJerk-std()-Z",-0.973610118333333
"5222",2,"SITTING","test data","tBodyGyroJerk-std()-Z",-0.985542325652174
"5223",2,"LAYING","test data","tBodyGyroJerk-std()-Z",-0.98803582125
"5224",2,"WALKING","test data","tBodyGyroJerk-std()-Z",-0.435492677288136
"5225",2,"WALKING_DOWNSTAIRS","test data","tBodyGyroJerk-std()-Z",-0.218266318606383
"5226",2,"WALKING_UPSTAIRS","test data","tBodyGyroJerk-std()-Z",-0.467595961041667
"5227",4,"STANDING","test data","tBodyGyroJerk-std()-Z",-0.957982019464286
"5228",4,"SITTING","test data","tBodyGyroJerk-std()-Z",-0.9688048316
"5229",4,"LAYING","test data","tBodyGyroJerk-std()-Z",-0.983965359814815
"5230",4,"WALKING","test data","tBodyGyroJerk-std()-Z",-0.640454132833333
"5231",4,"WALKING_DOWNSTAIRS","test data","tBodyGyroJerk-std()-Z",-0.325780073711111
"5232",4,"WALKING_UPSTAIRS","test data","tBodyGyroJerk-std()-Z",-0.556236584807692
"5233",9,"STANDING","test data","tBodyGyroJerk-std()-Z",-0.969726483555556
"5234",9,"SITTING","test data","tBodyGyroJerk-std()-Z",-0.9687388914
"5235",9,"LAYING","test data","tBodyGyroJerk-std()-Z",-0.9770761602
"5236",9,"WALKING","test data","tBodyGyroJerk-std()-Z",-0.457881494038462
"5237",9,"WALKING_DOWNSTAIRS","test data","tBodyGyroJerk-std()-Z",-0.417239550952381
"5238",9,"WALKING_UPSTAIRS","test data","tBodyGyroJerk-std()-Z",-0.65711420122449
"5239",10,"STANDING","test data","tBodyGyroJerk-std()-Z",-0.969051030681818
"5240",10,"SITTING","test data","tBodyGyroJerk-std()-Z",-0.990259813148148
"5241",10,"LAYING","test data","tBodyGyroJerk-std()-Z",-0.983949302758621
"5242",10,"WALKING","test data","tBodyGyroJerk-std()-Z",-0.329079492641509
"5243",10,"WALKING_DOWNSTAIRS","test data","tBodyGyroJerk-std()-Z",-0.227137389605263
"5244",10,"WALKING_UPSTAIRS","test data","tBodyGyroJerk-std()-Z",-0.482244799361702
"5245",12,"STANDING","test data","tBodyGyroJerk-std()-Z",-0.973689389672131
"5246",12,"SITTING","test data","tBodyGyroJerk-std()-Z",-0.977138953921569
"5247",12,"LAYING","test data","tBodyGyroJerk-std()-Z",-0.969953929666667
"5248",12,"WALKING","test data","tBodyGyroJerk-std()-Z",-0.4806421996
"5249",12,"WALKING_DOWNSTAIRS","test data","tBodyGyroJerk-std()-Z",-0.365232197456522
"5250",12,"WALKING_UPSTAIRS","test data","tBodyGyroJerk-std()-Z",-0.606412096538462
"5251",13,"STANDING","test data","tBodyGyroJerk-std()-Z",-0.985177042982456
"5252",13,"SITTING","test data","tBodyGyroJerk-std()-Z",-0.989861382040816
"5253",13,"LAYING","test data","tBodyGyroJerk-std()-Z",-0.989801549193548
"5254",13,"WALKING","test data","tBodyGyroJerk-std()-Z",-0.341765824491228
"5255",13,"WALKING_DOWNSTAIRS","test data","tBodyGyroJerk-std()-Z",-0.367089485595745
"5256",13,"WALKING_UPSTAIRS","test data","tBodyGyroJerk-std()-Z",-0.550880346909091
"5257",18,"STANDING","test data","tBodyGyroJerk-std()-Z",-0.986259015753425
"5258",18,"SITTING","test data","tBodyGyroJerk-std()-Z",-0.992814325087719
"5259",18,"LAYING","test data","tBodyGyroJerk-std()-Z",-0.992548101846154
"5260",18,"WALKING","test data","tBodyGyroJerk-std()-Z",-0.663259579285714
"5261",18,"WALKING_DOWNSTAIRS","test data","tBodyGyroJerk-std()-Z",-0.605655411090909
"5262",18,"WALKING_UPSTAIRS","test data","tBodyGyroJerk-std()-Z",-0.718951757931034
"5263",20,"STANDING","test data","tBodyGyroJerk-std()-Z",-0.948669854794521
"5264",20,"SITTING","test data","tBodyGyroJerk-std()-Z",-0.979742084090909
"5265",20,"LAYING","test data","tBodyGyroJerk-std()-Z",-0.986670534411765
"5266",20,"WALKING","test data","tBodyGyroJerk-std()-Z",-0.22704432732549
"5267",20,"WALKING_DOWNSTAIRS","test data","tBodyGyroJerk-std()-Z",0.00307854550222222
"5268",20,"WALKING_UPSTAIRS","test data","tBodyGyroJerk-std()-Z",-0.253867089670588
"5269",24,"STANDING","test data","tBodyGyroJerk-std()-Z",-0.983276883478261
"5270",24,"SITTING","test data","tBodyGyroJerk-std()-Z",-0.989850160294118
"5271",24,"LAYING","test data","tBodyGyroJerk-std()-Z",-0.992381595972222
"5272",24,"WALKING","test data","tBodyGyroJerk-std()-Z",-0.557968202931034
"5273",24,"WALKING_DOWNSTAIRS","test data","tBodyGyroJerk-std()-Z",-0.478690941272727
"5274",24,"WALKING_UPSTAIRS","test data","tBodyGyroJerk-std()-Z",-0.648975330847458
"5275",1,"STANDING","training data","tBodyGyroJerk-std()-Z",-0.992108467169811
"5276",1,"SITTING","training data","tBodyGyroJerk-std()-Z",-0.987935806382979
"5277",1,"LAYING","training data","tBodyGyroJerk-std()-Z",-0.9577901596
"5278",1,"WALKING","training data","tBodyGyroJerk-std()-Z",-0.404255452631579
"5279",1,"WALKING_DOWNSTAIRS","training data","tBodyGyroJerk-std()-Z",-0.268761480242857
"5280",1,"WALKING_UPSTAIRS","training data","tBodyGyroJerk-std()-Z",-0.606332002264151
"5281",3,"STANDING","training data","tBodyGyroJerk-std()-Z",-0.958293011803279
"5282",3,"SITTING","training data","tBodyGyroJerk-std()-Z",-0.973751670576923
"5283",3,"LAYING","training data","tBodyGyroJerk-std()-Z",-0.983338279516129
"5284",3,"WALKING","training data","tBodyGyroJerk-std()-Z",-0.536664080344828
"5285",3,"WALKING_DOWNSTAIRS","training data","tBodyGyroJerk-std()-Z",-0.374605412306122
"5286",3,"WALKING_UPSTAIRS","training data","tBodyGyroJerk-std()-Z",-0.573433947627119
"5287",5,"STANDING","training data","tBodyGyroJerk-std()-Z",-0.944755343035714
"5288",5,"SITTING","training data","tBodyGyroJerk-std()-Z",-0.964878512727273
"5289",5,"LAYING","training data","tBodyGyroJerk-std()-Z",-0.989679592307692
"5290",5,"WALKING","training data","tBodyGyroJerk-std()-Z",-0.157682543983929
"5291",5,"WALKING_DOWNSTAIRS","training data","tBodyGyroJerk-std()-Z",-0.0344217467042553
"5292",5,"WALKING_UPSTAIRS","training data","tBodyGyroJerk-std()-Z",-0.282154378489362
"5293",6,"STANDING","training data","tBodyGyroJerk-std()-Z",-0.962758177192982
"5294",6,"SITTING","training data","tBodyGyroJerk-std()-Z",-0.958787671272727
"5295",6,"LAYING","training data","tBodyGyroJerk-std()-Z",-0.959579071578947
"5296",6,"WALKING","training data","tBodyGyroJerk-std()-Z",-0.166684422233333
"5297",6,"WALKING_DOWNSTAIRS","training data","tBodyGyroJerk-std()-Z",0.193206498960417
"5298",6,"WALKING_UPSTAIRS","training data","tBodyGyroJerk-std()-Z",-0.170814790834118
"5299",7,"STANDING","training data","tBodyGyroJerk-std()-Z",-0.978166790943396
"5300",7,"SITTING","training data","tBodyGyroJerk-std()-Z",-0.980954665416667
"5301",7,"LAYING","training data","tBodyGyroJerk-std()-Z",-0.988871878269231
"5302",7,"WALKING","training data","tBodyGyroJerk-std()-Z",-0.458302971403509
"5303",7,"WALKING_DOWNSTAIRS","training data","tBodyGyroJerk-std()-Z",-0.425200371553192
"5304",7,"WALKING_UPSTAIRS","training data","tBodyGyroJerk-std()-Z",-0.682184175686275
"5305",8,"STANDING","training data","tBodyGyroJerk-std()-Z",-0.989270900740741
"5306",8,"SITTING","training data","tBodyGyroJerk-std()-Z",-0.985241405434783
"5307",8,"LAYING","training data","tBodyGyroJerk-std()-Z",-0.987601203703704
"5308",8,"WALKING","training data","tBodyGyroJerk-std()-Z",-0.388446971666667
"5309",8,"WALKING_DOWNSTAIRS","training data","tBodyGyroJerk-std()-Z",-0.1896044435
"5310",8,"WALKING_UPSTAIRS","training data","tBodyGyroJerk-std()-Z",-0.430366658780488
"5311",11,"STANDING","training data","tBodyGyroJerk-std()-Z",-0.990663218510638
"5312",11,"SITTING","training data","tBodyGyroJerk-std()-Z",-0.981016044716981
"5313",11,"LAYING","training data","tBodyGyroJerk-std()-Z",-0.986549063333333
"5314",11,"WALKING","training data","tBodyGyroJerk-std()-Z",-0.551079942542373
"5315",11,"WALKING_DOWNSTAIRS","training data","tBodyGyroJerk-std()-Z",-0.480559152608696
"5316",11,"WALKING_UPSTAIRS","training data","tBodyGyroJerk-std()-Z",-0.777173388518518
"5317",14,"STANDING","training data","tBodyGyroJerk-std()-Z",-0.974687865833333
"5318",14,"SITTING","training data","tBodyGyroJerk-std()-Z",-0.982819138888889
"5319",14,"LAYING","training data","tBodyGyroJerk-std()-Z",-0.979711372941176
"5320",14,"WALKING","training data","tBodyGyroJerk-std()-Z",-0.497187687966102
"5321",14,"WALKING_DOWNSTAIRS","training data","tBodyGyroJerk-std()-Z",0.0913857550044444
"5322",14,"WALKING_UPSTAIRS","training data","tBodyGyroJerk-std()-Z",-0.359816626703704
"5323",15,"STANDING","training data","tBodyGyroJerk-std()-Z",-0.981293117924528
"5324",15,"SITTING","training data","tBodyGyroJerk-std()-Z",-0.987937202542373
"5325",15,"LAYING","training data","tBodyGyroJerk-std()-Z",-0.980112732777778
"5326",15,"WALKING","training data","tBodyGyroJerk-std()-Z",-0.591668608148148
"5327",15,"WALKING_DOWNSTAIRS","training data","tBodyGyroJerk-std()-Z",-0.394542240714286
"5328",15,"WALKING_UPSTAIRS","training data","tBodyGyroJerk-std()-Z",-0.657907649166667
"5329",16,"STANDING","training data","tBodyGyroJerk-std()-Z",-0.992698522948718
"5330",16,"SITTING","training data","tBodyGyroJerk-std()-Z",-0.988364321449275
"5331",16,"LAYING","training data","tBodyGyroJerk-std()-Z",-0.994465157714286
"5332",16,"WALKING","training data","tBodyGyroJerk-std()-Z",-0.571264779411765
"5333",16,"WALKING_DOWNSTAIRS","training data","tBodyGyroJerk-std()-Z",-0.540633469361702
"5334",16,"WALKING_UPSTAIRS","training data","tBodyGyroJerk-std()-Z",-0.717101021960784
"5335",17,"STANDING","training data","tBodyGyroJerk-std()-Z",-0.992327099487179
"5336",17,"SITTING","training data","tBodyGyroJerk-std()-Z",-0.9938412575
"5337",17,"LAYING","training data","tBodyGyroJerk-std()-Z",-0.988221713380282
"5338",17,"WALKING","training data","tBodyGyroJerk-std()-Z",-0.524422887377049
"5339",17,"WALKING_DOWNSTAIRS","training data","tBodyGyroJerk-std()-Z",-0.542770646521739
"5340",17,"WALKING_UPSTAIRS","training data","tBodyGyroJerk-std()-Z",-0.610586202291667
"5341",19,"STANDING","training data","tBodyGyroJerk-std()-Z",-0.983453911232877
"5342",19,"SITTING","training data","tBodyGyroJerk-std()-Z",-0.98531069
"5343",19,"LAYING","training data","tBodyGyroJerk-std()-Z",-0.986958363975904
"5344",19,"WALKING","training data","tBodyGyroJerk-std()-Z",-0.213494065344231
"5345",19,"WALKING_DOWNSTAIRS","training data","tBodyGyroJerk-std()-Z",0.116646170221282
"5346",19,"WALKING_UPSTAIRS","training data","tBodyGyroJerk-std()-Z",-0.3754149830025
"5347",21,"STANDING","training data","tBodyGyroJerk-std()-Z",-0.975427259325843
"5348",21,"SITTING","training data","tBodyGyroJerk-std()-Z",-0.987954515294118
"5349",21,"LAYING","training data","tBodyGyroJerk-std()-Z",-0.988749495666667
"5350",21,"WALKING","training data","tBodyGyroJerk-std()-Z",-0.494927657115385
"5351",21,"WALKING_DOWNSTAIRS","training data","tBodyGyroJerk-std()-Z",-0.428337693333333
"5352",21,"WALKING_UPSTAIRS","training data","tBodyGyroJerk-std()-Z",-0.564149244893617
"5353",22,"STANDING","training data","tBodyGyroJerk-std()-Z",-0.979753572380952
"5354",22,"SITTING","training data","tBodyGyroJerk-std()-Z",-0.97954410516129
"5355",22,"LAYING","training data","tBodyGyroJerk-std()-Z",-0.978636301805555
"5356",22,"WALKING","training data","tBodyGyroJerk-std()-Z",-0.234278150891304
"5357",22,"WALKING_DOWNSTAIRS","training data","tBodyGyroJerk-std()-Z",-0.358762129444444
"5358",22,"WALKING_UPSTAIRS","training data","tBodyGyroJerk-std()-Z",-0.515697758571429
"5359",23,"STANDING","training data","tBodyGyroJerk-std()-Z",-0.984654516470588
"5360",23,"SITTING","training data","tBodyGyroJerk-std()-Z",-0.988130142058824
"5361",23,"LAYING","training data","tBodyGyroJerk-std()-Z",-0.994908984861111
"5362",23,"WALKING","training data","tBodyGyroJerk-std()-Z",-0.374456768135593
"5363",23,"WALKING_DOWNSTAIRS","training data","tBodyGyroJerk-std()-Z",-0.36786963962963
"5364",23,"WALKING_UPSTAIRS","training data","tBodyGyroJerk-std()-Z",-0.543765425882353
"5365",25,"STANDING","training data","tBodyGyroJerk-std()-Z",-0.980722294459459
"5366",25,"SITTING","training data","tBodyGyroJerk-std()-Z",-0.991491387846154
"5367",25,"LAYING","training data","tBodyGyroJerk-std()-Z",-0.974242254520548
"5368",25,"WALKING","training data","tBodyGyroJerk-std()-Z",-0.659576163108108
"5369",25,"WALKING_DOWNSTAIRS","training data","tBodyGyroJerk-std()-Z",-0.599481997931035
"5370",25,"WALKING_UPSTAIRS","training data","tBodyGyroJerk-std()-Z",-0.746268282923077
"5371",26,"STANDING","training data","tBodyGyroJerk-std()-Z",-0.985992503243243
"5372",26,"SITTING","training data","tBodyGyroJerk-std()-Z",-0.991929788974359
"5373",26,"LAYING","training data","tBodyGyroJerk-std()-Z",-0.993759841842105
"5374",26,"WALKING","training data","tBodyGyroJerk-std()-Z",-0.485543001525424
"5375",26,"WALKING_DOWNSTAIRS","training data","tBodyGyroJerk-std()-Z",-0.3589516378
"5376",26,"WALKING_UPSTAIRS","training data","tBodyGyroJerk-std()-Z",-0.556390218
"5377",27,"STANDING","training data","tBodyGyroJerk-std()-Z",-0.9889703575
"5378",27,"SITTING","training data","tBodyGyroJerk-std()-Z",-0.991766787571429
"5379",27,"LAYING","training data","tBodyGyroJerk-std()-Z",-0.993296720540541
"5380",27,"WALKING","training data","tBodyGyroJerk-std()-Z",-0.426346962631579
"5381",27,"WALKING_DOWNSTAIRS","training data","tBodyGyroJerk-std()-Z",-0.307268262272727
"5382",27,"WALKING_UPSTAIRS","training data","tBodyGyroJerk-std()-Z",-0.676876469411765
"5383",28,"STANDING","training data","tBodyGyroJerk-std()-Z",-0.956497163670886
"5384",28,"SITTING","training data","tBodyGyroJerk-std()-Z",-0.971001691388889
"5385",28,"LAYING","training data","tBodyGyroJerk-std()-Z",-0.981418916
"5386",28,"WALKING","training data","tBodyGyroJerk-std()-Z",-0.440927899259259
"5387",28,"WALKING_DOWNSTAIRS","training data","tBodyGyroJerk-std()-Z",-0.336212734130435
"5388",28,"WALKING_UPSTAIRS","training data","tBodyGyroJerk-std()-Z",-0.603568264117647
"5389",29,"STANDING","training data","tBodyGyroJerk-std()-Z",-0.990685705384615
"5390",29,"SITTING","training data","tBodyGyroJerk-std()-Z",-0.9928337675
"5391",29,"LAYING","training data","tBodyGyroJerk-std()-Z",-0.995380794637681
"5392",29,"WALKING","training data","tBodyGyroJerk-std()-Z",-0.504130088679245
"5393",29,"WALKING_DOWNSTAIRS","training data","tBodyGyroJerk-std()-Z",-0.379769406458333
"5394",29,"WALKING_UPSTAIRS","training data","tBodyGyroJerk-std()-Z",-0.558417024081633
"5395",30,"STANDING","training data","tBodyGyroJerk-std()-Z",-0.970845670677966
"5396",30,"SITTING","training data","tBodyGyroJerk-std()-Z",-0.988124495645161
"5397",30,"LAYING","training data","tBodyGyroJerk-std()-Z",-0.980768874571429
"5398",30,"WALKING","training data","tBodyGyroJerk-std()-Z",-0.476208796153846
"5399",30,"WALKING_DOWNSTAIRS","training data","tBodyGyroJerk-std()-Z",-0.498882854032258
"5400",30,"WALKING_UPSTAIRS","training data","tBodyGyroJerk-std()-Z",-0.665150619230769
"5401",2,"STANDING","test data","tBodyAccMag-mean()",-0.965875181296296
"5402",2,"SITTING","test data","tBodyAccMag-mean()",-0.967893623913043
"5403",2,"LAYING","test data","tBodyAccMag-mean()",-0.977435485208333
"5404",2,"WALKING","test data","tBodyAccMag-mean()",-0.290407593728814
"5405",2,"WALKING_DOWNSTAIRS","test data","tBodyAccMag-mean()",0.0899511204978723
"5406",2,"WALKING_UPSTAIRS","test data","tBodyAccMag-mean()",-0.107322679520833
"5407",4,"STANDING","test data","tBodyAccMag-mean()",-0.906478051785714
"5408",4,"SITTING","test data","tBodyAccMag-mean()",-0.93569482
"5409",4,"LAYING","test data","tBodyAccMag-mean()",-0.954557603148148
"5410",4,"WALKING","test data","tBodyAccMag-mean()",-0.312050574166667
"5411",4,"WALKING_DOWNSTAIRS","test data","tBodyAccMag-mean()",-0.0491616726733333
"5412",4,"WALKING_UPSTAIRS","test data","tBodyAccMag-mean()",-0.153703935357692
"5413",9,"STANDING","test data","tBodyAccMag-mean()",-0.945167482444444
"5414",9,"SITTING","test data","tBodyAccMag-mean()",-0.8933617176
"5415",9,"LAYING","test data","tBodyAccMag-mean()",-0.9308684376
"5416",9,"WALKING","test data","tBodyAccMag-mean()",-0.0980840496143461
"5417",9,"WALKING_DOWNSTAIRS","test data","tBodyAccMag-mean()",0.145886357935714
"5418",9,"WALKING_UPSTAIRS","test data","tBodyAccMag-mean()",-0.260727581428571
"5419",10,"STANDING","test data","tBodyAccMag-mean()",-0.951988907954545
"5420",10,"SITTING","test data","tBodyAccMag-mean()",-0.96075719962963
"5421",10,"LAYING","test data","tBodyAccMag-mean()",-0.956781819655172
"5422",10,"WALKING","test data","tBodyAccMag-mean()",-0.127400912069811
"5423",10,"WALKING_DOWNSTAIRS","test data","tBodyAccMag-mean()",0.250843769394737
"5424",10,"WALKING_UPSTAIRS","test data","tBodyAccMag-mean()",-0.0266623294757447
"5425",12,"STANDING","test data","tBodyAccMag-mean()",-0.941459935081967
"5426",12,"SITTING","test data","tBodyAccMag-mean()",-0.952176621372549
"5427",12,"LAYING","test data","tBodyAccMag-mean()",-0.9482046755
"5428",12,"WALKING","test data","tBodyAccMag-mean()",-0.102204550448
"5429",12,"WALKING_DOWNSTAIRS","test data","tBodyAccMag-mean()",0.0183139429630435
"5430",12,"WALKING_UPSTAIRS","test data","tBodyAccMag-mean()",-0.229183927115385
"5431",13,"STANDING","test data","tBodyAccMag-mean()",-0.971564243157895
"5432",13,"SITTING","test data","tBodyAccMag-mean()",-0.957690563673469
"5433",13,"LAYING","test data","tBodyAccMag-mean()",-0.960517768225806
"5434",13,"WALKING","test data","tBodyAccMag-mean()",-0.135643867842105
"5435",13,"WALKING_DOWNSTAIRS","test data","tBodyAccMag-mean()",-0.0294634299553191
"5436",13,"WALKING_UPSTAIRS","test data","tBodyAccMag-mean()",-0.10115350174
"5437",18,"STANDING","test data","tBodyAccMag-mean()",-0.972607495342466
"5438",18,"SITTING","test data","tBodyAccMag-mean()",-0.983674151754386
"5439",18,"LAYING","test data","tBodyAccMag-mean()",-0.986456241538462
"5440",18,"WALKING","test data","tBodyAccMag-mean()",-0.287908078035714
"5441",18,"WALKING_DOWNSTAIRS","test data","tBodyAccMag-mean()",-0.293531973636364
"5442",18,"WALKING_UPSTAIRS","test data","tBodyAccMag-mean()",-0.279146312758621
"5443",20,"STANDING","test data","tBodyAccMag-mean()",-0.92240685739726
"5444",20,"SITTING","test data","tBodyAccMag-mean()",-0.952738043030303
"5445",20,"LAYING","test data","tBodyAccMag-mean()",-0.960743126176471
"5446",20,"WALKING","test data","tBodyAccMag-mean()",0.039402280578902
"5447",20,"WALKING_DOWNSTAIRS","test data","tBodyAccMag-mean()",0.221851587933333
"5448",20,"WALKING_UPSTAIRS","test data","tBodyAccMag-mean()",0.00872502461176471
"5449",24,"STANDING","test data","tBodyAccMag-mean()",-0.950061017681159
"5450",24,"SITTING","test data","tBodyAccMag-mean()",-0.968979156470588
"5451",24,"LAYING","test data","tBodyAccMag-mean()",-0.9718540425
"5452",24,"WALKING","test data","tBodyAccMag-mean()",-0.299983613965517
"5453",24,"WALKING_DOWNSTAIRS","test data","tBodyAccMag-mean()",-0.0737699163072727
"5454",24,"WALKING_UPSTAIRS","test data","tBodyAccMag-mean()",-0.226402822033898
"5455",1,"STANDING","training data","tBodyAccMag-mean()",-0.984278207358491
"5456",1,"SITTING","training data","tBodyAccMag-mean()",-0.948536786170213
"5457",1,"LAYING","training data","tBodyAccMag-mean()",-0.8419291525
"5458",1,"WALKING","training data","tBodyAccMag-mean()",-0.136971176556842
"5459",1,"WALKING_DOWNSTAIRS","training data","tBodyAccMag-mean()",0.0271882914106122
"5460",1,"WALKING_UPSTAIRS","training data","tBodyAccMag-mean()",-0.129927630735849
"5461",3,"STANDING","training data","tBodyAccMag-mean()",-0.925430819016393
"5462",3,"SITTING","training data","tBodyAccMag-mean()",-0.895383350192308
"5463",3,"LAYING","training data","tBodyAccMag-mean()",-0.972791346129032
"5464",3,"WALKING","training data","tBodyAccMag-mean()",-0.254690333275862
"5465",3,"WALKING_DOWNSTAIRS","training data","tBodyAccMag-mean()",-0.0628126118283674
"5466",3,"WALKING_UPSTAIRS","training data","tBodyAccMag-mean()",-0.184014895
"5467",5,"STANDING","training data","tBodyAccMag-mean()",-0.906104701071429
"5468",5,"SITTING","training data","tBodyAccMag-mean()",-0.9379783225
"5469",5,"LAYING","training data","tBodyAccMag-mean()",-0.966777882884615
"5470",5,"WALKING","training data","tBodyAccMag-mean()",-0.158338674394643
"5471",5,"WALKING_DOWNSTAIRS","training data","tBodyAccMag-mean()",0.211138853638298
"5472",5,"WALKING_UPSTAIRS","training data","tBodyAccMag-mean()",0.0435562021989362
"5473",6,"STANDING","training data","tBodyAccMag-mean()",-0.945022876491228
"5474",6,"SITTING","training data","tBodyAccMag-mean()",-0.949543531272727
"5475",6,"LAYING","training data","tBodyAccMag-mean()",-0.918878850824561
"5476",6,"WALKING","training data","tBodyAccMag-mean()",-0.166840713631579
"5477",6,"WALKING_DOWNSTAIRS","training data","tBodyAccMag-mean()",0.333754731458333
"5478",6,"WALKING_UPSTAIRS","training data","tBodyAccMag-mean()",0.0177790974433333
"5479",7,"STANDING","training data","tBodyAccMag-mean()",-0.942724659245283
"5480",7,"SITTING","training data","tBodyAccMag-mean()",-0.918432107083333
"5481",7,"LAYING","training data","tBodyAccMag-mean()",-0.936392023846154
"5482",7,"WALKING","training data","tBodyAccMag-mean()",-0.0978090439438596
"5483",7,"WALKING_DOWNSTAIRS","training data","tBodyAccMag-mean()",0.0198795285851064
"5484",7,"WALKING_UPSTAIRS","training data","tBodyAccMag-mean()",-0.198074437978431
"5485",8,"STANDING","training data","tBodyAccMag-mean()",-0.953762884074074
"5486",8,"SITTING","training data","tBodyAccMag-mean()",-0.952139704347826
"5487",8,"LAYING","training data","tBodyAccMag-mean()",-0.935308633888889
"5488",8,"WALKING","training data","tBodyAccMag-mean()",0.0516786278104167
"5489",8,"WALKING_DOWNSTAIRS","training data","tBodyAccMag-mean()",0.176599311818421
"5490",8,"WALKING_UPSTAIRS","training data","tBodyAccMag-mean()",0.121026629195122
"5491",11,"STANDING","training data","tBodyAccMag-mean()",-0.984853836595745
"5492",11,"SITTING","training data","tBodyAccMag-mean()",-0.961970763773585
"5493",11,"LAYING","training data","tBodyAccMag-mean()",-0.980621180175439
"5494",11,"WALKING","training data","tBodyAccMag-mean()",-0.288323472033898
"5495",11,"WALKING_DOWNSTAIRS","training data","tBodyAccMag-mean()",0.126227657258696
"5496",11,"WALKING_UPSTAIRS","training data","tBodyAccMag-mean()",-0.132594623759259
"5497",14,"STANDING","training data","tBodyAccMag-mean()",-0.943456847333333
"5498",14,"SITTING","training data","tBodyAccMag-mean()",-0.944197943703704
"5499",14,"LAYING","training data","tBodyAccMag-mean()",-0.905978250196078
"5500",14,"WALKING","training data","tBodyAccMag-mean()",-0.144404671779661
"5501",14,"WALKING_DOWNSTAIRS","training data","tBodyAccMag-mean()",0.185537706866667
"5502",14,"WALKING_UPSTAIRS","training data","tBodyAccMag-mean()",0.140108204051852
"5503",15,"STANDING","training data","tBodyAccMag-mean()",-0.961207616226415
"5504",15,"SITTING","training data","tBodyAccMag-mean()",-0.958669836271186
"5505",15,"LAYING","training data","tBodyAccMag-mean()",-0.955340661527778
"5506",15,"WALKING","training data","tBodyAccMag-mean()",-0.186514650759259
"5507",15,"WALKING_DOWNSTAIRS","training data","tBodyAccMag-mean()",0.320449387166667
"5508",15,"WALKING_UPSTAIRS","training data","tBodyAccMag-mean()",-0.000971394711666667
"5509",16,"STANDING","training data","tBodyAccMag-mean()",-0.969948825128205
"5510",16,"SITTING","training data","tBodyAccMag-mean()",-0.961879680724638
"5511",16,"LAYING","training data","tBodyAccMag-mean()",-0.961834634857143
"5512",16,"WALKING","training data","tBodyAccMag-mean()",-0.258766694117647
"5513",16,"WALKING_DOWNSTAIRS","training data","tBodyAccMag-mean()",0.191079793587447
"5514",16,"WALKING_UPSTAIRS","training data","tBodyAccMag-mean()",-0.233990331568627
"5515",17,"STANDING","training data","tBodyAccMag-mean()",-0.977635981410256
"5516",17,"SITTING","training data","tBodyAccMag-mean()",-0.97274734640625
"5517",17,"LAYING","training data","tBodyAccMag-mean()",-0.953021411126761
"5518",17,"WALKING","training data","tBodyAccMag-mean()",-0.151151487704918
"5519",17,"WALKING_DOWNSTAIRS","training data","tBodyAccMag-mean()",0.148951103536087
"5520",17,"WALKING_UPSTAIRS","training data","tBodyAccMag-mean()",-0.0128062276916667
"5521",19,"STANDING","training data","tBodyAccMag-mean()",-0.960505683561644
"5522",19,"SITTING","training data","tBodyAccMag-mean()",-0.962074065616438
"5523",19,"LAYING","training data","tBodyAccMag-mean()",-0.96626080686747
"5524",19,"WALKING","training data","tBodyAccMag-mean()",0.0648173438653846
"5525",19,"WALKING_DOWNSTAIRS","training data","tBodyAccMag-mean()",0.644604325128205
"5526",19,"WALKING_UPSTAIRS","training data","tBodyAccMag-mean()",0.01738119347275
"5527",21,"STANDING","training data","tBodyAccMag-mean()",-0.958774298089888
"5528",21,"SITTING","training data","tBodyAccMag-mean()",-0.974734999411765
"5529",21,"LAYING","training data","tBodyAccMag-mean()",-0.952596583222222
"5530",21,"WALKING","training data","tBodyAccMag-mean()",-0.123455661519231
"5531",21,"WALKING_DOWNSTAIRS","training data","tBodyAccMag-mean()",0.245771699004444
"5532",21,"WALKING_UPSTAIRS","training data","tBodyAccMag-mean()",-0.0810453188106383
"5533",22,"STANDING","training data","tBodyAccMag-mean()",-0.954807661269841
"5534",22,"SITTING","training data","tBodyAccMag-mean()",-0.942167353870968
"5535",22,"LAYING","training data","tBodyAccMag-mean()",-0.934993799305556
"5536",22,"WALKING","training data","tBodyAccMag-mean()",0.0722419121669565
"5537",22,"WALKING_DOWNSTAIRS","training data","tBodyAccMag-mean()",0.330999221944444
"5538",22,"WALKING_UPSTAIRS","training data","tBodyAccMag-mean()",0.210282608333333
"5539",23,"STANDING","training data","tBodyAccMag-mean()",-0.957212267058824
"5540",23,"SITTING","training data","tBodyAccMag-mean()",-0.944080772941176
"5541",23,"LAYING","training data","tBodyAccMag-mean()",-0.962959196805556
"5542",23,"WALKING","training data","tBodyAccMag-mean()",-0.0988770198220339
"5543",23,"WALKING_DOWNSTAIRS","training data","tBodyAccMag-mean()",0.127211137694444
"5544",23,"WALKING_UPSTAIRS","training data","tBodyAccMag-mean()",-0.0117536873784314
"5545",25,"STANDING","training data","tBodyAccMag-mean()",-0.972663592162162
"5546",25,"SITTING","training data","tBodyAccMag-mean()",-0.970409337076923
"5547",25,"LAYING","training data","tBodyAccMag-mean()",-0.56047777609589
"5548",25,"WALKING","training data","tBodyAccMag-mean()",-0.40528943
"5549",25,"WALKING_DOWNSTAIRS","training data","tBodyAccMag-mean()",-0.22010859462069
"5550",25,"WALKING_UPSTAIRS","training data","tBodyAccMag-mean()",-0.305772199076923
"5551",26,"STANDING","training data","tBodyAccMag-mean()",-0.968511694324324
"5552",26,"SITTING","training data","tBodyAccMag-mean()",-0.953079994102564
"5553",26,"LAYING","training data","tBodyAccMag-mean()",-0.976785042368421
"5554",26,"WALKING","training data","tBodyAccMag-mean()",-0.223399171830508
"5555",26,"WALKING_DOWNSTAIRS","training data","tBodyAccMag-mean()",0.114379383742
"5556",26,"WALKING_UPSTAIRS","training data","tBodyAccMag-mean()",-0.142874499381818
"5557",27,"STANDING","training data","tBodyAccMag-mean()",-0.972753287375
"5558",27,"SITTING","training data","tBodyAccMag-mean()",-0.979481668857143
"5559",27,"LAYING","training data","tBodyAccMag-mean()",-0.982091652162162
"5560",27,"WALKING","training data","tBodyAccMag-mean()",-0.238853875263158
"5561",27,"WALKING_DOWNSTAIRS","training data","tBodyAccMag-mean()",0.108071382861364
"5562",27,"WALKING_UPSTAIRS","training data","tBodyAccMag-mean()",-0.160589355980392
"5563",28,"STANDING","training data","tBodyAccMag-mean()",-0.92547165164557
"5564",28,"SITTING","training data","tBodyAccMag-mean()",-0.955789708611111
"5565",28,"LAYING","training data","tBodyAccMag-mean()",-0.95811223025
"5566",28,"WALKING","training data","tBodyAccMag-mean()",-0.1806660203
"5567",28,"WALKING_DOWNSTAIRS","training data","tBodyAccMag-mean()",0.104359216580435
"5568",28,"WALKING_UPSTAIRS","training data","tBodyAccMag-mean()",-0.186240503960784
"5569",29,"STANDING","training data","tBodyAccMag-mean()",-0.984745318923077
"5570",29,"SITTING","training data","tBodyAccMag-mean()",-0.978017021833333
"5571",29,"LAYING","training data","tBodyAccMag-mean()",-0.986493196666667
"5572",29,"WALKING","training data","tBodyAccMag-mean()",-0.0955213393716981
"5573",29,"WALKING_DOWNSTAIRS","training data","tBodyAccMag-mean()",0.103705165666667
"5574",29,"WALKING_UPSTAIRS","training data","tBodyAccMag-mean()",0.00834360271428571
"5575",30,"STANDING","training data","tBodyAccMag-mean()",-0.930573574915254
"5576",30,"SITTING","training data","tBodyAccMag-mean()",-0.957487221451613
"5577",30,"LAYING","training data","tBodyAccMag-mean()",-0.969829984285714
"5578",30,"WALKING","training data","tBodyAccMag-mean()",-0.195140032969231
"5579",30,"WALKING_DOWNSTAIRS","training data","tBodyAccMag-mean()",-0.0373901122469355
"5580",30,"WALKING_UPSTAIRS","training data","tBodyAccMag-mean()",-0.137627857227385
"5581",2,"STANDING","test data","tBodyAccMag-std()",-0.957874965
"5582",2,"SITTING","test data","tBodyAccMag-std()",-0.953081444130435
"5583",2,"LAYING","test data","tBodyAccMag-std()",-0.972873912916667
"5584",2,"WALKING","test data","tBodyAccMag-std()",-0.422544169322034
"5585",2,"WALKING_DOWNSTAIRS","test data","tBodyAccMag-std()",0.215586334889362
"5586",2,"WALKING_UPSTAIRS","test data","tBodyAccMag-std()",-0.205977045295833
"5587",4,"STANDING","test data","tBodyAccMag-std()",-0.890976683392857
"5588",4,"SITTING","test data","tBodyAccMag-std()",-0.9144078448
"5589",4,"LAYING","test data","tBodyAccMag-std()",-0.931292216611111
"5590",4,"WALKING","test data","tBodyAccMag-std()",-0.527679103166667
"5591",4,"WALKING_DOWNSTAIRS","test data","tBodyAccMag-std()",-0.0819559041111111
"5592",4,"WALKING_UPSTAIRS","test data","tBodyAccMag-std()",-0.212012300480769
"5593",9,"STANDING","test data","tBodyAccMag-std()",-0.936105010444444
"5594",9,"SITTING","test data","tBodyAccMag-std()",-0.8637564342
"5595",9,"LAYING","test data","tBodyAccMag-std()",-0.91512680016
"5596",9,"WALKING","test data","tBodyAccMag-std()",-0.37942877
"5597",9,"WALKING_DOWNSTAIRS","test data","tBodyAccMag-std()",0.265120131365238
"5598",9,"WALKING_UPSTAIRS","test data","tBodyAccMag-std()",-0.400222037142857
"5599",10,"STANDING","test data","tBodyAccMag-std()",-0.937264537954545
"5600",10,"SITTING","test data","tBodyAccMag-std()",-0.939669591481481
"5601",10,"LAYING","test data","tBodyAccMag-std()",-0.940301654482759
"5602",10,"WALKING","test data","tBodyAccMag-std()",-0.185602396067925
"5603",10,"WALKING_DOWNSTAIRS","test data","tBodyAccMag-std()",0.156998205421053
"5604",10,"WALKING_UPSTAIRS","test data","tBodyAccMag-std()",-0.211537480214383
"5605",12,"STANDING","test data","tBodyAccMag-std()",-0.935232945245902
"5606",12,"SITTING","test data","tBodyAccMag-std()",-0.947517100196078
"5607",12,"LAYING","test data","tBodyAccMag-std()",-0.936542686833333
"5608",12,"WALKING","test data","tBodyAccMag-std()",-0.23697286882
"5609",12,"WALKING_DOWNSTAIRS","test data","tBodyAccMag-std()",0.0972608274652174
"5610",12,"WALKING_UPSTAIRS","test data","tBodyAccMag-std()",-0.285844036153846
"5611",13,"STANDING","test data","tBodyAccMag-std()",-0.968519673859649
"5612",13,"SITTING","test data","tBodyAccMag-std()",-0.937935738571429
"5613",13,"LAYING","test data","tBodyAccMag-std()",-0.947944746612903
"5614",13,"WALKING","test data","tBodyAccMag-std()",-0.292546377017544
"5615",13,"WALKING_DOWNSTAIRS","test data","tBodyAccMag-std()",-0.0156098198829787
"5616",13,"WALKING_UPSTAIRS","test data","tBodyAccMag-std()",-0.326339622181818
"5617",18,"STANDING","test data","tBodyAccMag-std()",-0.972285545479452
"5618",18,"SITTING","test data","tBodyAccMag-std()",-0.981595285964912
"5619",18,"LAYING","test data","tBodyAccMag-std()",-0.986464542615385
"5620",18,"WALKING","test data","tBodyAccMag-std()",-0.460346465357143
"5621",18,"WALKING_DOWNSTAIRS","test data","tBodyAccMag-std()",-0.229934247036364
"5622",18,"WALKING_UPSTAIRS","test data","tBodyAccMag-std()",-0.37184157
"5623",20,"STANDING","test data","tBodyAccMag-std()",-0.910672094794521
"5624",20,"SITTING","test data","tBodyAccMag-std()",-0.937764028181818
"5625",20,"LAYING","test data","tBodyAccMag-std()",-0.939489444558824
"5626",20,"WALKING","test data","tBodyAccMag-std()",-0.156930391921569
"5627",20,"WALKING_DOWNSTAIRS","test data","tBodyAccMag-std()",0.172636361444444
"5628",20,"WALKING_UPSTAIRS","test data","tBodyAccMag-std()",-0.198269718823529
"5629",24,"STANDING","test data","tBodyAccMag-std()",-0.94790101173913
"5630",24,"SITTING","test data","tBodyAccMag-std()",-0.963779683235294
"5631",24,"LAYING","test data","tBodyAccMag-std()",-0.969354834166667
"5632",24,"WALKING","test data","tBodyAccMag-std()",-0.48106401862069
"5633",24,"WALKING_DOWNSTAIRS","test data","tBodyAccMag-std()",-0.0224839122854545
"5634",24,"WALKING_UPSTAIRS","test data","tBodyAccMag-std()",-0.30685447
"5635",1,"STANDING","training data","tBodyAccMag-std()",-0.981942928867925
"5636",1,"SITTING","training data","tBodyAccMag-std()",-0.927078418723404
"5637",1,"LAYING","training data","tBodyAccMag-std()",-0.79514486386
"5638",1,"WALKING","training data","tBodyAccMag-std()",-0.219688645631579
"5639",1,"WALKING_DOWNSTAIRS","training data","tBodyAccMag-std()",0.0198843506265306
"5640",1,"WALKING_UPSTAIRS","training data","tBodyAccMag-std()",-0.324970929245283
"5641",3,"STANDING","training data","tBodyAccMag-std()",-0.915143303606557
"5642",3,"SITTING","training data","tBodyAccMag-std()",-0.8703017
"5643",3,"LAYING","training data","tBodyAccMag-std()",-0.964218176451613
"5644",3,"WALKING","training data","tBodyAccMag-std()",-0.328428936551724
"5645",3,"WALKING_DOWNSTAIRS","training data","tBodyAccMag-std()",-0.0411340078469388
"5646",3,"WALKING_UPSTAIRS","training data","tBodyAccMag-std()",-0.333597432542373
"5647",5,"STANDING","training data","tBodyAccMag-std()",-0.87977380125
"5648",5,"SITTING","training data","tBodyAccMag-std()",-0.920939027727273
"5649",5,"LAYING","training data","tBodyAccMag-std()",-0.958612786346154
"5650",5,"WALKING","training data","tBodyAccMag-std()",-0.377178733392857
"5651",5,"WALKING_DOWNSTAIRS","training data","tBodyAccMag-std()",0.205422375957447
"5652",5,"WALKING_UPSTAIRS","training data","tBodyAccMag-std()",-0.136736383765957
"5653",6,"STANDING","training data","tBodyAccMag-std()",-0.939310249649123
"5654",6,"SITTING","training data","tBodyAccMag-std()",-0.931572655636364
"5655",6,"LAYING","training data","tBodyAccMag-std()",-0.897326245964912
"5656",6,"WALKING","training data","tBodyAccMag-std()",-0.266734167368421
"5657",6,"WALKING_DOWNSTAIRS","training data","tBodyAccMag-std()",0.373611914166667
"5658",6,"WALKING_UPSTAIRS","training data","tBodyAccMag-std()",-0.0791508842176471
"5659",7,"STANDING","training data","tBodyAccMag-std()",-0.933590156792453
"5660",7,"SITTING","training data","tBodyAccMag-std()",-0.881957619770833
"5661",7,"LAYING","training data","tBodyAccMag-std()",-0.907039513153846
"5662",7,"WALKING","training data","tBodyAccMag-std()",-0.198554708385965
"5663",7,"WALKING_DOWNSTAIRS","training data","tBodyAccMag-std()",0.214544028088723
"5664",7,"WALKING_UPSTAIRS","training data","tBodyAccMag-std()",-0.33474460745098
"5665",8,"STANDING","training data","tBodyAccMag-std()",-0.937187185222222
"5666",8,"SITTING","training data","tBodyAccMag-std()",-0.929943615630435
"5667",8,"LAYING","training data","tBodyAccMag-std()",-0.91325033
"5668",8,"WALKING","training data","tBodyAccMag-std()",-0.1804072826
"5669",8,"WALKING_DOWNSTAIRS","training data","tBodyAccMag-std()",0.131337867236842
"5670",8,"WALKING_UPSTAIRS","training data","tBodyAccMag-std()",-0.227200254219512
"5671",11,"STANDING","training data","tBodyAccMag-std()",-0.98030536893617
"5672",11,"SITTING","training data","tBodyAccMag-std()",-0.944581826415094
"5673",11,"LAYING","training data","tBodyAccMag-std()",-0.972891829473684
"5674",11,"WALKING","training data","tBodyAccMag-std()",-0.487735915084746
"5675",11,"WALKING_DOWNSTAIRS","training data","tBodyAccMag-std()",0.0507743652521739
"5676",11,"WALKING_UPSTAIRS","training data","tBodyAccMag-std()",-0.289592148148148
"5677",14,"STANDING","training data","tBodyAccMag-std()",-0.936735577166667
"5678",14,"SITTING","training data","tBodyAccMag-std()",-0.92549582962963
"5679",14,"LAYING","training data","tBodyAccMag-std()",-0.856593119215686
"5680",14,"WALKING","training data","tBodyAccMag-std()",-0.36380562779661
"5681",14,"WALKING_DOWNSTAIRS","training data","tBodyAccMag-std()",0.428405922622222
"5682",14,"WALKING_UPSTAIRS","training data","tBodyAccMag-std()",-0.0197686685018519
"5683",15,"STANDING","training data","tBodyAccMag-std()",-0.948600432641509
"5684",15,"SITTING","training data","tBodyAccMag-std()",-0.93797790559322
"5685",15,"LAYING","training data","tBodyAccMag-std()",-0.943314107916667
"5686",15,"WALKING","training data","tBodyAccMag-std()",-0.323878324074074
"5687",15,"WALKING_DOWNSTAIRS","training data","tBodyAccMag-std()",0.353204008095238
"5688",15,"WALKING_UPSTAIRS","training data","tBodyAccMag-std()",-0.136552217494583
"5689",16,"STANDING","training data","tBodyAccMag-std()",-0.95729449448718
"5690",16,"SITTING","training data","tBodyAccMag-std()",-0.941051236086957
"5691",16,"LAYING","training data","tBodyAccMag-std()",-0.957895927714286
"5692",16,"WALKING","training data","tBodyAccMag-std()",-0.47180926745098
"5693",16,"WALKING_DOWNSTAIRS","training data","tBodyAccMag-std()",0.119183740638298
"5694",16,"WALKING_UPSTAIRS","training data","tBodyAccMag-std()",-0.334795080196078
"5695",17,"STANDING","training data","tBodyAccMag-std()",-0.975377309871795
"5696",17,"SITTING","training data","tBodyAccMag-std()",-0.96506519109375
"5697",17,"LAYING","training data","tBodyAccMag-std()",-0.948257993521127
"5698",17,"WALKING","training data","tBodyAccMag-std()",-0.461837866885246
"5699",17,"WALKING_DOWNSTAIRS","training data","tBodyAccMag-std()",0.0914076757326087
"5700",17,"WALKING_UPSTAIRS","training data","tBodyAccMag-std()",-0.1028777303875
"5701",19,"STANDING","training data","tBodyAccMag-std()",-0.962549342465753
"5702",19,"SITTING","training data","tBodyAccMag-std()",-0.951755657260274
"5703",19,"LAYING","training data","tBodyAccMag-std()",-0.963193489036145
"5704",19,"WALKING","training data","tBodyAccMag-std()",-0.0993927171359615
"5705",19,"WALKING_DOWNSTAIRS","training data","tBodyAccMag-std()",0.413472376589744
"5706",19,"WALKING_UPSTAIRS","training data","tBodyAccMag-std()",-0.177666828025
"5707",21,"STANDING","training data","tBodyAccMag-std()",-0.956919898202247
"5708",21,"SITTING","training data","tBodyAccMag-std()",-0.971994251294118
"5709",21,"LAYING","training data","tBodyAccMag-std()",-0.942186431444444
"5710",21,"WALKING","training data","tBodyAccMag-std()",-0.299709752173077
"5711",21,"WALKING_DOWNSTAIRS","training data","tBodyAccMag-std()",0.264341903711111
"5712",21,"WALKING_UPSTAIRS","training data","tBodyAccMag-std()",-0.278474283829787
"5713",22,"STANDING","training data","tBodyAccMag-std()",-0.939866315079365
"5714",22,"SITTING","training data","tBodyAccMag-std()",-0.924336184035484
"5715",22,"LAYING","training data","tBodyAccMag-std()",-0.909407761152778
"5716",22,"WALKING","training data","tBodyAccMag-std()",-0.161591787478261
"5717",22,"WALKING_DOWNSTAIRS","training data","tBodyAccMag-std()",0.133267478527222
"5718",22,"WALKING_UPSTAIRS","training data","tBodyAccMag-std()",-0.158757474833333
"5719",23,"STANDING","training data","tBodyAccMag-std()",-0.9516698575
"5720",23,"SITTING","training data","tBodyAccMag-std()",-0.924963263235294
"5721",23,"LAYING","training data","tBodyAccMag-std()",-0.957871990555555
"5722",23,"WALKING","training data","tBodyAccMag-std()",-0.209989354570847
"5723",23,"WALKING_DOWNSTAIRS","training data","tBodyAccMag-std()",0.230363964351852
"5724",23,"WALKING_UPSTAIRS","training data","tBodyAccMag-std()",-0.271893714117647
"5725",25,"STANDING","training data","tBodyAccMag-std()",-0.968075629324324
"5726",25,"SITTING","training data","tBodyAccMag-std()",-0.960003414461538
"5727",25,"LAYING","training data","tBodyAccMag-std()",-0.649254767945205
"5728",25,"WALKING","training data","tBodyAccMag-std()",-0.565601466081081
"5729",25,"WALKING_DOWNSTAIRS","training data","tBodyAccMag-std()",-0.259465249913793
"5730",25,"WALKING_UPSTAIRS","training data","tBodyAccMag-std()",-0.480006649846154
"5731",26,"STANDING","training data","tBodyAccMag-std()",-0.962697299189189
"5732",26,"SITTING","training data","tBodyAccMag-std()",-0.933602783410256
"5733",26,"LAYING","training data","tBodyAccMag-std()",-0.964355190394737
"5734",26,"WALKING","training data","tBodyAccMag-std()",-0.421848313898305
"5735",26,"WALKING_DOWNSTAIRS","training data","tBodyAccMag-std()",0.14700167906
"5736",26,"WALKING_UPSTAIRS","training data","tBodyAccMag-std()",-0.1507071068
"5737",27,"STANDING","training data","tBodyAccMag-std()",-0.9663601145
"5738",27,"SITTING","training data","tBodyAccMag-std()",-0.969526674714286
"5739",27,"LAYING","training data","tBodyAccMag-std()",-0.978920176216216
"5740",27,"WALKING","training data","tBodyAccMag-std()",-0.407355787017544
"5741",27,"WALKING_DOWNSTAIRS","training data","tBodyAccMag-std()",0.121176277863636
"5742",27,"WALKING_UPSTAIRS","training data","tBodyAccMag-std()",-0.37994878627451
"5743",28,"STANDING","training data","tBodyAccMag-std()",-0.917658334177215
"5744",28,"SITTING","training data","tBodyAccMag-std()",-0.947782703333333
"5745",28,"LAYING","training data","tBodyAccMag-std()",-0.9545740295
"5746",28,"WALKING","training data","tBodyAccMag-std()",-0.39269402
"5747",28,"WALKING_DOWNSTAIRS","training data","tBodyAccMag-std()",0.135465563932609
"5748",28,"WALKING_UPSTAIRS","training data","tBodyAccMag-std()",-0.211928666470588
"5749",29,"STANDING","training data","tBodyAccMag-std()",-0.981745712923077
"5750",29,"SITTING","training data","tBodyAccMag-std()",-0.9692903165
"5751",29,"LAYING","training data","tBodyAccMag-std()",-0.981572147681159
"5752",29,"WALKING","training data","tBodyAccMag-std()",-0.262695063584906
"5753",29,"WALKING_DOWNSTAIRS","training data","tBodyAccMag-std()",0.1344811501875
"5754",29,"WALKING_UPSTAIRS","training data","tBodyAccMag-std()",-0.0414696051693878
"5755",30,"STANDING","training data","tBodyAccMag-std()",-0.916570441355932
"5756",30,"SITTING","training data","tBodyAccMag-std()",-0.942901466612903
"5757",30,"LAYING","training data","tBodyAccMag-std()",-0.960167907285714
"5758",30,"WALKING","training data","tBodyAccMag-std()",-0.359873411538462
"5759",30,"WALKING_DOWNSTAIRS","training data","tBodyAccMag-std()",-0.0135771208822581
"5760",30,"WALKING_UPSTAIRS","training data","tBodyAccMag-std()",-0.327410815861538
"5761",2,"STANDING","test data","tGravityAccMag-mean()",-0.965875181296296
"5762",2,"SITTING","test data","tGravityAccMag-mean()",-0.967893623913043
"5763",2,"LAYING","test data","tGravityAccMag-mean()",-0.977435485208333
"5764",2,"WALKING","test data","tGravityAccMag-mean()",-0.290407593728814
"5765",2,"WALKING_DOWNSTAIRS","test data","tGravityAccMag-mean()",0.0899511204978723
"5766",2,"WALKING_UPSTAIRS","test data","tGravityAccMag-mean()",-0.107322679520833
"5767",4,"STANDING","test data","tGravityAccMag-mean()",-0.906478051785714
"5768",4,"SITTING","test data","tGravityAccMag-mean()",-0.93569482
"5769",4,"LAYING","test data","tGravityAccMag-mean()",-0.954557603148148
"5770",4,"WALKING","test data","tGravityAccMag-mean()",-0.312050574166667
"5771",4,"WALKING_DOWNSTAIRS","test data","tGravityAccMag-mean()",-0.0491616726733333
"5772",4,"WALKING_UPSTAIRS","test data","tGravityAccMag-mean()",-0.153703935357692
"5773",9,"STANDING","test data","tGravityAccMag-mean()",-0.945167482444444
"5774",9,"SITTING","test data","tGravityAccMag-mean()",-0.8933617176
"5775",9,"LAYING","test data","tGravityAccMag-mean()",-0.9308684376
"5776",9,"WALKING","test data","tGravityAccMag-mean()",-0.0980840496143461
"5777",9,"WALKING_DOWNSTAIRS","test data","tGravityAccMag-mean()",0.145886357935714
"5778",9,"WALKING_UPSTAIRS","test data","tGravityAccMag-mean()",-0.260727581428571
"5779",10,"STANDING","test data","tGravityAccMag-mean()",-0.951988907954545
"5780",10,"SITTING","test data","tGravityAccMag-mean()",-0.96075719962963
"5781",10,"LAYING","test data","tGravityAccMag-mean()",-0.956781819655172
"5782",10,"WALKING","test data","tGravityAccMag-mean()",-0.127400912069811
"5783",10,"WALKING_DOWNSTAIRS","test data","tGravityAccMag-mean()",0.250843769394737
"5784",10,"WALKING_UPSTAIRS","test data","tGravityAccMag-mean()",-0.0266623294757447
"5785",12,"STANDING","test data","tGravityAccMag-mean()",-0.941459935081967
"5786",12,"SITTING","test data","tGravityAccMag-mean()",-0.952176621372549
"5787",12,"LAYING","test data","tGravityAccMag-mean()",-0.9482046755
"5788",12,"WALKING","test data","tGravityAccMag-mean()",-0.102204550448
"5789",12,"WALKING_DOWNSTAIRS","test data","tGravityAccMag-mean()",0.0183139429630435
"5790",12,"WALKING_UPSTAIRS","test data","tGravityAccMag-mean()",-0.229183927115385
"5791",13,"STANDING","test data","tGravityAccMag-mean()",-0.971564243157895
"5792",13,"SITTING","test data","tGravityAccMag-mean()",-0.957690563673469
"5793",13,"LAYING","test data","tGravityAccMag-mean()",-0.960517768225806
"5794",13,"WALKING","test data","tGravityAccMag-mean()",-0.135643867842105
"5795",13,"WALKING_DOWNSTAIRS","test data","tGravityAccMag-mean()",-0.0294634299553191
"5796",13,"WALKING_UPSTAIRS","test data","tGravityAccMag-mean()",-0.10115350174
"5797",18,"STANDING","test data","tGravityAccMag-mean()",-0.972607495342466
"5798",18,"SITTING","test data","tGravityAccMag-mean()",-0.983674151754386
"5799",18,"LAYING","test data","tGravityAccMag-mean()",-0.986456241538462
"5800",18,"WALKING","test data","tGravityAccMag-mean()",-0.287908078035714
"5801",18,"WALKING_DOWNSTAIRS","test data","tGravityAccMag-mean()",-0.293531973636364
"5802",18,"WALKING_UPSTAIRS","test data","tGravityAccMag-mean()",-0.279146312758621
"5803",20,"STANDING","test data","tGravityAccMag-mean()",-0.92240685739726
"5804",20,"SITTING","test data","tGravityAccMag-mean()",-0.952738043030303
"5805",20,"LAYING","test data","tGravityAccMag-mean()",-0.960743126176471
"5806",20,"WALKING","test data","tGravityAccMag-mean()",0.039402280578902
"5807",20,"WALKING_DOWNSTAIRS","test data","tGravityAccMag-mean()",0.221851587933333
"5808",20,"WALKING_UPSTAIRS","test data","tGravityAccMag-mean()",0.00872502461176471
"5809",24,"STANDING","test data","tGravityAccMag-mean()",-0.950061017681159
"5810",24,"SITTING","test data","tGravityAccMag-mean()",-0.968979156470588
"5811",24,"LAYING","test data","tGravityAccMag-mean()",-0.9718540425
"5812",24,"WALKING","test data","tGravityAccMag-mean()",-0.299983613965517
"5813",24,"WALKING_DOWNSTAIRS","test data","tGravityAccMag-mean()",-0.0737699163072727
"5814",24,"WALKING_UPSTAIRS","test data","tGravityAccMag-mean()",-0.226402822033898
"5815",1,"STANDING","training data","tGravityAccMag-mean()",-0.984278207358491
"5816",1,"SITTING","training data","tGravityAccMag-mean()",-0.948536786170213
"5817",1,"LAYING","training data","tGravityAccMag-mean()",-0.8419291525
"5818",1,"WALKING","training data","tGravityAccMag-mean()",-0.136971176556842
"5819",1,"WALKING_DOWNSTAIRS","training data","tGravityAccMag-mean()",0.0271882914106122
"5820",1,"WALKING_UPSTAIRS","training data","tGravityAccMag-mean()",-0.129927630735849
"5821",3,"STANDING","training data","tGravityAccMag-mean()",-0.925430819016393
"5822",3,"SITTING","training data","tGravityAccMag-mean()",-0.895383350192308
"5823",3,"LAYING","training data","tGravityAccMag-mean()",-0.972791346129032
"5824",3,"WALKING","training data","tGravityAccMag-mean()",-0.254690333275862
"5825",3,"WALKING_DOWNSTAIRS","training data","tGravityAccMag-mean()",-0.0628126118283674
"5826",3,"WALKING_UPSTAIRS","training data","tGravityAccMag-mean()",-0.184014895
"5827",5,"STANDING","training data","tGravityAccMag-mean()",-0.906104701071429
"5828",5,"SITTING","training data","tGravityAccMag-mean()",-0.9379783225
"5829",5,"LAYING","training data","tGravityAccMag-mean()",-0.966777882884615
"5830",5,"WALKING","training data","tGravityAccMag-mean()",-0.158338674394643
"5831",5,"WALKING_DOWNSTAIRS","training data","tGravityAccMag-mean()",0.211138853638298
"5832",5,"WALKING_UPSTAIRS","training data","tGravityAccMag-mean()",0.0435562021989362
"5833",6,"STANDING","training data","tGravityAccMag-mean()",-0.945022876491228
"5834",6,"SITTING","training data","tGravityAccMag-mean()",-0.949543531272727
"5835",6,"LAYING","training data","tGravityAccMag-mean()",-0.918878850824561
"5836",6,"WALKING","training data","tGravityAccMag-mean()",-0.166840713631579
"5837",6,"WALKING_DOWNSTAIRS","training data","tGravityAccMag-mean()",0.333754731458333
"5838",6,"WALKING_UPSTAIRS","training data","tGravityAccMag-mean()",0.0177790974433333
"5839",7,"STANDING","training data","tGravityAccMag-mean()",-0.942724659245283
"5840",7,"SITTING","training data","tGravityAccMag-mean()",-0.918432107083333
"5841",7,"LAYING","training data","tGravityAccMag-mean()",-0.936392023846154
"5842",7,"WALKING","training data","tGravityAccMag-mean()",-0.0978090439438596
"5843",7,"WALKING_DOWNSTAIRS","training data","tGravityAccMag-mean()",0.0198795285851064
"5844",7,"WALKING_UPSTAIRS","training data","tGravityAccMag-mean()",-0.198074437978431
"5845",8,"STANDING","training data","tGravityAccMag-mean()",-0.953762884074074
"5846",8,"SITTING","training data","tGravityAccMag-mean()",-0.952139704347826
"5847",8,"LAYING","training data","tGravityAccMag-mean()",-0.935308633888889
"5848",8,"WALKING","training data","tGravityAccMag-mean()",0.0516786278104167
"5849",8,"WALKING_DOWNSTAIRS","training data","tGravityAccMag-mean()",0.176599311818421
"5850",8,"WALKING_UPSTAIRS","training data","tGravityAccMag-mean()",0.121026629195122
"5851",11,"STANDING","training data","tGravityAccMag-mean()",-0.984853836595745
"5852",11,"SITTING","training data","tGravityAccMag-mean()",-0.961970763773585
"5853",11,"LAYING","training data","tGravityAccMag-mean()",-0.980621180175439
"5854",11,"WALKING","training data","tGravityAccMag-mean()",-0.288323472033898
"5855",11,"WALKING_DOWNSTAIRS","training data","tGravityAccMag-mean()",0.126227657258696
"5856",11,"WALKING_UPSTAIRS","training data","tGravityAccMag-mean()",-0.132594623759259
"5857",14,"STANDING","training data","tGravityAccMag-mean()",-0.943456847333333
"5858",14,"SITTING","training data","tGravityAccMag-mean()",-0.944197943703704
"5859",14,"LAYING","training data","tGravityAccMag-mean()",-0.905978250196078
"5860",14,"WALKING","training data","tGravityAccMag-mean()",-0.144404671779661
"5861",14,"WALKING_DOWNSTAIRS","training data","tGravityAccMag-mean()",0.185537706866667
"5862",14,"WALKING_UPSTAIRS","training data","tGravityAccMag-mean()",0.140108204051852
"5863",15,"STANDING","training data","tGravityAccMag-mean()",-0.961207616226415
"5864",15,"SITTING","training data","tGravityAccMag-mean()",-0.958669836271186
"5865",15,"LAYING","training data","tGravityAccMag-mean()",-0.955340661527778
"5866",15,"WALKING","training data","tGravityAccMag-mean()",-0.186514650759259
"5867",15,"WALKING_DOWNSTAIRS","training data","tGravityAccMag-mean()",0.320449387166667
"5868",15,"WALKING_UPSTAIRS","training data","tGravityAccMag-mean()",-0.000971394711666667
"5869",16,"STANDING","training data","tGravityAccMag-mean()",-0.969948825128205
"5870",16,"SITTING","training data","tGravityAccMag-mean()",-0.961879680724638
"5871",16,"LAYING","training data","tGravityAccMag-mean()",-0.961834634857143
"5872",16,"WALKING","training data","tGravityAccMag-mean()",-0.258766694117647
"5873",16,"WALKING_DOWNSTAIRS","training data","tGravityAccMag-mean()",0.191079793587447
"5874",16,"WALKING_UPSTAIRS","training data","tGravityAccMag-mean()",-0.233990331568627
"5875",17,"STANDING","training data","tGravityAccMag-mean()",-0.977635981410256
"5876",17,"SITTING","training data","tGravityAccMag-mean()",-0.97274734640625
"5877",17,"LAYING","training data","tGravityAccMag-mean()",-0.953021411126761
"5878",17,"WALKING","training data","tGravityAccMag-mean()",-0.151151487704918
"5879",17,"WALKING_DOWNSTAIRS","training data","tGravityAccMag-mean()",0.148951103536087
"5880",17,"WALKING_UPSTAIRS","training data","tGravityAccMag-mean()",-0.0128062276916667
"5881",19,"STANDING","training data","tGravityAccMag-mean()",-0.960505683561644
"5882",19,"SITTING","training data","tGravityAccMag-mean()",-0.962074065616438
"5883",19,"LAYING","training data","tGravityAccMag-mean()",-0.96626080686747
"5884",19,"WALKING","training data","tGravityAccMag-mean()",0.0648173438653846
"5885",19,"WALKING_DOWNSTAIRS","training data","tGravityAccMag-mean()",0.644604325128205
"5886",19,"WALKING_UPSTAIRS","training data","tGravityAccMag-mean()",0.01738119347275
"5887",21,"STANDING","training data","tGravityAccMag-mean()",-0.958774298089888
"5888",21,"SITTING","training data","tGravityAccMag-mean()",-0.974734999411765
"5889",21,"LAYING","training data","tGravityAccMag-mean()",-0.952596583222222
"5890",21,"WALKING","training data","tGravityAccMag-mean()",-0.123455661519231
"5891",21,"WALKING_DOWNSTAIRS","training data","tGravityAccMag-mean()",0.245771699004444
"5892",21,"WALKING_UPSTAIRS","training data","tGravityAccMag-mean()",-0.0810453188106383
"5893",22,"STANDING","training data","tGravityAccMag-mean()",-0.954807661269841
"5894",22,"SITTING","training data","tGravityAccMag-mean()",-0.942167353870968
"5895",22,"LAYING","training data","tGravityAccMag-mean()",-0.934993799305556
"5896",22,"WALKING","training data","tGravityAccMag-mean()",0.0722419121669565
"5897",22,"WALKING_DOWNSTAIRS","training data","tGravityAccMag-mean()",0.330999221944444
"5898",22,"WALKING_UPSTAIRS","training data","tGravityAccMag-mean()",0.210282608333333
"5899",23,"STANDING","training data","tGravityAccMag-mean()",-0.957212267058824
"5900",23,"SITTING","training data","tGravityAccMag-mean()",-0.944080772941176
"5901",23,"LAYING","training data","tGravityAccMag-mean()",-0.962959196805556
"5902",23,"WALKING","training data","tGravityAccMag-mean()",-0.0988770198220339
"5903",23,"WALKING_DOWNSTAIRS","training data","tGravityAccMag-mean()",0.127211137694444
"5904",23,"WALKING_UPSTAIRS","training data","tGravityAccMag-mean()",-0.0117536873784314
"5905",25,"STANDING","training data","tGravityAccMag-mean()",-0.972663592162162
"5906",25,"SITTING","training data","tGravityAccMag-mean()",-0.970409337076923
"5907",25,"LAYING","training data","tGravityAccMag-mean()",-0.56047777609589
"5908",25,"WALKING","training data","tGravityAccMag-mean()",-0.40528943
"5909",25,"WALKING_DOWNSTAIRS","training data","tGravityAccMag-mean()",-0.22010859462069
"5910",25,"WALKING_UPSTAIRS","training data","tGravityAccMag-mean()",-0.305772199076923
"5911",26,"STANDING","training data","tGravityAccMag-mean()",-0.968511694324324
"5912",26,"SITTING","training data","tGravityAccMag-mean()",-0.953079994102564
"5913",26,"LAYING","training data","tGravityAccMag-mean()",-0.976785042368421
"5914",26,"WALKING","training data","tGravityAccMag-mean()",-0.223399171830508
"5915",26,"WALKING_DOWNSTAIRS","training data","tGravityAccMag-mean()",0.114379383742
"5916",26,"WALKING_UPSTAIRS","training data","tGravityAccMag-mean()",-0.142874499381818
"5917",27,"STANDING","training data","tGravityAccMag-mean()",-0.972753287375
"5918",27,"SITTING","training data","tGravityAccMag-mean()",-0.979481668857143
"5919",27,"LAYING","training data","tGravityAccMag-mean()",-0.982091652162162
"5920",27,"WALKING","training data","tGravityAccMag-mean()",-0.238853875263158
"5921",27,"WALKING_DOWNSTAIRS","training data","tGravityAccMag-mean()",0.108071382861364
"5922",27,"WALKING_UPSTAIRS","training data","tGravityAccMag-mean()",-0.160589355980392
"5923",28,"STANDING","training data","tGravityAccMag-mean()",-0.92547165164557
"5924",28,"SITTING","training data","tGravityAccMag-mean()",-0.955789708611111
"5925",28,"LAYING","training data","tGravityAccMag-mean()",-0.95811223025
"5926",28,"WALKING","training data","tGravityAccMag-mean()",-0.1806660203
"5927",28,"WALKING_DOWNSTAIRS","training data","tGravityAccMag-mean()",0.104359216580435
"5928",28,"WALKING_UPSTAIRS","training data","tGravityAccMag-mean()",-0.186240503960784
"5929",29,"STANDING","training data","tGravityAccMag-mean()",-0.984745318923077
"5930",29,"SITTING","training data","tGravityAccMag-mean()",-0.978017021833333
"5931",29,"LAYING","training data","tGravityAccMag-mean()",-0.986493196666667
"5932",29,"WALKING","training data","tGravityAccMag-mean()",-0.0955213393716981
"5933",29,"WALKING_DOWNSTAIRS","training data","tGravityAccMag-mean()",0.103705165666667
"5934",29,"WALKING_UPSTAIRS","training data","tGravityAccMag-mean()",0.00834360271428571
"5935",30,"STANDING","training data","tGravityAccMag-mean()",-0.930573574915254
"5936",30,"SITTING","training data","tGravityAccMag-mean()",-0.957487221451613
"5937",30,"LAYING","training data","tGravityAccMag-mean()",-0.969829984285714
"5938",30,"WALKING","training data","tGravityAccMag-mean()",-0.195140032969231
"5939",30,"WALKING_DOWNSTAIRS","training data","tGravityAccMag-mean()",-0.0373901122469355
"5940",30,"WALKING_UPSTAIRS","training data","tGravityAccMag-mean()",-0.137627857227385
"5941",2,"STANDING","test data","tGravityAccMag-std()",-0.957874965
"5942",2,"SITTING","test data","tGravityAccMag-std()",-0.953081444130435
"5943",2,"LAYING","test data","tGravityAccMag-std()",-0.972873912916667
"5944",2,"WALKING","test data","tGravityAccMag-std()",-0.422544169322034
"5945",2,"WALKING_DOWNSTAIRS","test data","tGravityAccMag-std()",0.215586334889362
"5946",2,"WALKING_UPSTAIRS","test data","tGravityAccMag-std()",-0.205977045295833
"5947",4,"STANDING","test data","tGravityAccMag-std()",-0.890976683392857
"5948",4,"SITTING","test data","tGravityAccMag-std()",-0.9144078448
"5949",4,"LAYING","test data","tGravityAccMag-std()",-0.931292216611111
"5950",4,"WALKING","test data","tGravityAccMag-std()",-0.527679103166667
"5951",4,"WALKING_DOWNSTAIRS","test data","tGravityAccMag-std()",-0.0819559041111111
"5952",4,"WALKING_UPSTAIRS","test data","tGravityAccMag-std()",-0.212012300480769
"5953",9,"STANDING","test data","tGravityAccMag-std()",-0.936105010444444
"5954",9,"SITTING","test data","tGravityAccMag-std()",-0.8637564342
"5955",9,"LAYING","test data","tGravityAccMag-std()",-0.91512680016
"5956",9,"WALKING","test data","tGravityAccMag-std()",-0.37942877
"5957",9,"WALKING_DOWNSTAIRS","test data","tGravityAccMag-std()",0.265120131365238
"5958",9,"WALKING_UPSTAIRS","test data","tGravityAccMag-std()",-0.400222037142857
"5959",10,"STANDING","test data","tGravityAccMag-std()",-0.937264537954545
"5960",10,"SITTING","test data","tGravityAccMag-std()",-0.939669591481481
"5961",10,"LAYING","test data","tGravityAccMag-std()",-0.940301654482759
"5962",10,"WALKING","test data","tGravityAccMag-std()",-0.185602396067925
"5963",10,"WALKING_DOWNSTAIRS","test data","tGravityAccMag-std()",0.156998205421053
"5964",10,"WALKING_UPSTAIRS","test data","tGravityAccMag-std()",-0.211537480214383
"5965",12,"STANDING","test data","tGravityAccMag-std()",-0.935232945245902
"5966",12,"SITTING","test data","tGravityAccMag-std()",-0.947517100196078
"5967",12,"LAYING","test data","tGravityAccMag-std()",-0.936542686833333
"5968",12,"WALKING","test data","tGravityAccMag-std()",-0.23697286882
"5969",12,"WALKING_DOWNSTAIRS","test data","tGravityAccMag-std()",0.0972608274652174
"5970",12,"WALKING_UPSTAIRS","test data","tGravityAccMag-std()",-0.285844036153846
"5971",13,"STANDING","test data","tGravityAccMag-std()",-0.968519673859649
"5972",13,"SITTING","test data","tGravityAccMag-std()",-0.937935738571429
"5973",13,"LAYING","test data","tGravityAccMag-std()",-0.947944746612903
"5974",13,"WALKING","test data","tGravityAccMag-std()",-0.292546377017544
"5975",13,"WALKING_DOWNSTAIRS","test data","tGravityAccMag-std()",-0.0156098198829787
"5976",13,"WALKING_UPSTAIRS","test data","tGravityAccMag-std()",-0.326339622181818
"5977",18,"STANDING","test data","tGravityAccMag-std()",-0.972285545479452
"5978",18,"SITTING","test data","tGravityAccMag-std()",-0.981595285964912
"5979",18,"LAYING","test data","tGravityAccMag-std()",-0.986464542615385
"5980",18,"WALKING","test data","tGravityAccMag-std()",-0.460346465357143
"5981",18,"WALKING_DOWNSTAIRS","test data","tGravityAccMag-std()",-0.229934247036364
"5982",18,"WALKING_UPSTAIRS","test data","tGravityAccMag-std()",-0.37184157
"5983",20,"STANDING","test data","tGravityAccMag-std()",-0.910672094794521
"5984",20,"SITTING","test data","tGravityAccMag-std()",-0.937764028181818
"5985",20,"LAYING","test data","tGravityAccMag-std()",-0.939489444558824
"5986",20,"WALKING","test data","tGravityAccMag-std()",-0.156930391921569
"5987",20,"WALKING_DOWNSTAIRS","test data","tGravityAccMag-std()",0.172636361444444
"5988",20,"WALKING_UPSTAIRS","test data","tGravityAccMag-std()",-0.198269718823529
"5989",24,"STANDING","test data","tGravityAccMag-std()",-0.94790101173913
"5990",24,"SITTING","test data","tGravityAccMag-std()",-0.963779683235294
"5991",24,"LAYING","test data","tGravityAccMag-std()",-0.969354834166667
"5992",24,"WALKING","test data","tGravityAccMag-std()",-0.48106401862069
"5993",24,"WALKING_DOWNSTAIRS","test data","tGravityAccMag-std()",-0.0224839122854545
"5994",24,"WALKING_UPSTAIRS","test data","tGravityAccMag-std()",-0.30685447
"5995",1,"STANDING","training data","tGravityAccMag-std()",-0.981942928867925
"5996",1,"SITTING","training data","tGravityAccMag-std()",-0.927078418723404
"5997",1,"LAYING","training data","tGravityAccMag-std()",-0.79514486386
"5998",1,"WALKING","training data","tGravityAccMag-std()",-0.219688645631579
"5999",1,"WALKING_DOWNSTAIRS","training data","tGravityAccMag-std()",0.0198843506265306
"6000",1,"WALKING_UPSTAIRS","training data","tGravityAccMag-std()",-0.324970929245283
"6001",3,"STANDING","training data","tGravityAccMag-std()",-0.915143303606557
"6002",3,"SITTING","training data","tGravityAccMag-std()",-0.8703017
"6003",3,"LAYING","training data","tGravityAccMag-std()",-0.964218176451613
"6004",3,"WALKING","training data","tGravityAccMag-std()",-0.328428936551724
"6005",3,"WALKING_DOWNSTAIRS","training data","tGravityAccMag-std()",-0.0411340078469388
"6006",3,"WALKING_UPSTAIRS","training data","tGravityAccMag-std()",-0.333597432542373
"6007",5,"STANDING","training data","tGravityAccMag-std()",-0.87977380125
"6008",5,"SITTING","training data","tGravityAccMag-std()",-0.920939027727273
"6009",5,"LAYING","training data","tGravityAccMag-std()",-0.958612786346154
"6010",5,"WALKING","training data","tGravityAccMag-std()",-0.377178733392857
"6011",5,"WALKING_DOWNSTAIRS","training data","tGravityAccMag-std()",0.205422375957447
"6012",5,"WALKING_UPSTAIRS","training data","tGravityAccMag-std()",-0.136736383765957
"6013",6,"STANDING","training data","tGravityAccMag-std()",-0.939310249649123
"6014",6,"SITTING","training data","tGravityAccMag-std()",-0.931572655636364
"6015",6,"LAYING","training data","tGravityAccMag-std()",-0.897326245964912
"6016",6,"WALKING","training data","tGravityAccMag-std()",-0.266734167368421
"6017",6,"WALKING_DOWNSTAIRS","training data","tGravityAccMag-std()",0.373611914166667
"6018",6,"WALKING_UPSTAIRS","training data","tGravityAccMag-std()",-0.0791508842176471
"6019",7,"STANDING","training data","tGravityAccMag-std()",-0.933590156792453
"6020",7,"SITTING","training data","tGravityAccMag-std()",-0.881957619770833
"6021",7,"LAYING","training data","tGravityAccMag-std()",-0.907039513153846
"6022",7,"WALKING","training data","tGravityAccMag-std()",-0.198554708385965
"6023",7,"WALKING_DOWNSTAIRS","training data","tGravityAccMag-std()",0.214544028088723
"6024",7,"WALKING_UPSTAIRS","training data","tGravityAccMag-std()",-0.33474460745098
"6025",8,"STANDING","training data","tGravityAccMag-std()",-0.937187185222222
"6026",8,"SITTING","training data","tGravityAccMag-std()",-0.929943615630435
"6027",8,"LAYING","training data","tGravityAccMag-std()",-0.91325033
"6028",8,"WALKING","training data","tGravityAccMag-std()",-0.1804072826
"6029",8,"WALKING_DOWNSTAIRS","training data","tGravityAccMag-std()",0.131337867236842
"6030",8,"WALKING_UPSTAIRS","training data","tGravityAccMag-std()",-0.227200254219512
"6031",11,"STANDING","training data","tGravityAccMag-std()",-0.98030536893617
"6032",11,"SITTING","training data","tGravityAccMag-std()",-0.944581826415094
"6033",11,"LAYING","training data","tGravityAccMag-std()",-0.972891829473684
"6034",11,"WALKING","training data","tGravityAccMag-std()",-0.487735915084746
"6035",11,"WALKING_DOWNSTAIRS","training data","tGravityAccMag-std()",0.0507743652521739
"6036",11,"WALKING_UPSTAIRS","training data","tGravityAccMag-std()",-0.289592148148148
"6037",14,"STANDING","training data","tGravityAccMag-std()",-0.936735577166667
"6038",14,"SITTING","training data","tGravityAccMag-std()",-0.92549582962963
"6039",14,"LAYING","training data","tGravityAccMag-std()",-0.856593119215686
"6040",14,"WALKING","training data","tGravityAccMag-std()",-0.36380562779661
"6041",14,"WALKING_DOWNSTAIRS","training data","tGravityAccMag-std()",0.428405922622222
"6042",14,"WALKING_UPSTAIRS","training data","tGravityAccMag-std()",-0.0197686685018519
"6043",15,"STANDING","training data","tGravityAccMag-std()",-0.948600432641509
"6044",15,"SITTING","training data","tGravityAccMag-std()",-0.93797790559322
"6045",15,"LAYING","training data","tGravityAccMag-std()",-0.943314107916667
"6046",15,"WALKING","training data","tGravityAccMag-std()",-0.323878324074074
"6047",15,"WALKING_DOWNSTAIRS","training data","tGravityAccMag-std()",0.353204008095238
"6048",15,"WALKING_UPSTAIRS","training data","tGravityAccMag-std()",-0.136552217494583
"6049",16,"STANDING","training data","tGravityAccMag-std()",-0.95729449448718
"6050",16,"SITTING","training data","tGravityAccMag-std()",-0.941051236086957
"6051",16,"LAYING","training data","tGravityAccMag-std()",-0.957895927714286
"6052",16,"WALKING","training data","tGravityAccMag-std()",-0.47180926745098
"6053",16,"WALKING_DOWNSTAIRS","training data","tGravityAccMag-std()",0.119183740638298
"6054",16,"WALKING_UPSTAIRS","training data","tGravityAccMag-std()",-0.334795080196078
"6055",17,"STANDING","training data","tGravityAccMag-std()",-0.975377309871795
"6056",17,"SITTING","training data","tGravityAccMag-std()",-0.96506519109375
"6057",17,"LAYING","training data","tGravityAccMag-std()",-0.948257993521127
"6058",17,"WALKING","training data","tGravityAccMag-std()",-0.461837866885246
"6059",17,"WALKING_DOWNSTAIRS","training data","tGravityAccMag-std()",0.0914076757326087
"6060",17,"WALKING_UPSTAIRS","training data","tGravityAccMag-std()",-0.1028777303875
"6061",19,"STANDING","training data","tGravityAccMag-std()",-0.962549342465753
"6062",19,"SITTING","training data","tGravityAccMag-std()",-0.951755657260274
"6063",19,"LAYING","training data","tGravityAccMag-std()",-0.963193489036145
"6064",19,"WALKING","training data","tGravityAccMag-std()",-0.0993927171359615
"6065",19,"WALKING_DOWNSTAIRS","training data","tGravityAccMag-std()",0.413472376589744
"6066",19,"WALKING_UPSTAIRS","training data","tGravityAccMag-std()",-0.177666828025
"6067",21,"STANDING","training data","tGravityAccMag-std()",-0.956919898202247
"6068",21,"SITTING","training data","tGravityAccMag-std()",-0.971994251294118
"6069",21,"LAYING","training data","tGravityAccMag-std()",-0.942186431444444
"6070",21,"WALKING","training data","tGravityAccMag-std()",-0.299709752173077
"6071",21,"WALKING_DOWNSTAIRS","training data","tGravityAccMag-std()",0.264341903711111
"6072",21,"WALKING_UPSTAIRS","training data","tGravityAccMag-std()",-0.278474283829787
"6073",22,"STANDING","training data","tGravityAccMag-std()",-0.939866315079365
"6074",22,"SITTING","training data","tGravityAccMag-std()",-0.924336184035484
"6075",22,"LAYING","training data","tGravityAccMag-std()",-0.909407761152778
"6076",22,"WALKING","training data","tGravityAccMag-std()",-0.161591787478261
"6077",22,"WALKING_DOWNSTAIRS","training data","tGravityAccMag-std()",0.133267478527222
"6078",22,"WALKING_UPSTAIRS","training data","tGravityAccMag-std()",-0.158757474833333
"6079",23,"STANDING","training data","tGravityAccMag-std()",-0.9516698575
"6080",23,"SITTING","training data","tGravityAccMag-std()",-0.924963263235294
"6081",23,"LAYING","training data","tGravityAccMag-std()",-0.957871990555555
"6082",23,"WALKING","training data","tGravityAccMag-std()",-0.209989354570847
"6083",23,"WALKING_DOWNSTAIRS","training data","tGravityAccMag-std()",0.230363964351852
"6084",23,"WALKING_UPSTAIRS","training data","tGravityAccMag-std()",-0.271893714117647
"6085",25,"STANDING","training data","tGravityAccMag-std()",-0.968075629324324
"6086",25,"SITTING","training data","tGravityAccMag-std()",-0.960003414461538
"6087",25,"LAYING","training data","tGravityAccMag-std()",-0.649254767945205
"6088",25,"WALKING","training data","tGravityAccMag-std()",-0.565601466081081
"6089",25,"WALKING_DOWNSTAIRS","training data","tGravityAccMag-std()",-0.259465249913793
"6090",25,"WALKING_UPSTAIRS","training data","tGravityAccMag-std()",-0.480006649846154
"6091",26,"STANDING","training data","tGravityAccMag-std()",-0.962697299189189
"6092",26,"SITTING","training data","tGravityAccMag-std()",-0.933602783410256
"6093",26,"LAYING","training data","tGravityAccMag-std()",-0.964355190394737
"6094",26,"WALKING","training data","tGravityAccMag-std()",-0.421848313898305
"6095",26,"WALKING_DOWNSTAIRS","training data","tGravityAccMag-std()",0.14700167906
"6096",26,"WALKING_UPSTAIRS","training data","tGravityAccMag-std()",-0.1507071068
"6097",27,"STANDING","training data","tGravityAccMag-std()",-0.9663601145
"6098",27,"SITTING","training data","tGravityAccMag-std()",-0.969526674714286
"6099",27,"LAYING","training data","tGravityAccMag-std()",-0.978920176216216
"6100",27,"WALKING","training data","tGravityAccMag-std()",-0.407355787017544
"6101",27,"WALKING_DOWNSTAIRS","training data","tGravityAccMag-std()",0.121176277863636
"6102",27,"WALKING_UPSTAIRS","training data","tGravityAccMag-std()",-0.37994878627451
"6103",28,"STANDING","training data","tGravityAccMag-std()",-0.917658334177215
"6104",28,"SITTING","training data","tGravityAccMag-std()",-0.947782703333333
"6105",28,"LAYING","training data","tGravityAccMag-std()",-0.9545740295
"6106",28,"WALKING","training data","tGravityAccMag-std()",-0.39269402
"6107",28,"WALKING_DOWNSTAIRS","training data","tGravityAccMag-std()",0.135465563932609
"6108",28,"WALKING_UPSTAIRS","training data","tGravityAccMag-std()",-0.211928666470588
"6109",29,"STANDING","training data","tGravityAccMag-std()",-0.981745712923077
"6110",29,"SITTING","training data","tGravityAccMag-std()",-0.9692903165
"6111",29,"LAYING","training data","tGravityAccMag-std()",-0.981572147681159
"6112",29,"WALKING","training data","tGravityAccMag-std()",-0.262695063584906
"6113",29,"WALKING_DOWNSTAIRS","training data","tGravityAccMag-std()",0.1344811501875
"6114",29,"WALKING_UPSTAIRS","training data","tGravityAccMag-std()",-0.0414696051693878
"6115",30,"STANDING","training data","tGravityAccMag-std()",-0.916570441355932
"6116",30,"SITTING","training data","tGravityAccMag-std()",-0.942901466612903
"6117",30,"LAYING","training data","tGravityAccMag-std()",-0.960167907285714
"6118",30,"WALKING","training data","tGravityAccMag-std()",-0.359873411538462
"6119",30,"WALKING_DOWNSTAIRS","training data","tGravityAccMag-std()",-0.0135771208822581
"6120",30,"WALKING_UPSTAIRS","training data","tGravityAccMag-std()",-0.327410815861538
"6121",2,"STANDING","test data","tBodyAccJerkMag-mean()",-0.980489077407407
"6122",2,"SITTING","test data","tBodyAccJerkMag-mean()",-0.986774713043478
"6123",2,"LAYING","test data","tBodyAccJerkMag-mean()",-0.987741696041667
"6124",2,"WALKING","test data","tBodyAccJerkMag-mean()",-0.281424153881356
"6125",2,"WALKING_DOWNSTAIRS","test data","tBodyAccJerkMag-mean()",0.00565516335106383
"6126",2,"WALKING_UPSTAIRS","test data","tBodyAccJerkMag-mean()",-0.321268911041667
"6127",4,"STANDING","test data","tBodyAccJerkMag-mean()",-0.963370738392857
"6128",4,"SITTING","test data","tBodyAccJerkMag-mean()",-0.9701322836
"6129",4,"LAYING","test data","tBodyAccJerkMag-mean()",-0.970095771666667
"6130",4,"WALKING","test data","tBodyAccJerkMag-mean()",-0.366700879833333
"6131",4,"WALKING_DOWNSTAIRS","test data","tBodyAccJerkMag-mean()",-0.228851413747333
"6132",4,"WALKING_UPSTAIRS","test data","tBodyAccJerkMag-mean()",-0.400922254807692
"6133",9,"STANDING","test data","tBodyAccJerkMag-mean()",-0.969524578888889
"6134",9,"SITTING","test data","tBodyAccJerkMag-mean()",-0.964383757
"6135",9,"LAYING","test data","tBodyAccJerkMag-mean()",-0.9633745492
"6136",9,"WALKING","test data","tBodyAccJerkMag-mean()",-0.203733615519231
"6137",9,"WALKING_DOWNSTAIRS","test data","tBodyAccJerkMag-mean()",-0.16237608927619
"6138",9,"WALKING_UPSTAIRS","test data","tBodyAccJerkMag-mean()",-0.440667540204082
"6139",10,"STANDING","test data","tBodyAccJerkMag-mean()",-0.965163818409091
"6140",10,"SITTING","test data","tBodyAccJerkMag-mean()",-0.988054237592593
"6141",10,"LAYING","test data","tBodyAccJerkMag-mean()",-0.976234435172414
"6142",10,"WALKING","test data","tBodyAccJerkMag-mean()",-0.132624992298283
"6143",10,"WALKING_DOWNSTAIRS","test data","tBodyAccJerkMag-mean()",0.0507010228431579
"6144",10,"WALKING_UPSTAIRS","test data","tBodyAccJerkMag-mean()",-0.262038042446809
"6145",12,"STANDING","test data","tBodyAccJerkMag-mean()",-0.968790683278689
"6146",12,"SITTING","test data","tBodyAccJerkMag-mean()",-0.974734489803922
"6147",12,"LAYING","test data","tBodyAccJerkMag-mean()",-0.969843834166667
"6148",12,"WALKING","test data","tBodyAccJerkMag-mean()",-0.144064922688
"6149",12,"WALKING_DOWNSTAIRS","test data","tBodyAccJerkMag-mean()",-0.107091019565217
"6150",12,"WALKING_UPSTAIRS","test data","tBodyAccJerkMag-mean()",-0.432469300961538
"6151",13,"STANDING","test data","tBodyAccJerkMag-mean()",-0.98680002754386
"6152",13,"SITTING","test data","tBodyAccJerkMag-mean()",-0.989497838979592
"6153",13,"LAYING","test data","tBodyAccJerkMag-mean()",-0.985467853870968
"6154",13,"WALKING","test data","tBodyAccJerkMag-mean()",-0.133205034736842
"6155",13,"WALKING_DOWNSTAIRS","test data","tBodyAccJerkMag-mean()",-0.127926051502128
"6156",13,"WALKING_UPSTAIRS","test data","tBodyAccJerkMag-mean()",-0.456190454
"6157",18,"STANDING","test data","tBodyAccJerkMag-mean()",-0.98596529369863
"6158",18,"SITTING","test data","tBodyAccJerkMag-mean()",-0.989869574561404
"6159",18,"LAYING","test data","tBodyAccJerkMag-mean()",-0.98832154
"6160",18,"WALKING","test data","tBodyAccJerkMag-mean()",-0.379269262142857
"6161",18,"WALKING_DOWNSTAIRS","test data","tBodyAccJerkMag-mean()",-0.466516044
"6162",18,"WALKING_UPSTAIRS","test data","tBodyAccJerkMag-mean()",-0.601463948275862
"6163",20,"STANDING","test data","tBodyAccJerkMag-mean()",-0.956624899041096
"6164",20,"SITTING","test data","tBodyAccJerkMag-mean()",-0.978774578333333
"6165",20,"LAYING","test data","tBodyAccJerkMag-mean()",-0.984670073823529
"6166",20,"WALKING","test data","tBodyAccJerkMag-mean()",-0.0429359302764706
"6167",20,"WALKING_DOWNSTAIRS","test data","tBodyAccJerkMag-mean()",-0.0612699838466667
"6168",20,"WALKING_UPSTAIRS","test data","tBodyAccJerkMag-mean()",-0.255611242098039
"6169",24,"STANDING","test data","tBodyAccJerkMag-mean()",-0.977620953913043
"6170",24,"SITTING","test data","tBodyAccJerkMag-mean()",-0.985555822352941
"6171",24,"LAYING","test data","tBodyAccJerkMag-mean()",-0.985529270555556
"6172",24,"WALKING","test data","tBodyAccJerkMag-mean()",-0.399722201034483
"6173",24,"WALKING_DOWNSTAIRS","test data","tBodyAccJerkMag-mean()",-0.263106944836364
"6174",24,"WALKING_UPSTAIRS","test data","tBodyAccJerkMag-mean()",-0.488487620508475
"6175",1,"STANDING","training data","tBodyAccJerkMag-mean()",-0.992367790566038
"6176",1,"SITTING","training data","tBodyAccJerkMag-mean()",-0.987364195531915
"6177",1,"LAYING","training data","tBodyAccJerkMag-mean()",-0.9543962646
"6178",1,"WALKING","training data","tBodyAccJerkMag-mean()",-0.141428809031579
"6179",1,"WALKING_DOWNSTAIRS","training data","tBodyAccJerkMag-mean()",-0.0894474807979592
"6180",1,"WALKING_UPSTAIRS","training data","tBodyAccJerkMag-mean()",-0.466503446226415
"6181",3,"STANDING","training data","tBodyAccJerkMag-mean()",-0.959303840327869
"6182",3,"SITTING","training data","tBodyAccJerkMag-mean()",-0.969080752884615
"6183",3,"LAYING","training data","tBodyAccJerkMag-mean()",-0.979484593387097
"6184",3,"WALKING","training data","tBodyAccJerkMag-mean()",-0.280009317413793
"6185",3,"WALKING_DOWNSTAIRS","training data","tBodyAccJerkMag-mean()",-0.205239246653061
"6186",3,"WALKING_UPSTAIRS","training data","tBodyAccJerkMag-mean()",-0.436901159491525
"6187",5,"STANDING","training data","tBodyAccJerkMag-mean()",-0.956863566071429
"6188",5,"SITTING","training data","tBodyAccJerkMag-mean()",-0.969320155681818
"6189",5,"LAYING","training data","tBodyAccJerkMag-mean()",-0.980141253846154
"6190",5,"WALKING","training data","tBodyAccJerkMag-mean()",-0.288333024071429
"6191",5,"WALKING_DOWNSTAIRS","training data","tBodyAccJerkMag-mean()",-0.0637528559361702
"6192",5,"WALKING_UPSTAIRS","training data","tBodyAccJerkMag-mean()",-0.247403476914894
"6193",6,"STANDING","training data","tBodyAccJerkMag-mean()",-0.967102436140351
"6194",6,"SITTING","training data","tBodyAccJerkMag-mean()",-0.962733502
"6195",6,"LAYING","training data","tBodyAccJerkMag-mean()",-0.954750504912281
"6196",6,"WALKING","training data","tBodyAccJerkMag-mean()",-0.195117026052632
"6197",6,"WALKING_DOWNSTAIRS","training data","tBodyAccJerkMag-mean()",0.10384507225
"6198",6,"WALKING_UPSTAIRS","training data","tBodyAccJerkMag-mean()",-0.207379799254902
"6199",7,"STANDING","training data","tBodyAccJerkMag-mean()",-0.973381306226415
"6200",7,"SITTING","training data","tBodyAccJerkMag-mean()",-0.976559676458333
"6201",7,"LAYING","training data","tBodyAccJerkMag-mean()",-0.980127239615385
"6202",7,"WALKING","training data","tBodyAccJerkMag-mean()",-0.192948900438596
"6203",7,"WALKING_DOWNSTAIRS","training data","tBodyAccJerkMag-mean()",-0.170319619372979
"6204",7,"WALKING_UPSTAIRS","training data","tBodyAccJerkMag-mean()",-0.458695232352941
"6205",8,"STANDING","training data","tBodyAccJerkMag-mean()",-0.984920797777778
"6206",8,"SITTING","training data","tBodyAccJerkMag-mean()",-0.986061512173913
"6207",8,"LAYING","training data","tBodyAccJerkMag-mean()",-0.97314748962963
"6208",8,"WALKING","training data","tBodyAccJerkMag-mean()",-0.0668322430433333
"6209",8,"WALKING_DOWNSTAIRS","training data","tBodyAccJerkMag-mean()",0.262628490268421
"6210",8,"WALKING_UPSTAIRS","training data","tBodyAccJerkMag-mean()",-0.141494613465854
"6211",11,"STANDING","training data","tBodyAccJerkMag-mean()",-0.989242377234043
"6212",11,"SITTING","training data","tBodyAccJerkMag-mean()",-0.97935563509434
"6213",11,"LAYING","training data","tBodyAccJerkMag-mean()",-0.983330628421053
"6214",11,"WALKING","training data","tBodyAccJerkMag-mean()",-0.402333202033898
"6215",11,"WALKING_DOWNSTAIRS","training data","tBodyAccJerkMag-mean()",-0.198206139934783
"6216",11,"WALKING_UPSTAIRS","training data","tBodyAccJerkMag-mean()",-0.509587701296296
"6217",14,"STANDING","training data","tBodyAccJerkMag-mean()",-0.972965788166667
"6218",14,"SITTING","training data","tBodyAccJerkMag-mean()",-0.976521006111111
"6219",14,"LAYING","training data","tBodyAccJerkMag-mean()",-0.972576392941176
"6220",14,"WALKING","training data","tBodyAccJerkMag-mean()",-0.377293155084746
"6221",14,"WALKING_DOWNSTAIRS","training data","tBodyAccJerkMag-mean()",0.0353601375466667
"6222",14,"WALKING_UPSTAIRS","training data","tBodyAccJerkMag-mean()",-0.28366383592037
"6223",15,"STANDING","training data","tBodyAccJerkMag-mean()",-0.981495125660377
"6224",15,"SITTING","training data","tBodyAccJerkMag-mean()",-0.986107839152542
"6225",15,"LAYING","training data","tBodyAccJerkMag-mean()",-0.979890228194444
"6226",15,"WALKING","training data","tBodyAccJerkMag-mean()",-0.320129322962963
"6227",15,"WALKING_DOWNSTAIRS","training data","tBodyAccJerkMag-mean()",-0.0372666071540476
"6228",15,"WALKING_UPSTAIRS","training data","tBodyAccJerkMag-mean()",-0.316050382083333
"6229",16,"STANDING","training data","tBodyAccJerkMag-mean()",-0.989205231794872
"6230",16,"SITTING","training data","tBodyAccJerkMag-mean()",-0.987472699130435
"6231",16,"LAYING","training data","tBodyAccJerkMag-mean()",-0.988349656571429
"6232",16,"WALKING","training data","tBodyAccJerkMag-mean()",-0.363144483529412
"6233",16,"WALKING_DOWNSTAIRS","training data","tBodyAccJerkMag-mean()",-0.165908810808511
"6234",16,"WALKING_UPSTAIRS","training data","tBodyAccJerkMag-mean()",-0.48321905
"6235",17,"STANDING","training data","tBodyAccJerkMag-mean()",-0.991742753589744
"6236",17,"SITTING","training data","tBodyAccJerkMag-mean()",-0.99281471515625
"6237",17,"LAYING","training data","tBodyAccJerkMag-mean()",-0.981607627887324
"6238",17,"WALKING","training data","tBodyAccJerkMag-mean()",-0.301093269180328
"6239",17,"WALKING_DOWNSTAIRS","training data","tBodyAccJerkMag-mean()",-0.221631694184783
"6240",17,"WALKING_UPSTAIRS","training data","tBodyAccJerkMag-mean()",-0.357233897916667
"6241",19,"STANDING","training data","tBodyAccJerkMag-mean()",-0.983068923561644
"6242",19,"SITTING","training data","tBodyAccJerkMag-mean()",-0.986423976027397
"6243",19,"LAYING","training data","tBodyAccJerkMag-mean()",-0.98478434
"6244",19,"WALKING","training data","tBodyAccJerkMag-mean()",0.109450990201923
"6245",19,"WALKING_DOWNSTAIRS","training data","tBodyAccJerkMag-mean()",0.434490400974359
"6246",19,"WALKING_UPSTAIRS","training data","tBodyAccJerkMag-mean()",-0.114189605875
"6247",21,"STANDING","training data","tBodyAccJerkMag-mean()",-0.974765161910112
"6248",21,"SITTING","training data","tBodyAccJerkMag-mean()",-0.985947225176471
"6249",21,"LAYING","training data","tBodyAccJerkMag-mean()",-0.982800330555556
"6250",21,"WALKING","training data","tBodyAccJerkMag-mean()",-0.148138991523077
"6251",21,"WALKING_DOWNSTAIRS","training data","tBodyAccJerkMag-mean()",-0.0802241799933333
"6252",21,"WALKING_UPSTAIRS","training data","tBodyAccJerkMag-mean()",-0.355047693617021
"6253",22,"STANDING","training data","tBodyAccJerkMag-mean()",-0.975876006507936
"6254",22,"SITTING","training data","tBodyAccJerkMag-mean()",-0.979303714032258
"6255",22,"LAYING","training data","tBodyAccJerkMag-mean()",-0.971169779305556
"6256",22,"WALKING","training data","tBodyAccJerkMag-mean()",0.02291996735
"6257",22,"WALKING_DOWNSTAIRS","training data","tBodyAccJerkMag-mean()",-0.0179784626888889
"6258",22,"WALKING_UPSTAIRS","training data","tBodyAccJerkMag-mean()",-0.0957840344357143
"6259",23,"STANDING","training data","tBodyAccJerkMag-mean()",-0.978671485441176
"6260",23,"SITTING","training data","tBodyAccJerkMag-mean()",-0.982375503382353
"6261",23,"LAYING","training data","tBodyAccJerkMag-mean()",-0.987010197361111
"6262",23,"WALKING","training data","tBodyAccJerkMag-mean()",-0.0670819655881356
"6263",23,"WALKING_DOWNSTAIRS","training data","tBodyAccJerkMag-mean()",0.112982475627778
"6264",23,"WALKING_UPSTAIRS","training data","tBodyAccJerkMag-mean()",-0.311143885098039
"6265",25,"STANDING","training data","tBodyAccJerkMag-mean()",-0.984647071216216
"6266",25,"SITTING","training data","tBodyAccJerkMag-mean()",-0.989545142461538
"6267",25,"LAYING","training data","tBodyAccJerkMag-mean()",-0.962161355890411
"6268",25,"WALKING","training data","tBodyAccJerkMag-mean()",-0.538291424594595
"6269",25,"WALKING_DOWNSTAIRS","training data","tBodyAccJerkMag-mean()",-0.50048333137931
"6270",25,"WALKING_UPSTAIRS","training data","tBodyAccJerkMag-mean()",-0.679160843538462
"6271",26,"STANDING","training data","tBodyAccJerkMag-mean()",-0.986985213648649
"6272",26,"SITTING","training data","tBodyAccJerkMag-mean()",-0.990898435769231
"6273",26,"LAYING","training data","tBodyAccJerkMag-mean()",-0.989970604210526
"6274",26,"WALKING","training data","tBodyAccJerkMag-mean()",-0.290758024915254
"6275",26,"WALKING_DOWNSTAIRS","training data","tBodyAccJerkMag-mean()",-0.1488562664
"6276",26,"WALKING_UPSTAIRS","training data","tBodyAccJerkMag-mean()",-0.404463896363636
"6277",27,"STANDING","training data","tBodyAccJerkMag-mean()",-0.985347620125
"6278",27,"SITTING","training data","tBodyAccJerkMag-mean()",-0.989467178285714
"6279",27,"LAYING","training data","tBodyAccJerkMag-mean()",-0.988372773648649
"6280",27,"WALKING","training data","tBodyAccJerkMag-mean()",-0.230500549298246
"6281",27,"WALKING_DOWNSTAIRS","training data","tBodyAccJerkMag-mean()",-0.115421210625
"6282",27,"WALKING_UPSTAIRS","training data","tBodyAccJerkMag-mean()",-0.479067422156863
"6283",28,"STANDING","training data","tBodyAccJerkMag-mean()",-0.959551987468354
"6284",28,"SITTING","training data","tBodyAccJerkMag-mean()",-0.973274366805556
"6285",28,"LAYING","training data","tBodyAccJerkMag-mean()",-0.978455341875
"6286",28,"WALKING","training data","tBodyAccJerkMag-mean()",-0.299223359444444
"6287",28,"WALKING_DOWNSTAIRS","training data","tBodyAccJerkMag-mean()",-0.0707560279130435
"6288",28,"WALKING_UPSTAIRS","training data","tBodyAccJerkMag-mean()",-0.388086248235294
"6289",29,"STANDING","training data","tBodyAccJerkMag-mean()",-0.990785419538462
"6290",29,"SITTING","training data","tBodyAccJerkMag-mean()",-0.990719807666667
"6291",29,"LAYING","training data","tBodyAccJerkMag-mean()",-0.992725367826087
"6292",29,"WALKING","training data","tBodyAccJerkMag-mean()",-0.240231677415094
"6293",29,"WALKING_DOWNSTAIRS","training data","tBodyAccJerkMag-mean()",-0.138637624454167
"6294",29,"WALKING_UPSTAIRS","training data","tBodyAccJerkMag-mean()",-0.344324833061224
"6295",30,"STANDING","training data","tBodyAccJerkMag-mean()",-0.971225190169491
"6296",30,"SITTING","training data","tBodyAccJerkMag-mean()",-0.987799055645161
"6297",30,"LAYING","training data","tBodyAccJerkMag-mean()",-0.97923282
"6298",30,"WALKING","training data","tBodyAccJerkMag-mean()",-0.352111713846154
"6299",30,"WALKING_DOWNSTAIRS","training data","tBodyAccJerkMag-mean()",-0.293738801622581
"6300",30,"WALKING_UPSTAIRS","training data","tBodyAccJerkMag-mean()",-0.596600099538461
"6301",2,"STANDING","test data","tBodyAccJerkMag-std()",-0.976675280185185
"6302",2,"SITTING","test data","tBodyAccJerkMag-std()",-0.984475868043478
"6303",2,"LAYING","test data","tBodyAccJerkMag-std()",-0.98551807625
"6304",2,"WALKING","test data","tBodyAccJerkMag-std()",-0.164150985127119
"6305",2,"WALKING_DOWNSTAIRS","test data","tBodyAccJerkMag-std()",0.22961718512766
"6306",2,"WALKING_UPSTAIRS","test data","tBodyAccJerkMag-std()",-0.21738939458125
"6307",4,"STANDING","test data","tBodyAccJerkMag-std()",-0.958159482142857
"6308",4,"SITTING","test data","tBodyAccJerkMag-std()",-0.9625491104
"6309",4,"LAYING","test data","tBodyAccJerkMag-std()",-0.960786430740741
"6310",4,"WALKING","test data","tBodyAccJerkMag-std()",-0.316918956
"6311",4,"WALKING_DOWNSTAIRS","test data","tBodyAccJerkMag-std()",-0.216858921977778
"6312",4,"WALKING_UPSTAIRS","test data","tBodyAccJerkMag-std()",-0.437261477884615
"6313",9,"STANDING","test data","tBodyAccJerkMag-std()",-0.963764177777778
"6314",9,"SITTING","test data","tBodyAccJerkMag-std()",-0.9517802432
"6315",9,"LAYING","test data","tBodyAccJerkMag-std()",-0.9550268052
"6316",9,"WALKING","test data","tBodyAccJerkMag-std()",-0.317113487115385
"6317",9,"WALKING_DOWNSTAIRS","test data","tBodyAccJerkMag-std()",0.039907818552381
"6318",9,"WALKING_UPSTAIRS","test data","tBodyAccJerkMag-std()",-0.445485397959184
"6319",10,"STANDING","test data","tBodyAccJerkMag-std()",-0.952058214545455
"6320",10,"SITTING","test data","tBodyAccJerkMag-std()",-0.985209856296296
"6321",10,"LAYING","test data","tBodyAccJerkMag-std()",-0.967556980689655
"6322",10,"WALKING","test data","tBodyAccJerkMag-std()",0.037608338009434
"6323",10,"WALKING_DOWNSTAIRS","test data","tBodyAccJerkMag-std()",0.110877231263158
"6324",10,"WALKING_UPSTAIRS","test data","tBodyAccJerkMag-std()",-0.226010197889362
"6325",12,"STANDING","test data","tBodyAccJerkMag-std()",-0.962678857213115
"6326",12,"SITTING","test data","tBodyAccJerkMag-std()",-0.972745892745098
"6327",12,"LAYING","test data","tBodyAccJerkMag-std()",-0.962580915166667
"6328",12,"WALKING","test data","tBodyAccJerkMag-std()",-0.02028505044
"6329",12,"WALKING_DOWNSTAIRS","test data","tBodyAccJerkMag-std()",0.0655781271934783
"6330",12,"WALKING_UPSTAIRS","test data","tBodyAccJerkMag-std()",-0.329827968269231
"6331",13,"STANDING","test data","tBodyAccJerkMag-std()",-0.981865616666667
"6332",13,"SITTING","test data","tBodyAccJerkMag-std()",-0.988813098163265
"6333",13,"LAYING","test data","tBodyAccJerkMag-std()",-0.980066243387097
"6334",13,"WALKING","test data","tBodyAccJerkMag-std()",-0.131788528797719
"6335",13,"WALKING_DOWNSTAIRS","test data","tBodyAccJerkMag-std()",-0.0433959844
"6336",13,"WALKING_UPSTAIRS","test data","tBodyAccJerkMag-std()",-0.451225931090909
"6337",18,"STANDING","test data","tBodyAccJerkMag-std()",-0.986015285890411
"6338",18,"SITTING","test data","tBodyAccJerkMag-std()",-0.991159350526316
"6339",18,"LAYING","test data","tBodyAccJerkMag-std()",-0.989526277538462
"6340",18,"WALKING","test data","tBodyAccJerkMag-std()",-0.42541866125
"6341",18,"WALKING_DOWNSTAIRS","test data","tBodyAccJerkMag-std()",-0.3825173332
"6342",18,"WALKING_UPSTAIRS","test data","tBodyAccJerkMag-std()",-0.579330320344828
"6343",20,"STANDING","test data","tBodyAccJerkMag-std()",-0.938454372328767
"6344",20,"SITTING","test data","tBodyAccJerkMag-std()",-0.972537871515151
"6345",20,"LAYING","test data","tBodyAccJerkMag-std()",-0.980161687058824
"6346",20,"WALKING","test data","tBodyAccJerkMag-std()",0.0210765716843137
"6347",20,"WALKING_DOWNSTAIRS","test data","tBodyAccJerkMag-std()",0.0467185842571111
"6348",20,"WALKING_UPSTAIRS","test data","tBodyAccJerkMag-std()",-0.239444370019608
"6349",24,"STANDING","test data","tBodyAccJerkMag-std()",-0.973108343043478
"6350",24,"SITTING","test data","tBodyAccJerkMag-std()",-0.985418456176471
"6351",24,"LAYING","test data","tBodyAccJerkMag-std()",-0.983605927361111
"6352",24,"WALKING","test data","tBodyAccJerkMag-std()",-0.409824562586207
"6353",24,"WALKING_DOWNSTAIRS","test data","tBodyAccJerkMag-std()",-0.143501970018182
"6354",24,"WALKING_UPSTAIRS","test data","tBodyAccJerkMag-std()",-0.441068689830508
"6355",1,"STANDING","training data","tBodyAccJerkMag-std()",-0.993096209433962
"6356",1,"SITTING","training data","tBodyAccJerkMag-std()",-0.984120024042553
"6357",1,"LAYING","training data","tBodyAccJerkMag-std()",-0.9282456284
"6358",1,"WALKING","training data","tBodyAccJerkMag-std()",-0.0744717500625263
"6359",1,"WALKING_DOWNSTAIRS","training data","tBodyAccJerkMag-std()",-0.0257877197081633
"6360",1,"WALKING_UPSTAIRS","training data","tBodyAccJerkMag-std()",-0.478991622075472
"6361",3,"STANDING","training data","tBodyAccJerkMag-std()",-0.948770043278689
"6362",3,"SITTING","training data","tBodyAccJerkMag-std()",-0.966550084230769
"6363",3,"LAYING","training data","tBodyAccJerkMag-std()",-0.976121297903226
"6364",3,"WALKING","training data","tBodyAccJerkMag-std()",-0.139916355325862
"6365",3,"WALKING_DOWNSTAIRS","training data","tBodyAccJerkMag-std()",-0.0926324494530612
"6366",3,"WALKING_UPSTAIRS","training data","tBodyAccJerkMag-std()",-0.439020591694915
"6367",5,"STANDING","training data","tBodyAccJerkMag-std()",-0.942962047678571
"6368",5,"SITTING","training data","tBodyAccJerkMag-std()",-0.965757731590909
"6369",5,"LAYING","training data","tBodyAccJerkMag-std()",-0.977477145384615
"6370",5,"WALKING","training data","tBodyAccJerkMag-std()",-0.282242276785714
"6371",5,"WALKING_DOWNSTAIRS","training data","tBodyAccJerkMag-std()",-0.0292570509829787
"6372",5,"WALKING_UPSTAIRS","training data","tBodyAccJerkMag-std()",-0.310186545957447
"6373",6,"STANDING","training data","tBodyAccJerkMag-std()",-0.956099145964912
"6374",6,"SITTING","training data","tBodyAccJerkMag-std()",-0.948181827818182
"6375",6,"LAYING","training data","tBodyAccJerkMag-std()",-0.950341934385965
"6376",6,"WALKING","training data","tBodyAccJerkMag-std()",-0.0706029648421053
"6377",6,"WALKING_DOWNSTAIRS","training data","tBodyAccJerkMag-std()",0.209502174375
"6378",6,"WALKING_UPSTAIRS","training data","tBodyAccJerkMag-std()",-0.169970363039216
"6379",7,"STANDING","training data","tBodyAccJerkMag-std()",-0.968566356037736
"6380",7,"SITTING","training data","tBodyAccJerkMag-std()",-0.970243274166667
"6381",7,"LAYING","training data","tBodyAccJerkMag-std()",-0.967310932307692
"6382",7,"WALKING","training data","tBodyAccJerkMag-std()",-0.027557329277193
"6383",7,"WALKING_DOWNSTAIRS","training data","tBodyAccJerkMag-std()",0.0901836280510638
"6384",7,"WALKING_UPSTAIRS","training data","tBodyAccJerkMag-std()",-0.471265710980392
"6385",8,"STANDING","training data","tBodyAccJerkMag-std()",-0.979932239074074
"6386",8,"SITTING","training data","tBodyAccJerkMag-std()",-0.980667377391304
"6387",8,"LAYING","training data","tBodyAccJerkMag-std()",-0.962954517222222
"6388",8,"WALKING","training data","tBodyAccJerkMag-std()",-0.184571053979167
"6389",8,"WALKING_DOWNSTAIRS","training data","tBodyAccJerkMag-std()",0.2534082561
"6390",8,"WALKING_UPSTAIRS","training data","tBodyAccJerkMag-std()",-0.228296364146341
"6391",11,"STANDING","training data","tBodyAccJerkMag-std()",-0.988853960638298
"6392",11,"SITTING","training data","tBodyAccJerkMag-std()",-0.974511726792453
"6393",11,"LAYING","training data","tBodyAccJerkMag-std()",-0.976504858596491
"6394",11,"WALKING","training data","tBodyAccJerkMag-std()",-0.403141284745763
"6395",11,"WALKING_DOWNSTAIRS","training data","tBodyAccJerkMag-std()",-0.127017223413043
"6396",11,"WALKING_UPSTAIRS","training data","tBodyAccJerkMag-std()",-0.490485807222222
"6397",14,"STANDING","training data","tBodyAccJerkMag-std()",-0.970437182833333
"6398",14,"SITTING","training data","tBodyAccJerkMag-std()",-0.973343388888889
"6399",14,"LAYING","training data","tBodyAccJerkMag-std()",-0.966450909019608
"6400",14,"WALKING","training data","tBodyAccJerkMag-std()",-0.439746918474576
"6401",14,"WALKING_DOWNSTAIRS","training data","tBodyAccJerkMag-std()",0.194708838913556
"6402",14,"WALKING_UPSTAIRS","training data","tBodyAccJerkMag-std()",-0.337086266574074
"6403",15,"STANDING","training data","tBodyAccJerkMag-std()",-0.979994800566038
"6404",15,"SITTING","training data","tBodyAccJerkMag-std()",-0.984639018474576
"6405",15,"LAYING","training data","tBodyAccJerkMag-std()",-0.973644462777778
"6406",15,"WALKING","training data","tBodyAccJerkMag-std()",-0.310071425166667
"6407",15,"WALKING_DOWNSTAIRS","training data","tBodyAccJerkMag-std()",0.159631710516667
"6408",15,"WALKING_UPSTAIRS","training data","tBodyAccJerkMag-std()",-0.313363553125
"6409",16,"STANDING","training data","tBodyAccJerkMag-std()",-0.986761550641026
"6410",16,"SITTING","training data","tBodyAccJerkMag-std()",-0.983615334057971
"6411",16,"LAYING","training data","tBodyAccJerkMag-std()",-0.987891003571429
"6412",16,"WALKING","training data","tBodyAccJerkMag-std()",-0.403386563921569
"6413",16,"WALKING_DOWNSTAIRS","training data","tBodyAccJerkMag-std()",-0.0783498875595745
"6414",16,"WALKING_UPSTAIRS","training data","tBodyAccJerkMag-std()",-0.493067129607843
"6415",17,"STANDING","training data","tBodyAccJerkMag-std()",-0.990363248205128
"6416",17,"SITTING","training data","tBodyAccJerkMag-std()",-0.99144649921875
"6417",17,"LAYING","training data","tBodyAccJerkMag-std()",-0.980126745352113
"6418",17,"WALKING","training data","tBodyAccJerkMag-std()",-0.275672786229508
"6419",17,"WALKING_DOWNSTAIRS","training data","tBodyAccJerkMag-std()",-0.206576683876087
"6420",17,"WALKING_UPSTAIRS","training data","tBodyAccJerkMag-std()",-0.390912450416667
"6421",19,"STANDING","training data","tBodyAccJerkMag-std()",-0.979640838082192
"6422",19,"SITTING","training data","tBodyAccJerkMag-std()",-0.984205184931507
"6423",19,"LAYING","training data","tBodyAccJerkMag-std()",-0.980668287831325
"6424",19,"WALKING","training data","tBodyAccJerkMag-std()",0.0356558788076923
"6425",19,"WALKING_DOWNSTAIRS","training data","tBodyAccJerkMag-std()",0.450612065720513
"6426",19,"WALKING_UPSTAIRS","training data","tBodyAccJerkMag-std()",-0.284060693125
"6427",21,"STANDING","training data","tBodyAccJerkMag-std()",-0.97160651494382
"6428",21,"SITTING","training data","tBodyAccJerkMag-std()",-0.986520865058824
"6429",21,"LAYING","training data","tBodyAccJerkMag-std()",-0.978552618777778
"6430",21,"WALKING","training data","tBodyAccJerkMag-std()",-0.0838487968942308
"6431",21,"WALKING_DOWNSTAIRS","training data","tBodyAccJerkMag-std()",0.0952339404955556
"6432",21,"WALKING_UPSTAIRS","training data","tBodyAccJerkMag-std()",-0.404183875893617
"6433",22,"STANDING","training data","tBodyAccJerkMag-std()",-0.958825095396825
"6434",22,"SITTING","training data","tBodyAccJerkMag-std()",-0.968576776774194
"6435",22,"LAYING","training data","tBodyAccJerkMag-std()",-0.959849821805556
"6436",22,"WALKING","training data","tBodyAccJerkMag-std()",0.111532924945652
"6437",22,"WALKING_DOWNSTAIRS","training data","tBodyAccJerkMag-std()",-0.0337640982530556
"6438",22,"WALKING_UPSTAIRS","training data","tBodyAccJerkMag-std()",-0.0876501605595238
"6439",23,"STANDING","training data","tBodyAccJerkMag-std()",-0.974811528235294
"6440",23,"SITTING","training data","tBodyAccJerkMag-std()",-0.973668776323529
"6441",23,"LAYING","training data","tBodyAccJerkMag-std()",-0.986685651527778
"6442",23,"WALKING","training data","tBodyAccJerkMag-std()",-0.0268194363050847
"6443",23,"WALKING_DOWNSTAIRS","training data","tBodyAccJerkMag-std()",0.292087200087037
"6444",23,"WALKING_UPSTAIRS","training data","tBodyAccJerkMag-std()",-0.362708849411765
"6445",25,"STANDING","training data","tBodyAccJerkMag-std()",-0.982637080945946
"6446",25,"SITTING","training data","tBodyAccJerkMag-std()",-0.988311804923077
"6447",25,"LAYING","training data","tBodyAccJerkMag-std()",-0.961931605342466
"6448",25,"WALKING","training data","tBodyAccJerkMag-std()",-0.542870062567568
"6449",25,"WALKING_DOWNSTAIRS","training data","tBodyAccJerkMag-std()",-0.482976929827586
"6450",25,"WALKING_UPSTAIRS","training data","tBodyAccJerkMag-std()",-0.674513059846154
"6451",26,"STANDING","training data","tBodyAccJerkMag-std()",-0.982626252972973
"6452",26,"SITTING","training data","tBodyAccJerkMag-std()",-0.989986111666667
"6453",26,"LAYING","training data","tBodyAccJerkMag-std()",-0.989101949473684
"6454",26,"WALKING","training data","tBodyAccJerkMag-std()",-0.279350754237288
"6455",26,"WALKING_DOWNSTAIRS","training data","tBodyAccJerkMag-std()",-0.111303956316
"6456",26,"WALKING_UPSTAIRS","training data","tBodyAccJerkMag-std()",-0.334531344727273
"6457",27,"STANDING","training data","tBodyAccJerkMag-std()",-0.98415908975
"6458",27,"SITTING","training data","tBodyAccJerkMag-std()",-0.989200539571429
"6459",27,"LAYING","training data","tBodyAccJerkMag-std()",-0.988586771351351
"6460",27,"WALKING","training data","tBodyAccJerkMag-std()",-0.266138940350877
"6461",27,"WALKING_DOWNSTAIRS","training data","tBodyAccJerkMag-std()",-0.0386367422818182
"6462",27,"WALKING_UPSTAIRS","training data","tBodyAccJerkMag-std()",-0.464610567058824
"6463",28,"STANDING","training data","tBodyAccJerkMag-std()",-0.954068391518987
"6464",28,"SITTING","training data","tBodyAccJerkMag-std()",-0.970301646111111
"6465",28,"LAYING","training data","tBodyAccJerkMag-std()",-0.973312647875
"6466",28,"WALKING","training data","tBodyAccJerkMag-std()",-0.390449724259259
"6467",28,"WALKING_DOWNSTAIRS","training data","tBodyAccJerkMag-std()",-0.0418872609934783
"6468",28,"WALKING_UPSTAIRS","training data","tBodyAccJerkMag-std()",-0.325362338235294
"6469",29,"STANDING","training data","tBodyAccJerkMag-std()",-0.990495689538462
"6470",29,"SITTING","training data","tBodyAccJerkMag-std()",-0.990531729333333
"6471",29,"LAYING","training data","tBodyAccJerkMag-std()",-0.994646916811594
"6472",29,"WALKING","training data","tBodyAccJerkMag-std()",-0.133036273622642
"6473",29,"WALKING_DOWNSTAIRS","training data","tBodyAccJerkMag-std()",-0.0307693372041667
"6474",29,"WALKING_UPSTAIRS","training data","tBodyAccJerkMag-std()",-0.254485176020408
"6475",30,"STANDING","training data","tBodyAccJerkMag-std()",-0.950762271186441
"6476",30,"SITTING","training data","tBodyAccJerkMag-std()",-0.98605764
"6477",30,"LAYING","training data","tBodyAccJerkMag-std()",-0.969642290285714
"6478",30,"WALKING","training data","tBodyAccJerkMag-std()",-0.353751020923077
"6479",30,"WALKING_DOWNSTAIRS","training data","tBodyAccJerkMag-std()",-0.125283184512903
"6480",30,"WALKING_UPSTAIRS","training data","tBodyAccJerkMag-std()",-0.561837706461538
"6481",2,"STANDING","test data","tBodyGyroMag-mean()",-0.963466341851852
"6482",2,"SITTING","test data","tBodyGyroMag-mean()",-0.946035087173913
"6483",2,"LAYING","test data","tBodyGyroMag-mean()",-0.950011569583333
"6484",2,"WALKING","test data","tBodyGyroMag-mean()",-0.446549092881356
"6485",2,"WALKING_DOWNSTAIRS","test data","tBodyGyroMag-mean()",-0.162188586930426
"6486",2,"WALKING_UPSTAIRS","test data","tBodyGyroMag-mean()",-0.219713472958333
"6487",4,"STANDING","test data","tBodyGyroMag-mean()",-0.900982100535714
"6488",4,"SITTING","test data","tBodyGyroMag-mean()",-0.9260633138
"6489",4,"LAYING","test data","tBodyGyroMag-mean()",-0.930236462592593
"6490",4,"WALKING","test data","tBodyGyroMag-mean()",-0.49779220106
"6491",4,"WALKING_DOWNSTAIRS","test data","tBodyGyroMag-mean()",-0.3466062928
"6492",4,"WALKING_UPSTAIRS","test data","tBodyGyroMag-mean()",-0.299779407884615
"6493",9,"STANDING","test data","tBodyGyroMag-mean()",-0.921030223111111
"6494",9,"SITTING","test data","tBodyGyroMag-mean()",-0.9032355368
"6495",9,"LAYING","test data","tBodyGyroMag-mean()",-0.9071250998
"6496",9,"WALKING","test data","tBodyGyroMag-mean()",-0.294542266826923
"6497",9,"WALKING_DOWNSTAIRS","test data","tBodyGyroMag-mean()",-0.168921400633333
"6498",9,"WALKING_UPSTAIRS","test data","tBodyGyroMag-mean()",-0.0833234490061224
"6499",10,"STANDING","test data","tBodyGyroMag-mean()",-0.929787259772727
"6500",10,"SITTING","test data","tBodyGyroMag-mean()",-0.944202043703704
"6501",10,"LAYING","test data","tBodyGyroMag-mean()",-0.937590998793103
"6502",10,"WALKING","test data","tBodyGyroMag-mean()",-0.156458730358491
"6503",10,"WALKING_DOWNSTAIRS","test data","tBodyGyroMag-mean()",-0.0238468037578947
"6504",10,"WALKING_UPSTAIRS","test data","tBodyGyroMag-mean()",0.0438573846851064
"6505",12,"STANDING","test data","tBodyGyroMag-mean()",-0.888101372786885
"6506",12,"SITTING","test data","tBodyGyroMag-mean()",-0.941907240784314
"6507",12,"LAYING","test data","tBodyGyroMag-mean()",-0.9308405935
"6508",12,"WALKING","test data","tBodyGyroMag-mean()",-0.35593036512
"6509",12,"WALKING_DOWNSTAIRS","test data","tBodyGyroMag-mean()",-0.213351510686957
"6510",12,"WALKING_UPSTAIRS","test data","tBodyGyroMag-mean()",-0.316561585961538
"6511",13,"STANDING","test data","tBodyGyroMag-mean()",-0.95782537245614
"6512",13,"SITTING","test data","tBodyGyroMag-mean()",-0.951142644081633
"6513",13,"LAYING","test data","tBodyGyroMag-mean()",-0.944303111935484
"6514",13,"WALKING","test data","tBodyGyroMag-mean()",-0.218669558421053
"6515",13,"WALKING_DOWNSTAIRS","test data","tBodyGyroMag-mean()",-0.102114480531915
"6516",13,"WALKING_UPSTAIRS","test data","tBodyGyroMag-mean()",-0.237182958116364
"6517",18,"STANDING","test data","tBodyGyroMag-mean()",-0.963006793150685
"6518",18,"SITTING","test data","tBodyGyroMag-mean()",-0.977634992105263
"6519",18,"LAYING","test data","tBodyGyroMag-mean()",-0.980740846769231
"6520",18,"WALKING","test data","tBodyGyroMag-mean()",-0.500471147857143
"6521",18,"WALKING_DOWNSTAIRS","test data","tBodyGyroMag-mean()",-0.381022814727273
"6522",18,"WALKING_UPSTAIRS","test data","tBodyGyroMag-mean()",-0.3691086
"6523",20,"STANDING","test data","tBodyGyroMag-mean()",-0.883675028630137
"6524",20,"SITTING","test data","tBodyGyroMag-mean()",-0.939574435606061
"6525",20,"LAYING","test data","tBodyGyroMag-mean()",-0.9604473725
"6526",20,"WALKING","test data","tBodyGyroMag-mean()",0.0686275147882353
"6527",20,"WALKING_DOWNSTAIRS","test data","tBodyGyroMag-mean()",0.0938419436933333
"6528",20,"WALKING_UPSTAIRS","test data","tBodyGyroMag-mean()",0.0223302538235294
"6529",24,"STANDING","test data","tBodyGyroMag-mean()",-0.954518594057971
"6530",24,"SITTING","test data","tBodyGyroMag-mean()",-0.964633252352941
"6531",24,"LAYING","test data","tBodyGyroMag-mean()",-0.953791512638889
"6532",24,"WALKING","test data","tBodyGyroMag-mean()",-0.403064156896552
"6533",24,"WALKING_DOWNSTAIRS","test data","tBodyGyroMag-mean()",-0.304965806363636
"6534",24,"WALKING_UPSTAIRS","test data","tBodyGyroMag-mean()",-0.33443583979661
"6535",1,"STANDING","training data","tBodyGyroMag-mean()",-0.976493792830189
"6536",1,"SITTING","training data","tBodyGyroMag-mean()",-0.93089249
"6537",1,"LAYING","training data","tBodyGyroMag-mean()",-0.874759548
"6538",1,"WALKING","training data","tBodyGyroMag-mean()",-0.160979552536842
"6539",1,"WALKING_DOWNSTAIRS","training data","tBodyGyroMag-mean()",-0.0757412543673469
"6540",1,"WALKING_UPSTAIRS","training data","tBodyGyroMag-mean()",-0.126735589969811
"6541",3,"STANDING","training data","tBodyGyroMag-mean()",-0.892089349344262
"6542",3,"SITTING","training data","tBodyGyroMag-mean()",-0.919354372307692
"6543",3,"LAYING","training data","tBodyGyroMag-mean()",-0.951564751451613
"6544",3,"WALKING","training data","tBodyGyroMag-mean()",-0.466411754137931
"6545",3,"WALKING_DOWNSTAIRS","training data","tBodyGyroMag-mean()",-0.215294501244898
"6546",3,"WALKING_UPSTAIRS","training data","tBodyGyroMag-mean()",-0.347321812220339
"6547",5,"STANDING","training data","tBodyGyroMag-mean()",-0.900671630714286
"6548",5,"SITTING","training data","tBodyGyroMag-mean()",-0.934301646590909
"6549",5,"LAYING","training data","tBodyGyroMag-mean()",-0.946938300576923
"6550",5,"WALKING","training data","tBodyGyroMag-mean()",-0.355933083571429
"6551",5,"WALKING_DOWNSTAIRS","training data","tBodyGyroMag-mean()",-0.218029835319149
"6552",5,"WALKING_UPSTAIRS","training data","tBodyGyroMag-mean()",-0.235516929306383
"6553",6,"STANDING","training data","tBodyGyroMag-mean()",-0.939404744385965
"6554",6,"SITTING","training data","tBodyGyroMag-mean()",-0.932703812181818
"6555",6,"LAYING","training data","tBodyGyroMag-mean()",-0.908980174736842
"6556",6,"WALKING","training data","tBodyGyroMag-mean()",-0.281207841122807
"6557",6,"WALKING_DOWNSTAIRS","training data","tBodyGyroMag-mean()",0.0142677821595833
"6558",6,"WALKING_UPSTAIRS","training data","tBodyGyroMag-mean()",-0.12912124415098
"6559",7,"STANDING","training data","tBodyGyroMag-mean()",-0.943425564528302
"6560",7,"SITTING","training data","tBodyGyroMag-mean()",-0.897870535
"6561",7,"LAYING","training data","tBodyGyroMag-mean()",-0.915793634807692
"6562",7,"WALKING","training data","tBodyGyroMag-mean()",-0.305959351403509
"6563",7,"WALKING_DOWNSTAIRS","training data","tBodyGyroMag-mean()",-0.18874081887234
"6564",7,"WALKING_UPSTAIRS","training data","tBodyGyroMag-mean()",-0.239099165627451
"6565",8,"STANDING","training data","tBodyGyroMag-mean()",-0.952848496851852
"6566",8,"SITTING","training data","tBodyGyroMag-mean()",-0.93268224326087
"6567",8,"LAYING","training data","tBodyGyroMag-mean()",-0.924253348518518
"6568",8,"WALKING","training data","tBodyGyroMag-mean()",-0.00310243820125
"6569",8,"WALKING_DOWNSTAIRS","training data","tBodyGyroMag-mean()",0.0993429744078947
"6570",8,"WALKING_UPSTAIRS","training data","tBodyGyroMag-mean()",0.166447991
"6571",11,"STANDING","training data","tBodyGyroMag-mean()",-0.979978011489362
"6572",11,"SITTING","training data","tBodyGyroMag-mean()",-0.951884472075472
"6573",11,"LAYING","training data","tBodyGyroMag-mean()",-0.952523752105263
"6574",11,"WALKING","training data","tBodyGyroMag-mean()",-0.421801673559322
"6575",11,"WALKING_DOWNSTAIRS","training data","tBodyGyroMag-mean()",-0.19788336026087
"6576",11,"WALKING_UPSTAIRS","training data","tBodyGyroMag-mean()",-0.255048336944444
"6577",14,"STANDING","training data","tBodyGyroMag-mean()",-0.943530016833333
"6578",14,"SITTING","training data","tBodyGyroMag-mean()",-0.942756369259259
"6579",14,"LAYING","training data","tBodyGyroMag-mean()",-0.904665418431373
"6580",14,"WALKING","training data","tBodyGyroMag-mean()",-0.137208741864407
"6581",14,"WALKING_DOWNSTAIRS","training data","tBodyGyroMag-mean()",0.166340011842444
"6582",14,"WALKING_UPSTAIRS","training data","tBodyGyroMag-mean()",0.365779419444444
"6583",15,"STANDING","training data","tBodyGyroMag-mean()",-0.946961381132076
"6584",15,"SITTING","training data","tBodyGyroMag-mean()",-0.957331628305085
"6585",15,"LAYING","training data","tBodyGyroMag-mean()",-0.944605127222222
"6586",15,"WALKING","training data","tBodyGyroMag-mean()",-0.243711124444444
"6587",15,"WALKING_DOWNSTAIRS","training data","tBodyGyroMag-mean()",-0.121686320740476
"6588",15,"WALKING_UPSTAIRS","training data","tBodyGyroMag-mean()",-0.201217274
"6589",16,"STANDING","training data","tBodyGyroMag-mean()",-0.972528178205128
"6590",16,"SITTING","training data","tBodyGyroMag-mean()",-0.946417382463768
"6591",16,"LAYING","training data","tBodyGyroMag-mean()",-0.951777099571429
"6592",16,"WALKING","training data","tBodyGyroMag-mean()",-0.485931932745098
"6593",16,"WALKING_DOWNSTAIRS","training data","tBodyGyroMag-mean()",-0.309820427234043
"6594",16,"WALKING_UPSTAIRS","training data","tBodyGyroMag-mean()",-0.308260568039216
"6595",17,"STANDING","training data","tBodyGyroMag-mean()",-0.978184576538462
"6596",17,"SITTING","training data","tBodyGyroMag-mean()",-0.967177744375
"6597",17,"LAYING","training data","tBodyGyroMag-mean()",-0.960733121690141
"6598",17,"WALKING","training data","tBodyGyroMag-mean()",-0.335009836885246
"6599",17,"WALKING_DOWNSTAIRS","training data","tBodyGyroMag-mean()",-0.232641763307609
"6600",17,"WALKING_UPSTAIRS","training data","tBodyGyroMag-mean()",-0.235191249091667
"6601",19,"STANDING","training data","tBodyGyroMag-mean()",-0.94174504109589
"6602",19,"SITTING","training data","tBodyGyroMag-mean()",-0.942229043835616
"6603",19,"LAYING","training data","tBodyGyroMag-mean()",-0.953263432771084
"6604",19,"WALKING","training data","tBodyGyroMag-mean()",0.100045071430769
"6605",19,"WALKING_DOWNSTAIRS","training data","tBodyGyroMag-mean()",0.418004608615385
"6606",19,"WALKING_UPSTAIRS","training data","tBodyGyroMag-mean()",-0.06161577145
"6607",21,"STANDING","training data","tBodyGyroMag-mean()",-0.949837151797753
"6608",21,"SITTING","training data","tBodyGyroMag-mean()",-0.964971113764706
"6609",21,"LAYING","training data","tBodyGyroMag-mean()",-0.949278890222222
"6610",21,"WALKING","training data","tBodyGyroMag-mean()",-0.284775644807692
"6611",21,"WALKING_DOWNSTAIRS","training data","tBodyGyroMag-mean()",-0.184850019535556
"6612",21,"WALKING_UPSTAIRS","training data","tBodyGyroMag-mean()",-0.168982721146809
"6613",22,"STANDING","training data","tBodyGyroMag-mean()",-0.931624303968254
"6614",22,"SITTING","training data","tBodyGyroMag-mean()",-0.942077432741935
"6615",22,"LAYING","training data","tBodyGyroMag-mean()",-0.926616373333333
"6616",22,"WALKING","training data","tBodyGyroMag-mean()",-0.210608043717391
"6617",22,"WALKING_DOWNSTAIRS","training data","tBodyGyroMag-mean()",-0.161333309783333
"6618",22,"WALKING_UPSTAIRS","training data","tBodyGyroMag-mean()",-0.1280319236
"6619",23,"STANDING","training data","tBodyGyroMag-mean()",-0.938430293382353
"6620",23,"SITTING","training data","tBodyGyroMag-mean()",-0.936593426911765
"6621",23,"LAYING","training data","tBodyGyroMag-mean()",-0.949418000972222
"6622",23,"WALKING","training data","tBodyGyroMag-mean()",-0.0120968259523729
"6623",23,"WALKING_DOWNSTAIRS","training data","tBodyGyroMag-mean()",0.0390915481555556
"6624",23,"WALKING_UPSTAIRS","training data","tBodyGyroMag-mean()",-0.156527148792745
"6625",25,"STANDING","training data","tBodyGyroMag-mean()",-0.967077442837838
"6626",25,"SITTING","training data","tBodyGyroMag-mean()",-0.966568718615385
"6627",25,"LAYING","training data","tBodyGyroMag-mean()",-0.809688545342466
"6628",25,"WALKING","training data","tBodyGyroMag-mean()",-0.394362401351351
"6629",25,"WALKING_DOWNSTAIRS","training data","tBodyGyroMag-mean()",-0.216082565601724
"6630",25,"WALKING_UPSTAIRS","training data","tBodyGyroMag-mean()",-0.3186346998
"6631",26,"STANDING","training data","tBodyGyroMag-mean()",-0.968673955540541
"6632",26,"SITTING","training data","tBodyGyroMag-mean()",-0.954052945897436
"6633",26,"LAYING","training data","tBodyGyroMag-mean()",-0.951863594736842
"6634",26,"WALKING","training data","tBodyGyroMag-mean()",-0.392092024067797
"6635",26,"WALKING_DOWNSTAIRS","training data","tBodyGyroMag-mean()",-0.23531462282
"6636",26,"WALKING_UPSTAIRS","training data","tBodyGyroMag-mean()",-0.344427047636364
"6637",27,"STANDING","training data","tBodyGyroMag-mean()",-0.968702956625
"6638",27,"SITTING","training data","tBodyGyroMag-mean()",-0.963565474
"6639",27,"LAYING","training data","tBodyGyroMag-mean()",-0.966917594459459
"6640",27,"WALKING","training data","tBodyGyroMag-mean()",-0.396638753684211
"6641",27,"WALKING_DOWNSTAIRS","training data","tBodyGyroMag-mean()",-0.164783206536364
"6642",27,"WALKING_UPSTAIRS","training data","tBodyGyroMag-mean()",-0.286145719598039
"6643",28,"STANDING","training data","tBodyGyroMag-mean()",-0.894242469620253
"6644",28,"SITTING","training data","tBodyGyroMag-mean()",-0.955175567083333
"6645",28,"LAYING","training data","tBodyGyroMag-mean()",-0.93710692125
"6646",28,"WALKING","training data","tBodyGyroMag-mean()",-0.310775945814815
"6647",28,"WALKING_DOWNSTAIRS","training data","tBodyGyroMag-mean()",-0.068246324026087
"6648",28,"WALKING_UPSTAIRS","training data","tBodyGyroMag-mean()",-0.263415282690196
"6649",29,"STANDING","training data","tBodyGyroMag-mean()",-0.980657340461539
"6650",29,"SITTING","training data","tBodyGyroMag-mean()",-0.962377332166667
"6651",29,"LAYING","training data","tBodyGyroMag-mean()",-0.971923623043478
"6652",29,"WALKING","training data","tBodyGyroMag-mean()",-0.28057326754717
"6653",29,"WALKING_DOWNSTAIRS","training data","tBodyGyroMag-mean()",-0.122968108816667
"6654",29,"WALKING_UPSTAIRS","training data","tBodyGyroMag-mean()",0.0439627677608163
"6655",30,"STANDING","training data","tBodyGyroMag-mean()",-0.913890564915254
"6656",30,"SITTING","training data","tBodyGyroMag-mean()",-0.955847323870968
"6657",30,"LAYING","training data","tBodyGyroMag-mean()",-0.962284921142857
"6658",30,"WALKING","training data","tBodyGyroMag-mean()",-0.0229640797463077
"6659",30,"WALKING_DOWNSTAIRS","training data","tBodyGyroMag-mean()",-0.095537320533871
"6660",30,"WALKING_UPSTAIRS","training data","tBodyGyroMag-mean()",-0.113608367276923
"6661",2,"STANDING","test data","tBodyGyroMag-std()",-0.95394338037037
"6662",2,"SITTING","test data","tBodyGyroMag-std()",-0.961313624130435
"6663",2,"LAYING","test data","tBodyGyroMag-std()",-0.961164053958333
"6664",2,"WALKING","test data","tBodyGyroMag-std()",-0.553019916271186
"6665",2,"WALKING_DOWNSTAIRS","test data","tBodyGyroMag-std()",-0.274844110531915
"6666",2,"WALKING_UPSTAIRS","test data","tBodyGyroMag-std()",-0.377532167604167
"6667",4,"STANDING","test data","tBodyGyroMag-std()",-0.885144317678571
"6668",4,"SITTING","test data","tBodyGyroMag-std()",-0.928898293
"6669",4,"LAYING","test data","tBodyGyroMag-std()",-0.947031781666667
"6670",4,"WALKING","test data","tBodyGyroMag-std()",-0.553116111166667
"6671",4,"WALKING_DOWNSTAIRS","test data","tBodyGyroMag-std()",-0.3805726254
"6672",4,"WALKING_UPSTAIRS","test data","tBodyGyroMag-std()",-0.510974134423077
"6673",9,"STANDING","test data","tBodyGyroMag-std()",-0.908291403111111
"6674",9,"SITTING","test data","tBodyGyroMag-std()",-0.9066063206
"6675",9,"LAYING","test data","tBodyGyroMag-std()",-0.8985578738
"6676",9,"WALKING","test data","tBodyGyroMag-std()",-0.489725811538462
"6677",9,"WALKING_DOWNSTAIRS","test data","tBodyGyroMag-std()",-0.322331464761905
"6678",9,"WALKING_UPSTAIRS","test data","tBodyGyroMag-std()",-0.425839761428571
"6679",10,"STANDING","test data","tBodyGyroMag-std()",-0.920486810227273
"6680",10,"SITTING","test data","tBodyGyroMag-std()",-0.963064577592593
"6681",10,"LAYING","test data","tBodyGyroMag-std()",-0.927471165517241
"6682",10,"WALKING","test data","tBodyGyroMag-std()",-0.402025135660377
"6683",10,"WALKING_DOWNSTAIRS","test data","tBodyGyroMag-std()",-0.280382850552632
"6684",10,"WALKING_UPSTAIRS","test data","tBodyGyroMag-std()",-0.113062673542979
"6685",12,"STANDING","test data","tBodyGyroMag-std()",-0.852271618032787
"6686",12,"SITTING","test data","tBodyGyroMag-std()",-0.946769241568627
"6687",12,"LAYING","test data","tBodyGyroMag-std()",-0.935725715833333
"6688",12,"WALKING","test data","tBodyGyroMag-std()",-0.4132083408
"6689",12,"WALKING_DOWNSTAIRS","test data","tBodyGyroMag-std()",-0.32045862629
"6690",12,"WALKING_UPSTAIRS","test data","tBodyGyroMag-std()",-0.525686949063462
"6691",13,"STANDING","test data","tBodyGyroMag-std()",-0.944980198421053
"6692",13,"SITTING","test data","tBodyGyroMag-std()",-0.963940591428571
"6693",13,"LAYING","test data","tBodyGyroMag-std()",-0.944687480967742
"6694",13,"WALKING","test data","tBodyGyroMag-std()",-0.253240071964912
"6695",13,"WALKING_DOWNSTAIRS","test data","tBodyGyroMag-std()",-0.236762631468085
"6696",13,"WALKING_UPSTAIRS","test data","tBodyGyroMag-std()",-0.415658606181818
"6697",18,"STANDING","test data","tBodyGyroMag-std()",-0.959797118082192
"6698",18,"SITTING","test data","tBodyGyroMag-std()",-0.981372675614035
"6699",18,"LAYING","test data","tBodyGyroMag-std()",-0.980560877846154
"6700",18,"WALKING","test data","tBodyGyroMag-std()",-0.60851009125
"6701",18,"WALKING_DOWNSTAIRS","test data","tBodyGyroMag-std()",-0.507995478327273
"6702",18,"WALKING_UPSTAIRS","test data","tBodyGyroMag-std()",-0.528058134137931
"6703",20,"STANDING","test data","tBodyGyroMag-std()",-0.843683410273973
"6704",20,"SITTING","test data","tBodyGyroMag-std()",-0.941069909848485
"6705",20,"LAYING","test data","tBodyGyroMag-std()",-0.962153597941176
"6706",20,"WALKING","test data","tBodyGyroMag-std()",-0.0367853189588235
"6707",20,"WALKING_DOWNSTAIRS","test data","tBodyGyroMag-std()",-0.0305762438706667
"6708",20,"WALKING_UPSTAIRS","test data","tBodyGyroMag-std()",-0.253929985803922
"6709",24,"STANDING","test data","tBodyGyroMag-std()",-0.95310477884058
"6710",24,"SITTING","test data","tBodyGyroMag-std()",-0.969257162647059
"6711",24,"LAYING","test data","tBodyGyroMag-std()",-0.957829934722222
"6712",24,"WALKING","test data","tBodyGyroMag-std()",-0.563863212586207
"6713",24,"WALKING_DOWNSTAIRS","test data","tBodyGyroMag-std()",-0.3636948774
"6714",24,"WALKING_UPSTAIRS","test data","tBodyGyroMag-std()",-0.503929060169492
"6715",1,"STANDING","training data","tBodyGyroMag-std()",-0.978690028679245
"6716",1,"SITTING","training data","tBodyGyroMag-std()",-0.934531840425532
"6717",1,"LAYING","training data","tBodyGyroMag-std()",-0.81901016976
"6718",1,"WALKING","training data","tBodyGyroMag-std()",-0.186978364526316
"6719",1,"WALKING_DOWNSTAIRS","training data","tBodyGyroMag-std()",-0.225724368061224
"6720",1,"WALKING_UPSTAIRS","training data","tBodyGyroMag-std()",-0.14861931805283
"6721",3,"STANDING","training data","tBodyGyroMag-std()",-0.88212522147541
"6722",3,"SITTING","training data","tBodyGyroMag-std()",-0.925518103807692
"6723",3,"LAYING","training data","tBodyGyroMag-std()",-0.954275110967742
"6724",3,"WALKING","training data","tBodyGyroMag-std()",-0.561510683275862
"6725",3,"WALKING_DOWNSTAIRS","training data","tBodyGyroMag-std()",-0.245794699346939
"6726",3,"WALKING_UPSTAIRS","training data","tBodyGyroMag-std()",-0.408886653186441
"6727",5,"STANDING","training data","tBodyGyroMag-std()",-0.867041711785714
"6728",5,"SITTING","training data","tBodyGyroMag-std()",-0.931414810454545
"6729",5,"LAYING","training data","tBodyGyroMag-std()",-0.958287921923077
"6730",5,"WALKING","training data","tBodyGyroMag-std()",-0.492176823571429
"6731",5,"WALKING_DOWNSTAIRS","training data","tBodyGyroMag-std()",-0.360678305253192
"6732",5,"WALKING_UPSTAIRS","training data","tBodyGyroMag-std()",-0.354687870212766
"6733",6,"STANDING","training data","tBodyGyroMag-std()",-0.915891572982456
"6734",6,"SITTING","training data","tBodyGyroMag-std()",-0.921259472727273
"6735",6,"LAYING","training data","tBodyGyroMag-std()",-0.920914497017544
"6736",6,"WALKING","training data","tBodyGyroMag-std()",-0.36560291677193
"6737",6,"WALKING_DOWNSTAIRS","training data","tBodyGyroMag-std()",-0.0426276750979167
"6738",6,"WALKING_UPSTAIRS","training data","tBodyGyroMag-std()",-0.199893710196078
"6739",7,"STANDING","training data","tBodyGyroMag-std()",-0.918438958867924
"6740",7,"SITTING","training data","tBodyGyroMag-std()",-0.898063314375
"6741",7,"LAYING","training data","tBodyGyroMag-std()",-0.918662459038462
"6742",7,"WALKING","training data","tBodyGyroMag-std()",-0.19828316695614
"6743",7,"WALKING_DOWNSTAIRS","training data","tBodyGyroMag-std()",-0.259751603446809
"6744",7,"WALKING_UPSTAIRS","training data","tBodyGyroMag-std()",-0.418144852156863
"6745",8,"STANDING","training data","tBodyGyroMag-std()",-0.95322478962963
"6746",8,"SITTING","training data","tBodyGyroMag-std()",-0.953001632173913
"6747",8,"LAYING","training data","tBodyGyroMag-std()",-0.932470764444444
"6748",8,"WALKING","training data","tBodyGyroMag-std()",-0.238746703958333
"6749",8,"WALKING_DOWNSTAIRS","training data","tBodyGyroMag-std()",-0.0466291872078947
"6750",8,"WALKING_UPSTAIRS","training data","tBodyGyroMag-std()",-0.109327923829268
"6751",11,"STANDING","training data","tBodyGyroMag-std()",-0.977071437446808
"6752",11,"SITTING","training data","tBodyGyroMag-std()",-0.959964488301887
"6753",11,"LAYING","training data","tBodyGyroMag-std()",-0.954713182807018
"6754",11,"WALKING","training data","tBodyGyroMag-std()",-0.558362783220339
"6755",11,"WALKING_DOWNSTAIRS","training data","tBodyGyroMag-std()",-0.339349828493478
"6756",11,"WALKING_UPSTAIRS","training data","tBodyGyroMag-std()",-0.377909862407407
"6757",14,"STANDING","training data","tBodyGyroMag-std()",-0.931426203833333
"6758",14,"SITTING","training data","tBodyGyroMag-std()",-0.947081158333333
"6759",14,"LAYING","training data","tBodyGyroMag-std()",-0.913433185882353
"6760",14,"WALKING","training data","tBodyGyroMag-std()",-0.201401930542373
"6761",14,"WALKING_DOWNSTAIRS","training data","tBodyGyroMag-std()",-0.0665144570666667
"6762",14,"WALKING_UPSTAIRS","training data","tBodyGyroMag-std()",0.299975979851852
"6763",15,"STANDING","training data","tBodyGyroMag-std()",-0.931286778679245
"6764",15,"SITTING","training data","tBodyGyroMag-std()",-0.963475074915254
"6765",15,"LAYING","training data","tBodyGyroMag-std()",-0.924043007638889
"6766",15,"WALKING","training data","tBodyGyroMag-std()",-0.425798469148148
"6767",15,"WALKING_DOWNSTAIRS","training data","tBodyGyroMag-std()",-0.284249712071429
"6768",15,"WALKING_UPSTAIRS","training data","tBodyGyroMag-std()",-0.288429008639583
"6769",16,"STANDING","training data","tBodyGyroMag-std()",-0.964105768461539
"6770",16,"SITTING","training data","tBodyGyroMag-std()",-0.937942404637681
"6771",16,"LAYING","training data","tBodyGyroMag-std()",-0.959020036285714
"6772",16,"WALKING","training data","tBodyGyroMag-std()",-0.665078404313725
"6773",16,"WALKING_DOWNSTAIRS","training data","tBodyGyroMag-std()",-0.422315316808511
"6774",16,"WALKING_UPSTAIRS","training data","tBodyGyroMag-std()",-0.518189646470588
"6775",17,"STANDING","training data","tBodyGyroMag-std()",-0.977680837435897
"6776",17,"SITTING","training data","tBodyGyroMag-std()",-0.97541025484375
"6777",17,"LAYING","training data","tBodyGyroMag-std()",-0.959325498732394
"6778",17,"WALKING","training data","tBodyGyroMag-std()",-0.522494763606557
"6779",17,"WALKING_DOWNSTAIRS","training data","tBodyGyroMag-std()",-0.352687281086957
"6780",17,"WALKING_UPSTAIRS","training data","tBodyGyroMag-std()",-0.440837260125
"6781",19,"STANDING","training data","tBodyGyroMag-std()",-0.937951031506849
"6782",19,"SITTING","training data","tBodyGyroMag-std()",-0.950491807945205
"6783",19,"LAYING","training data","tBodyGyroMag-std()",-0.955906646506024
"6784",19,"WALKING","training data","tBodyGyroMag-std()",-0.0218463165461538
"6785",19,"WALKING_DOWNSTAIRS","training data","tBodyGyroMag-std()",0.237821231894872
"6786",19,"WALKING_UPSTAIRS","training data","tBodyGyroMag-std()",-0.26440144275
"6787",21,"STANDING","training data","tBodyGyroMag-std()",-0.945614401797753
"6788",21,"SITTING","training data","tBodyGyroMag-std()",-0.971225061647059
"6789",21,"LAYING","training data","tBodyGyroMag-std()",-0.949289148
"6790",21,"WALKING","training data","tBodyGyroMag-std()",-0.408304434423077
"6791",21,"WALKING_DOWNSTAIRS","training data","tBodyGyroMag-std()",-0.388420328666667
"6792",21,"WALKING_UPSTAIRS","training data","tBodyGyroMag-std()",-0.420236002514894
"6793",22,"STANDING","training data","tBodyGyroMag-std()",-0.900776555555556
"6794",22,"SITTING","training data","tBodyGyroMag-std()",-0.933268487096774
"6795",22,"LAYING","training data","tBodyGyroMag-std()",-0.923911565972222
"6796",22,"WALKING","training data","tBodyGyroMag-std()",-0.390775683913043
"6797",22,"WALKING_DOWNSTAIRS","training data","tBodyGyroMag-std()",-0.263921983758333
"6798",22,"WALKING_UPSTAIRS","training data","tBodyGyroMag-std()",-0.2025581772
"6799",23,"STANDING","training data","tBodyGyroMag-std()",-0.923796565588235
"6800",23,"SITTING","training data","tBodyGyroMag-std()",-0.937006097352941
"6801",23,"LAYING","training data","tBodyGyroMag-std()",-0.957227585972222
"6802",23,"WALKING","training data","tBodyGyroMag-std()",0.163346451623729
"6803",23,"WALKING_DOWNSTAIRS","training data","tBodyGyroMag-std()",0.0539972903222222
"6804",23,"WALKING_UPSTAIRS","training data","tBodyGyroMag-std()",-0.366732989313725
"6805",25,"STANDING","training data","tBodyGyroMag-std()",-0.959884274324324
"6806",25,"SITTING","training data","tBodyGyroMag-std()",-0.970639125692308
"6807",25,"LAYING","training data","tBodyGyroMag-std()",-0.856017369726027
"6808",25,"WALKING","training data","tBodyGyroMag-std()",-0.489809386081081
"6809",25,"WALKING_DOWNSTAIRS","training data","tBodyGyroMag-std()",-0.38216092137931
"6810",25,"WALKING_UPSTAIRS","training data","tBodyGyroMag-std()",-0.387754116158462
"6811",26,"STANDING","training data","tBodyGyroMag-std()",-0.962653585540541
"6812",26,"SITTING","training data","tBodyGyroMag-std()",-0.964742022307692
"6813",26,"LAYING","training data","tBodyGyroMag-std()",-0.965676821973684
"6814",26,"WALKING","training data","tBodyGyroMag-std()",-0.538329286101695
"6815",26,"WALKING_DOWNSTAIRS","training data","tBodyGyroMag-std()",-0.296158291686
"6816",26,"WALKING_UPSTAIRS","training data","tBodyGyroMag-std()",-0.514032410181818
"6817",27,"STANDING","training data","tBodyGyroMag-std()",-0.965693334
"6818",27,"SITTING","training data","tBodyGyroMag-std()",-0.970782132714286
"6819",27,"LAYING","training data","tBodyGyroMag-std()",-0.971915732837838
"6820",27,"WALKING","training data","tBodyGyroMag-std()",-0.482452355789474
"6821",27,"WALKING_DOWNSTAIRS","training data","tBodyGyroMag-std()",-0.307952089840909
"6822",27,"WALKING_UPSTAIRS","training data","tBodyGyroMag-std()",-0.501775426447059
"6823",28,"STANDING","training data","tBodyGyroMag-std()",-0.876917545696203
"6824",28,"SITTING","training data","tBodyGyroMag-std()",-0.951065984027778
"6825",28,"LAYING","training data","tBodyGyroMag-std()",-0.928940913375
"6826",28,"WALKING","training data","tBodyGyroMag-std()",-0.460511661296296
"6827",28,"WALKING_DOWNSTAIRS","training data","tBodyGyroMag-std()",-0.22448414468913
"6828",28,"WALKING_UPSTAIRS","training data","tBodyGyroMag-std()",-0.476923344705882
"6829",29,"STANDING","training data","tBodyGyroMag-std()",-0.975358665384615
"6830",29,"SITTING","training data","tBodyGyroMag-std()",-0.971578024666667
"6831",29,"LAYING","training data","tBodyGyroMag-std()",-0.977040093043478
"6832",29,"WALKING","training data","tBodyGyroMag-std()",-0.358814096603774
"6833",29,"WALKING_DOWNSTAIRS","training data","tBodyGyroMag-std()",-0.26740979843125
"6834",29,"WALKING_UPSTAIRS","training data","tBodyGyroMag-std()",-0.0800476153673469
"6835",30,"STANDING","training data","tBodyGyroMag-std()",-0.887247636779661
"6836",30,"SITTING","training data","tBodyGyroMag-std()",-0.960641288225806
"6837",30,"LAYING","training data","tBodyGyroMag-std()",-0.951264441
"6838",30,"WALKING","training data","tBodyGyroMag-std()",-0.266845731292308
"6839",30,"WALKING_DOWNSTAIRS","training data","tBodyGyroMag-std()",-0.208267542032258
"6840",30,"WALKING_UPSTAIRS","training data","tBodyGyroMag-std()",-0.169293534323077
"6841",2,"STANDING","test data","tBodyGyroJerkMag-mean()",-0.983951904259259
"6842",2,"SITTING","test data","tBodyGyroJerkMag-mean()",-0.991081493913043
"6843",2,"LAYING","test data","tBodyGyroJerkMag-mean()",-0.991767074166667
"6844",2,"WALKING","test data","tBodyGyroJerkMag-mean()",-0.547911950338983
"6845",2,"WALKING_DOWNSTAIRS","test data","tBodyGyroJerkMag-mean()",-0.410872671489362
"6846",2,"WALKING_UPSTAIRS","test data","tBodyGyroJerkMag-mean()",-0.572816438541667
"6847",4,"STANDING","test data","tBodyGyroJerkMag-mean()",-0.967614073928571
"6848",4,"SITTING","test data","tBodyGyroJerkMag-mean()",-0.9804904618
"6849",4,"LAYING","test data","tBodyGyroJerkMag-mean()",-0.985068502037037
"6850",4,"WALKING","test data","tBodyGyroJerkMag-mean()",-0.6813040365
"6851",4,"WALKING_DOWNSTAIRS","test data","tBodyGyroJerkMag-mean()",-0.592843014888889
"6852",4,"WALKING_UPSTAIRS","test data","tBodyGyroJerkMag-mean()",-0.686978374423077
"6853",9,"STANDING","test data","tBodyGyroJerkMag-mean()",-0.969824044222222
"6854",9,"SITTING","test data","tBodyGyroJerkMag-mean()",-0.9733641366
"6855",9,"LAYING","test data","tBodyGyroJerkMag-mean()",-0.964524819
"6856",9,"WALKING","test data","tBodyGyroJerkMag-mean()",-0.510253995769231
"6857",9,"WALKING_DOWNSTAIRS","test data","tBodyGyroJerkMag-mean()",-0.469028434047619
"6858",9,"WALKING_UPSTAIRS","test data","tBodyGyroJerkMag-mean()",-0.672840561836735
"6859",10,"STANDING","test data","tBodyGyroJerkMag-mean()",-0.971637661590909
"6860",10,"SITTING","test data","tBodyGyroJerkMag-mean()",-0.993707487592593
"6861",10,"LAYING","test data","tBodyGyroJerkMag-mean()",-0.970830848965517
"6862",10,"WALKING","test data","tBodyGyroJerkMag-mean()",-0.440363636603774
"6863",10,"WALKING_DOWNSTAIRS","test data","tBodyGyroJerkMag-mean()",-0.401854311315789
"6864",10,"WALKING_UPSTAIRS","test data","tBodyGyroJerkMag-mean()",-0.523462968510638
"6865",12,"STANDING","test data","tBodyGyroJerkMag-mean()",-0.969289973606557
"6866",12,"SITTING","test data","tBodyGyroJerkMag-mean()",-0.980392337647059
"6867",12,"LAYING","test data","tBodyGyroJerkMag-mean()",-0.971067768833333
"6868",12,"WALKING","test data","tBodyGyroJerkMag-mean()",-0.5174937754
"6869",12,"WALKING_DOWNSTAIRS","test data","tBodyGyroJerkMag-mean()",-0.442831079130435
"6870",12,"WALKING_UPSTAIRS","test data","tBodyGyroJerkMag-mean()",-0.674972132307692
"6871",13,"STANDING","test data","tBodyGyroJerkMag-mean()",-0.983637634912281
"6872",13,"SITTING","test data","tBodyGyroJerkMag-mean()",-0.992604304489796
"6873",13,"LAYING","test data","tBodyGyroJerkMag-mean()",-0.98544626483871
"6874",13,"WALKING","test data","tBodyGyroJerkMag-mean()",-0.303508210175439
"6875",13,"WALKING_DOWNSTAIRS","test data","tBodyGyroJerkMag-mean()",-0.323552439276596
"6876",13,"WALKING_UPSTAIRS","test data","tBodyGyroJerkMag-mean()",-0.631964902181818
"6877",18,"STANDING","test data","tBodyGyroJerkMag-mean()",-0.988685954931507
"6878",18,"SITTING","test data","tBodyGyroJerkMag-mean()",-0.994873439824561
"6879",18,"LAYING","test data","tBodyGyroJerkMag-mean()",-0.993095122615385
"6880",18,"WALKING","test data","tBodyGyroJerkMag-mean()",-0.636485896964286
"6881",18,"WALKING_DOWNSTAIRS","test data","tBodyGyroJerkMag-mean()",-0.701663073636364
"6882",18,"WALKING_UPSTAIRS","test data","tBodyGyroJerkMag-mean()",-0.781652689310345
"6883",20,"STANDING","test data","tBodyGyroJerkMag-mean()",-0.94793650109589
"6884",20,"SITTING","test data","tBodyGyroJerkMag-mean()",-0.983010276060606
"6885",20,"LAYING","test data","tBodyGyroJerkMag-mean()",-0.986749500882353
"6886",20,"WALKING","test data","tBodyGyroJerkMag-mean()",-0.194893253196078
"6887",20,"WALKING_DOWNSTAIRS","test data","tBodyGyroJerkMag-mean()",-0.268183423577778
"6888",20,"WALKING_UPSTAIRS","test data","tBodyGyroJerkMag-mean()",-0.37192841627451
"6889",24,"STANDING","test data","tBodyGyroJerkMag-mean()",-0.982387268985507
"6890",24,"SITTING","test data","tBodyGyroJerkMag-mean()",-0.991306424705882
"6891",24,"LAYING","test data","tBodyGyroJerkMag-mean()",-0.982780873888889
"6892",24,"WALKING","test data","tBodyGyroJerkMag-mean()",-0.507824745862069
"6893",24,"WALKING_DOWNSTAIRS","test data","tBodyGyroJerkMag-mean()",-0.497152238363636
"6894",24,"WALKING_UPSTAIRS","test data","tBodyGyroJerkMag-mean()",-0.658751629152542
"6895",1,"STANDING","training data","tBodyGyroJerkMag-mean()",-0.994966790566038
"6896",1,"SITTING","training data","tBodyGyroJerkMag-mean()",-0.991976341276596
"6897",1,"LAYING","training data","tBodyGyroJerkMag-mean()",-0.96346103
"6898",1,"WALKING","training data","tBodyGyroJerkMag-mean()",-0.298703679084211
"6899",1,"WALKING_DOWNSTAIRS","training data","tBodyGyroJerkMag-mean()",-0.295463843346939
"6900",1,"WALKING_UPSTAIRS","training data","tBodyGyroJerkMag-mean()",-0.59488286509434
"6901",3,"STANDING","training data","tBodyGyroJerkMag-mean()",-0.962339339672131
"6902",3,"SITTING","training data","tBodyGyroJerkMag-mean()",-0.977998051923077
"6903",3,"LAYING","training data","tBodyGyroJerkMag-mean()",-0.98671362516129
"6904",3,"WALKING","training data","tBodyGyroJerkMag-mean()",-0.566135217931034
"6905",3,"WALKING_DOWNSTAIRS","training data","tBodyGyroJerkMag-mean()",-0.508567577142857
"6906",3,"WALKING_UPSTAIRS","training data","tBodyGyroJerkMag-mean()",-0.658861401355932
"6907",5,"STANDING","training data","tBodyGyroJerkMag-mean()",-0.958405900892857
"6908",5,"SITTING","training data","tBodyGyroJerkMag-mean()",-0.973848287045455
"6909",5,"LAYING","training data","tBodyGyroJerkMag-mean()",-0.9864194225
"6910",5,"WALKING","training data","tBodyGyroJerkMag-mean()",-0.444532485357143
"6911",5,"WALKING_DOWNSTAIRS","training data","tBodyGyroJerkMag-mean()",-0.39719562106383
"6912",5,"WALKING_UPSTAIRS","training data","tBodyGyroJerkMag-mean()",-0.47348816787234
"6913",6,"STANDING","training data","tBodyGyroJerkMag-mean()",-0.963406222982456
"6914",6,"SITTING","training data","tBodyGyroJerkMag-mean()",-0.962929227818182
"6915",6,"LAYING","training data","tBodyGyroJerkMag-mean()",-0.955645738245614
"6916",6,"WALKING","training data","tBodyGyroJerkMag-mean()",-0.321290483140351
"6917",6,"WALKING_DOWNSTAIRS","training data","tBodyGyroJerkMag-mean()",-0.0829366854166667
"6918",6,"WALKING_UPSTAIRS","training data","tBodyGyroJerkMag-mean()",-0.342895367921569
"6919",7,"STANDING","training data","tBodyGyroJerkMag-mean()",-0.977377083018868
"6920",7,"SITTING","training data","tBodyGyroJerkMag-mean()",-0.981665122291667
"6921",7,"LAYING","training data","tBodyGyroJerkMag-mean()",-0.983008829038462
"6922",7,"WALKING","training data","tBodyGyroJerkMag-mean()",-0.300022779964912
"6923",7,"WALKING_DOWNSTAIRS","training data","tBodyGyroJerkMag-mean()",-0.399229959148936
"6924",7,"WALKING_UPSTAIRS","training data","tBodyGyroJerkMag-mean()",-0.661969771960784
"6925",8,"STANDING","training data","tBodyGyroJerkMag-mean()",-0.987580587777778
"6926",8,"SITTING","training data","tBodyGyroJerkMag-mean()",-0.991807428043478
"6927",8,"LAYING","training data","tBodyGyroJerkMag-mean()",-0.978438191296296
"6928",8,"WALKING","training data","tBodyGyroJerkMag-mean()",-0.339129269583333
"6929",8,"WALKING_DOWNSTAIRS","training data","tBodyGyroJerkMag-mean()",-0.126189142894737
"6930",8,"WALKING_UPSTAIRS","training data","tBodyGyroJerkMag-mean()",-0.400664014146341
"6931",11,"STANDING","training data","tBodyGyroJerkMag-mean()",-0.993428183617021
"6932",11,"SITTING","training data","tBodyGyroJerkMag-mean()",-0.989519031132076
"6933",11,"LAYING","training data","tBodyGyroJerkMag-mean()",-0.990641248245614
"6934",11,"WALKING","training data","tBodyGyroJerkMag-mean()",-0.63073270559322
"6935",11,"WALKING_DOWNSTAIRS","training data","tBodyGyroJerkMag-mean()",-0.599294760652174
"6936",11,"WALKING_UPSTAIRS","training data","tBodyGyroJerkMag-mean()",-0.757314813888889
"6937",14,"STANDING","training data","tBodyGyroJerkMag-mean()",-0.974873328
"6938",14,"SITTING","training data","tBodyGyroJerkMag-mean()",-0.988317606666667
"6939",14,"LAYING","training data","tBodyGyroJerkMag-mean()",-0.975621183137255
"6940",14,"WALKING","training data","tBodyGyroJerkMag-mean()",-0.519895046779661
"6941",14,"WALKING_DOWNSTAIRS","training data","tBodyGyroJerkMag-mean()",-0.275120883488889
"6942",14,"WALKING_UPSTAIRS","training data","tBodyGyroJerkMag-mean()",-0.399921949557407
"6943",15,"STANDING","training data","tBodyGyroJerkMag-mean()",-0.984407077924528
"6944",15,"SITTING","training data","tBodyGyroJerkMag-mean()",-0.992188893898305
"6945",15,"LAYING","training data","tBodyGyroJerkMag-mean()",-0.983235025416667
"6946",15,"WALKING","training data","tBodyGyroJerkMag-mean()",-0.543979500555556
"6947",15,"WALKING_DOWNSTAIRS","training data","tBodyGyroJerkMag-mean()",-0.509466648095238
"6948",15,"WALKING_UPSTAIRS","training data","tBodyGyroJerkMag-mean()",-0.663637117708333
"6949",16,"STANDING","training data","tBodyGyroJerkMag-mean()",-0.992848576025641
"6950",16,"SITTING","training data","tBodyGyroJerkMag-mean()",-0.992444606231884
"6951",16,"LAYING","training data","tBodyGyroJerkMag-mean()",-0.990839526285714
"6952",16,"WALKING","training data","tBodyGyroJerkMag-mean()",-0.671541834117647
"6953",16,"WALKING_DOWNSTAIRS","training data","tBodyGyroJerkMag-mean()",-0.590896636382979
"6954",16,"WALKING_UPSTAIRS","training data","tBodyGyroJerkMag-mean()",-0.737705162156863
"6955",17,"STANDING","training data","tBodyGyroJerkMag-mean()",-0.993672973717949
"6956",17,"SITTING","training data","tBodyGyroJerkMag-mean()",-0.996334795
"6957",17,"LAYING","training data","tBodyGyroJerkMag-mean()",-0.985542411126761
"6958",17,"WALKING","training data","tBodyGyroJerkMag-mean()",-0.517167440655738
"6959",17,"WALKING_DOWNSTAIRS","training data","tBodyGyroJerkMag-mean()",-0.540325787826087
"6960",17,"WALKING_UPSTAIRS","training data","tBodyGyroJerkMag-mean()",-0.637367490625
"6961",19,"STANDING","training data","tBodyGyroJerkMag-mean()",-0.985801637671233
"6962",19,"SITTING","training data","tBodyGyroJerkMag-mean()",-0.989450316575342
"6963",19,"LAYING","training data","tBodyGyroJerkMag-mean()",-0.985342497710843
"6964",19,"WALKING","training data","tBodyGyroJerkMag-mean()",-0.164699977592308
"6965",19,"WALKING_DOWNSTAIRS","training data","tBodyGyroJerkMag-mean()",0.0875816618205128
"6966",19,"WALKING_UPSTAIRS","training data","tBodyGyroJerkMag-mean()",-0.372790526575
"6967",21,"STANDING","training data","tBodyGyroJerkMag-mean()",-0.976857084157303
"6968",21,"SITTING","training data","tBodyGyroJerkMag-mean()",-0.990307349882353
"6969",21,"LAYING","training data","tBodyGyroJerkMag-mean()",-0.985915906888889
"6970",21,"WALKING","training data","tBodyGyroJerkMag-mean()",-0.426930725
"6971",21,"WALKING_DOWNSTAIRS","training data","tBodyGyroJerkMag-mean()",-0.452828682444444
"6972",21,"WALKING_UPSTAIRS","training data","tBodyGyroJerkMag-mean()",-0.577935642978723
"6973",22,"STANDING","training data","tBodyGyroJerkMag-mean()",-0.978603529206349
"6974",22,"SITTING","training data","tBodyGyroJerkMag-mean()",-0.98547603483871
"6975",22,"LAYING","training data","tBodyGyroJerkMag-mean()",-0.981716936388889
"6976",22,"WALKING","training data","tBodyGyroJerkMag-mean()",-0.461999528913043
"6977",22,"WALKING_DOWNSTAIRS","training data","tBodyGyroJerkMag-mean()",-0.459579670833333
"6978",22,"WALKING_UPSTAIRS","training data","tBodyGyroJerkMag-mean()",-0.568111869047619
"6979",23,"STANDING","training data","tBodyGyroJerkMag-mean()",-0.9763992525
"6980",23,"SITTING","training data","tBodyGyroJerkMag-mean()",-0.986514066029412
"6981",23,"LAYING","training data","tBodyGyroJerkMag-mean()",-0.984557478611111
"6982",23,"WALKING","training data","tBodyGyroJerkMag-mean()",0.0115305410508475
"6983",23,"WALKING_DOWNSTAIRS","training data","tBodyGyroJerkMag-mean()",-0.0463117766203704
"6984",23,"WALKING_UPSTAIRS","training data","tBodyGyroJerkMag-mean()",-0.504367150588235
"6985",25,"STANDING","training data","tBodyGyroJerkMag-mean()",-0.985091991216216
"6986",25,"SITTING","training data","tBodyGyroJerkMag-mean()",-0.99286465
"6987",25,"LAYING","training data","tBodyGyroJerkMag-mean()",-0.969783262465753
"6988",25,"WALKING","training data","tBodyGyroJerkMag-mean()",-0.678466069054054
"6989",25,"WALKING_DOWNSTAIRS","training data","tBodyGyroJerkMag-mean()",-0.664713625172414
"6990",25,"WALKING_UPSTAIRS","training data","tBodyGyroJerkMag-mean()",-0.777106026615385
"6991",26,"STANDING","training data","tBodyGyroJerkMag-mean()",-0.98854482527027
"6992",26,"SITTING","training data","tBodyGyroJerkMag-mean()",-0.994466446282051
"6993",26,"LAYING","training data","tBodyGyroJerkMag-mean()",-0.99219798
"6994",26,"WALKING","training data","tBodyGyroJerkMag-mean()",-0.51239882559322
"6995",26,"WALKING_DOWNSTAIRS","training data","tBodyGyroJerkMag-mean()",-0.4187798104
"6996",26,"WALKING_UPSTAIRS","training data","tBodyGyroJerkMag-mean()",-0.648099850181818
"6997",27,"STANDING","training data","tBodyGyroJerkMag-mean()",-0.989532103875
"6998",27,"SITTING","training data","tBodyGyroJerkMag-mean()",-0.994034710714286
"6999",27,"LAYING","training data","tBodyGyroJerkMag-mean()",-0.994355043783784
"7000",27,"WALKING","training data","tBodyGyroJerkMag-mean()",-0.562587199473684
"7001",27,"WALKING_DOWNSTAIRS","training data","tBodyGyroJerkMag-mean()",-0.440546586136364
"7002",27,"WALKING_UPSTAIRS","training data","tBodyGyroJerkMag-mean()",-0.699895090784314
"7003",28,"STANDING","training data","tBodyGyroJerkMag-mean()",-0.959681019113924
"7004",28,"SITTING","training data","tBodyGyroJerkMag-mean()",-0.981213159305556
"7005",28,"LAYING","training data","tBodyGyroJerkMag-mean()",-0.978220270625
"7006",28,"WALKING","training data","tBodyGyroJerkMag-mean()",-0.546248758518519
"7007",28,"WALKING_DOWNSTAIRS","training data","tBodyGyroJerkMag-mean()",-0.340417305565217
"7008",28,"WALKING_UPSTAIRS","training data","tBodyGyroJerkMag-mean()",-0.620279797647059
"7009",29,"STANDING","training data","tBodyGyroJerkMag-mean()",-0.992144698923077
"7010",29,"SITTING","training data","tBodyGyroJerkMag-mean()",-0.995392308166667
"7011",29,"LAYING","training data","tBodyGyroJerkMag-mean()",-0.997322526811594
"7012",29,"WALKING","training data","tBodyGyroJerkMag-mean()",-0.506242118113208
"7013",29,"WALKING_DOWNSTAIRS","training data","tBodyGyroJerkMag-mean()",-0.539174456458333
"7014",29,"WALKING_UPSTAIRS","training data","tBodyGyroJerkMag-mean()",-0.617340803061225
"7015",30,"STANDING","training data","tBodyGyroJerkMag-mean()",-0.972995273898305
"7016",30,"SITTING","training data","tBodyGyroJerkMag-mean()",-0.993737388225806
"7017",30,"LAYING","training data","tBodyGyroJerkMag-mean()",-0.985086413428571
"7018",30,"WALKING","training data","tBodyGyroJerkMag-mean()",-0.472068729846154
"7019",30,"WALKING_DOWNSTAIRS","training data","tBodyGyroJerkMag-mean()",-0.574337006451613
"7020",30,"WALKING_UPSTAIRS","training data","tBodyGyroJerkMag-mean()",-0.718780256769231
"7021",2,"STANDING","test data","tBodyGyroJerkMag-std()",-0.977204427777778
"7022",2,"SITTING","test data","tBodyGyroJerkMag-std()",-0.989594919565217
"7023",2,"LAYING","test data","tBodyGyroJerkMag-std()",-0.989718095208333
"7024",2,"WALKING","test data","tBodyGyroJerkMag-std()",-0.557798151355932
"7025",2,"WALKING_DOWNSTAIRS","test data","tBodyGyroJerkMag-std()",-0.343187875404255
"7026",2,"WALKING_UPSTAIRS","test data","tBodyGyroJerkMag-std()",-0.597291719166667
"7027",4,"STANDING","test data","tBodyGyroJerkMag-std()",-0.964282784285714
"7028",4,"SITTING","test data","tBodyGyroJerkMag-std()",-0.9758066902
"7029",4,"LAYING","test data","tBodyGyroJerkMag-std()",-0.982698213703704
"7030",4,"WALKING","test data","tBodyGyroJerkMag-std()",-0.7301463685
"7031",4,"WALKING_DOWNSTAIRS","test data","tBodyGyroJerkMag-std()",-0.637079543555556
"7032",4,"WALKING_UPSTAIRS","test data","tBodyGyroJerkMag-std()",-0.755270457692308
"7033",9,"STANDING","test data","tBodyGyroJerkMag-std()",-0.965287050888889
"7034",9,"SITTING","test data","tBodyGyroJerkMag-std()",-0.9663610734
"7035",9,"LAYING","test data","tBodyGyroJerkMag-std()",-0.9528015598
"7036",9,"WALKING","test data","tBodyGyroJerkMag-std()",-0.599866472692308
"7037",9,"WALKING_DOWNSTAIRS","test data","tBodyGyroJerkMag-std()",-0.455855425238095
"7038",9,"WALKING_UPSTAIRS","test data","tBodyGyroJerkMag-std()",-0.748651255510204
"7039",10,"STANDING","test data","tBodyGyroJerkMag-std()",-0.964409410454545
"7040",10,"SITTING","test data","tBodyGyroJerkMag-std()",-0.991696196481481
"7041",10,"LAYING","test data","tBodyGyroJerkMag-std()",-0.959632931551724
"7042",10,"WALKING","test data","tBodyGyroJerkMag-std()",-0.501027916603774
"7043",10,"WALKING_DOWNSTAIRS","test data","tBodyGyroJerkMag-std()",-0.494105756315789
"7044",10,"WALKING_UPSTAIRS","test data","tBodyGyroJerkMag-std()",-0.618272355319149
"7045",12,"STANDING","test data","tBodyGyroJerkMag-std()",-0.961923171967213
"7046",12,"SITTING","test data","tBodyGyroJerkMag-std()",-0.978260535882353
"7047",12,"LAYING","test data","tBodyGyroJerkMag-std()",-0.962012018333333
"7048",12,"WALKING","test data","tBodyGyroJerkMag-std()",-0.5488904506
"7049",12,"WALKING_DOWNSTAIRS","test data","tBodyGyroJerkMag-std()",-0.452449935
"7050",12,"WALKING_UPSTAIRS","test data","tBodyGyroJerkMag-std()",-0.713406712307692
"7051",13,"STANDING","test data","tBodyGyroJerkMag-std()",-0.976197659649123
"7052",13,"SITTING","test data","tBodyGyroJerkMag-std()",-0.991414934897959
"7053",13,"LAYING","test data","tBodyGyroJerkMag-std()",-0.975113305645161
"7054",13,"WALKING","test data","tBodyGyroJerkMag-std()",-0.322118379807018
"7055",13,"WALKING_DOWNSTAIRS","test data","tBodyGyroJerkMag-std()",-0.27649151037234
"7056",13,"WALKING_UPSTAIRS","test data","tBodyGyroJerkMag-std()",-0.669216383090909
"7057",18,"STANDING","test data","tBodyGyroJerkMag-std()",-0.988519665753425
"7058",18,"SITTING","test data","tBodyGyroJerkMag-std()",-0.994868913508772
"7059",18,"LAYING","test data","tBodyGyroJerkMag-std()",-0.992153054
"7060",18,"WALKING","test data","tBodyGyroJerkMag-std()",-0.726591779107143
"7061",18,"WALKING_DOWNSTAIRS","test data","tBodyGyroJerkMag-std()",-0.744159518909091
"7062",18,"WALKING_UPSTAIRS","test data","tBodyGyroJerkMag-std()",-0.835525127931035
"7063",20,"STANDING","test data","tBodyGyroJerkMag-std()",-0.926328788356164
"7064",20,"SITTING","test data","tBodyGyroJerkMag-std()",-0.97507615
"7065",20,"LAYING","test data","tBodyGyroJerkMag-std()",-0.981079301617647
"7066",20,"WALKING","test data","tBodyGyroJerkMag-std()",-0.149864146847059
"7067",20,"WALKING_DOWNSTAIRS","test data","tBodyGyroJerkMag-std()",-0.275591880382222
"7068",20,"WALKING_UPSTAIRS","test data","tBodyGyroJerkMag-std()",-0.455396068627451
"7069",24,"STANDING","test data","tBodyGyroJerkMag-std()",-0.979995718695652
"7070",24,"SITTING","test data","tBodyGyroJerkMag-std()",-0.990724530735294
"7071",24,"LAYING","test data","tBodyGyroJerkMag-std()",-0.978659102222222
"7072",24,"WALKING","test data","tBodyGyroJerkMag-std()",-0.556022765862069
"7073",24,"WALKING_DOWNSTAIRS","test data","tBodyGyroJerkMag-std()",-0.459159852363636
"7074",24,"WALKING_UPSTAIRS","test data","tBodyGyroJerkMag-std()",-0.638180352881356
"7075",1,"STANDING","training data","tBodyGyroJerkMag-std()",-0.994733238679245
"7076",1,"SITTING","training data","tBodyGyroJerkMag-std()",-0.988308728510638
"7077",1,"LAYING","training data","tBodyGyroJerkMag-std()",-0.9358409828
"7078",1,"WALKING","training data","tBodyGyroJerkMag-std()",-0.325324878894737
"7079",1,"WALKING_DOWNSTAIRS","training data","tBodyGyroJerkMag-std()",-0.306510645530612
"7080",1,"WALKING_UPSTAIRS","training data","tBodyGyroJerkMag-std()",-0.648553044339623
"7081",3,"STANDING","training data","tBodyGyroJerkMag-std()",-0.957679766885246
"7082",3,"SITTING","training data","tBodyGyroJerkMag-std()",-0.976772675961538
"7083",3,"LAYING","training data","tBodyGyroJerkMag-std()",-0.983139255645161
"7084",3,"WALKING","training data","tBodyGyroJerkMag-std()",-0.567371560862069
"7085",3,"WALKING_DOWNSTAIRS","training data","tBodyGyroJerkMag-std()",-0.583919211020408
"7086",3,"WALKING_UPSTAIRS","training data","tBodyGyroJerkMag-std()",-0.718028040338983
"7087",5,"STANDING","training data","tBodyGyroJerkMag-std()",-0.947970723571429
"7088",5,"SITTING","training data","tBodyGyroJerkMag-std()",-0.970392610454546
"7089",5,"LAYING","training data","tBodyGyroJerkMag-std()",-0.98377138
"7090",5,"WALKING","training data","tBodyGyroJerkMag-std()",-0.48919974625
"7091",5,"WALKING_DOWNSTAIRS","training data","tBodyGyroJerkMag-std()",-0.450303212340426
"7092",5,"WALKING_UPSTAIRS","training data","tBodyGyroJerkMag-std()",-0.557988065531915
"7093",6,"STANDING","training data","tBodyGyroJerkMag-std()",-0.952536233859649
"7094",6,"SITTING","training data","tBodyGyroJerkMag-std()",-0.950150571818182
"7095",6,"LAYING","training data","tBodyGyroJerkMag-std()",-0.953157001578947
"7096",6,"WALKING","training data","tBodyGyroJerkMag-std()",-0.364708342315789
"7097",6,"WALKING_DOWNSTAIRS","training data","tBodyGyroJerkMag-std()",-0.111228416159583
"7098",6,"WALKING_UPSTAIRS","training data","tBodyGyroJerkMag-std()",-0.440079851313725
"7099",7,"STANDING","training data","tBodyGyroJerkMag-std()",-0.97210793
"7100",7,"SITTING","training data","tBodyGyroJerkMag-std()",-0.976214430208333
"7101",7,"LAYING","training data","tBodyGyroJerkMag-std()",-0.971205137884615
"7102",7,"WALKING","training data","tBodyGyroJerkMag-std()",-0.0953401161070176
"7103",7,"WALKING_DOWNSTAIRS","training data","tBodyGyroJerkMag-std()",-0.29477867693617
"7104",7,"WALKING_UPSTAIRS","training data","tBodyGyroJerkMag-std()",-0.67642807254902
"7105",8,"STANDING","training data","tBodyGyroJerkMag-std()",-0.982460332222222
"7106",8,"SITTING","training data","tBodyGyroJerkMag-std()",-0.986756670869565
"7107",8,"LAYING","training data","tBodyGyroJerkMag-std()",-0.969029111666667
"7108",8,"WALKING","training data","tBodyGyroJerkMag-std()",-0.502957255416667
"7109",8,"WALKING_DOWNSTAIRS","training data","tBodyGyroJerkMag-std()",-0.157484866842105
"7110",8,"WALKING_UPSTAIRS","training data","tBodyGyroJerkMag-std()",-0.493975031707317
"7111",11,"STANDING","training data","tBodyGyroJerkMag-std()",-0.992579166595745
"7112",11,"SITTING","training data","tBodyGyroJerkMag-std()",-0.986256664716981
"7113",11,"LAYING","training data","tBodyGyroJerkMag-std()",-0.984476476666667
"7114",11,"WALKING","training data","tBodyGyroJerkMag-std()",-0.753671416101695
"7115",11,"WALKING_DOWNSTAIRS","training data","tBodyGyroJerkMag-std()",-0.677750588478261
"7116",11,"WALKING_UPSTAIRS","training data","tBodyGyroJerkMag-std()",-0.80112703962963
"7117",14,"STANDING","training data","tBodyGyroJerkMag-std()",-0.966834217
"7118",14,"SITTING","training data","tBodyGyroJerkMag-std()",-0.986963989814815
"7119",14,"LAYING","training data","tBodyGyroJerkMag-std()",-0.964009921960784
"7120",14,"WALKING","training data","tBodyGyroJerkMag-std()",-0.606103313898305
"7121",14,"WALKING_DOWNSTAIRS","training data","tBodyGyroJerkMag-std()",-0.274744003577778
"7122",14,"WALKING_UPSTAIRS","training data","tBodyGyroJerkMag-std()",-0.485819293703704
"7123",15,"STANDING","training data","tBodyGyroJerkMag-std()",-0.98143282754717
"7124",15,"SITTING","training data","tBodyGyroJerkMag-std()",-0.989720049491525
"7125",15,"LAYING","training data","tBodyGyroJerkMag-std()",-0.973650041666667
"7126",15,"WALKING","training data","tBodyGyroJerkMag-std()",-0.63778595537037
"7127",15,"WALKING_DOWNSTAIRS","training data","tBodyGyroJerkMag-std()",-0.563640131190476
"7128",15,"WALKING_UPSTAIRS","training data","tBodyGyroJerkMag-std()",-0.748954848541667
"7129",16,"STANDING","training data","tBodyGyroJerkMag-std()",-0.990809427435897
"7130",16,"SITTING","training data","tBodyGyroJerkMag-std()",-0.988261252608696
"7131",16,"LAYING","training data","tBodyGyroJerkMag-std()",-0.988212425428571
"7132",16,"WALKING","training data","tBodyGyroJerkMag-std()",-0.722808438431373
"7133",16,"WALKING_DOWNSTAIRS","training data","tBodyGyroJerkMag-std()",-0.595822214468085
"7134",16,"WALKING_UPSTAIRS","training data","tBodyGyroJerkMag-std()",-0.797293228431373
"7135",17,"STANDING","training data","tBodyGyroJerkMag-std()",-0.992372117307692
"7136",17,"SITTING","training data","tBodyGyroJerkMag-std()",-0.994446755625
"7137",17,"LAYING","training data","tBodyGyroJerkMag-std()",-0.982038121126761
"7138",17,"WALKING","training data","tBodyGyroJerkMag-std()",-0.53970849147541
"7139",17,"WALKING_DOWNSTAIRS","training data","tBodyGyroJerkMag-std()",-0.592319490869565
"7140",17,"WALKING_UPSTAIRS","training data","tBodyGyroJerkMag-std()",-0.68231162875
"7141",19,"STANDING","training data","tBodyGyroJerkMag-std()",-0.983069427945205
"7142",19,"SITTING","training data","tBodyGyroJerkMag-std()",-0.985831284657534
"7143",19,"LAYING","training data","tBodyGyroJerkMag-std()",-0.980245510843374
"7144",19,"WALKING","training data","tBodyGyroJerkMag-std()",-0.271487480103846
"7145",19,"WALKING_DOWNSTAIRS","training data","tBodyGyroJerkMag-std()",-0.0438985022538462
"7146",19,"WALKING_UPSTAIRS","training data","tBodyGyroJerkMag-std()",-0.50740029025
"7147",21,"STANDING","training data","tBodyGyroJerkMag-std()",-0.976153687752809
"7148",21,"SITTING","training data","tBodyGyroJerkMag-std()",-0.990302232705882
"7149",21,"LAYING","training data","tBodyGyroJerkMag-std()",-0.982246471555556
"7150",21,"WALKING","training data","tBodyGyroJerkMag-std()",-0.450369988846154
"7151",21,"WALKING_DOWNSTAIRS","training data","tBodyGyroJerkMag-std()",-0.509130858444444
"7152",21,"WALKING_UPSTAIRS","training data","tBodyGyroJerkMag-std()",-0.647723419148936
"7153",22,"STANDING","training data","tBodyGyroJerkMag-std()",-0.966086148412698
"7154",22,"SITTING","training data","tBodyGyroJerkMag-std()",-0.976503766290323
"7155",22,"LAYING","training data","tBodyGyroJerkMag-std()",-0.974201690972222
"7156",22,"WALKING","training data","tBodyGyroJerkMag-std()",-0.503106312391304
"7157",22,"WALKING_DOWNSTAIRS","training data","tBodyGyroJerkMag-std()",-0.617659355833333
"7158",22,"WALKING_UPSTAIRS","training data","tBodyGyroJerkMag-std()",-0.675633024285714
"7159",23,"STANDING","training data","tBodyGyroJerkMag-std()",-0.972387365294118
"7160",23,"SITTING","training data","tBodyGyroJerkMag-std()",-0.979226997941177
"7161",23,"LAYING","training data","tBodyGyroJerkMag-std()",-0.981314831666667
"7162",23,"WALKING","training data","tBodyGyroJerkMag-std()",0.250173204117966
"7163",23,"WALKING_DOWNSTAIRS","training data","tBodyGyroJerkMag-std()",0.0594908483888889
"7164",23,"WALKING_UPSTAIRS","training data","tBodyGyroJerkMag-std()",-0.551275188627451
"7165",25,"STANDING","training data","tBodyGyroJerkMag-std()",-0.983230809594595
"7166",25,"SITTING","training data","tBodyGyroJerkMag-std()",-0.991766403076923
"7167",25,"LAYING","training data","tBodyGyroJerkMag-std()",-0.96830952260274
"7168",25,"WALKING","training data","tBodyGyroJerkMag-std()",-0.757032544864865
"7169",25,"WALKING_DOWNSTAIRS","training data","tBodyGyroJerkMag-std()",-0.67960595137931
"7170",25,"WALKING_UPSTAIRS","training data","tBodyGyroJerkMag-std()",-0.824883302769231
"7171",26,"STANDING","training data","tBodyGyroJerkMag-std()",-0.984253792432432
"7172",26,"SITTING","training data","tBodyGyroJerkMag-std()",-0.994033207051282
"7173",26,"LAYING","training data","tBodyGyroJerkMag-std()",-0.989917354473684
"7174",26,"WALKING","training data","tBodyGyroJerkMag-std()",-0.603468672372881
"7175",26,"WALKING_DOWNSTAIRS","training data","tBodyGyroJerkMag-std()",-0.463140795
"7176",26,"WALKING_UPSTAIRS","training data","tBodyGyroJerkMag-std()",-0.661829656545455
"7177",27,"STANDING","training data","tBodyGyroJerkMag-std()",-0.988819784
"7178",27,"SITTING","training data","tBodyGyroJerkMag-std()",-0.992112829571429
"7179",27,"LAYING","training data","tBodyGyroJerkMag-std()",-0.993484313243243
"7180",27,"WALKING","training data","tBodyGyroJerkMag-std()",-0.618718628596491
"7181",27,"WALKING_DOWNSTAIRS","training data","tBodyGyroJerkMag-std()",-0.465807533547727
"7182",27,"WALKING_UPSTAIRS","training data","tBodyGyroJerkMag-std()",-0.724671165490196
"7183",28,"STANDING","training data","tBodyGyroJerkMag-std()",-0.956266480126582
"7184",28,"SITTING","training data","tBodyGyroJerkMag-std()",-0.978441918333333
"7185",28,"LAYING","training data","tBodyGyroJerkMag-std()",-0.96977327725
"7186",28,"WALKING","training data","tBodyGyroJerkMag-std()",-0.579861194259259
"7187",28,"WALKING_DOWNSTAIRS","training data","tBodyGyroJerkMag-std()",-0.407132335434783
"7188",28,"WALKING_UPSTAIRS","training data","tBodyGyroJerkMag-std()",-0.670132120784314
"7189",29,"STANDING","training data","tBodyGyroJerkMag-std()",-0.991453632153846
"7190",29,"SITTING","training data","tBodyGyroJerkMag-std()",-0.994905344
"7191",29,"LAYING","training data","tBodyGyroJerkMag-std()",-0.997666071594203
"7192",29,"WALKING","training data","tBodyGyroJerkMag-std()",-0.612222937169811
"7193",29,"WALKING_DOWNSTAIRS","training data","tBodyGyroJerkMag-std()",-0.59705704875
"7194",29,"WALKING_UPSTAIRS","training data","tBodyGyroJerkMag-std()",-0.712846318367347
"7195",30,"STANDING","training data","tBodyGyroJerkMag-std()",-0.955995671864407
"7196",30,"SITTING","training data","tBodyGyroJerkMag-std()",-0.991280225
"7197",30,"LAYING","training data","tBodyGyroJerkMag-std()",-0.976177142571429
"7198",30,"WALKING","training data","tBodyGyroJerkMag-std()",-0.546977272307692
"7199",30,"WALKING_DOWNSTAIRS","training data","tBodyGyroJerkMag-std()",-0.617662073548387
"7200",30,"WALKING_UPSTAIRS","training data","tBodyGyroJerkMag-std()",-0.774439096769231
"7201",2,"STANDING","test data","fBodyAcc-mean()-X",-0.983946739814815
"7202",2,"SITTING","test data","fBodyAcc-mean()-X",-0.985803840652174
"7203",2,"LAYING","test data","fBodyAcc-mean()-X",-0.976725059791667
"7204",2,"WALKING","test data","fBodyAcc-mean()-X",-0.346048161016949
"7205",2,"WALKING_DOWNSTAIRS","test data","fBodyAcc-mean()-X",0.112841160325532
"7206",2,"WALKING_UPSTAIRS","test data","fBodyAcc-mean()-X",-0.266720933270833
"7207",4,"STANDING","test data","fBodyAcc-mean()-X",-0.973497549642857
"7208",4,"SITTING","test data","fBodyAcc-mean()-X",-0.9774624984
"7209",4,"LAYING","test data","fBodyAcc-mean()-X",-0.958802077592593
"7210",4,"WALKING","test data","fBodyAcc-mean()-X",-0.426719449666667
"7211",4,"WALKING_DOWNSTAIRS","test data","fBodyAcc-mean()-X",-0.0722392276888889
"7212",4,"WALKING_UPSTAIRS","test data","fBodyAcc-mean()-X",-0.294488270365385
"7213",9,"STANDING","test data","fBodyAcc-mean()-X",-0.971662692
"7214",9,"SITTING","test data","fBodyAcc-mean()-X",-0.959413594
"7215",9,"LAYING","test data","fBodyAcc-mean()-X",-0.946865494
"7216",9,"WALKING","test data","fBodyAcc-mean()-X",-0.294711163653846
"7217",9,"WALKING_DOWNSTAIRS","test data","fBodyAcc-mean()-X",0.103128506197619
"7218",9,"WALKING_UPSTAIRS","test data","fBodyAcc-mean()-X",-0.342735952653061
"7219",10,"STANDING","test data","fBodyAcc-mean()-X",-0.970099814318182
"7220",10,"SITTING","test data","fBodyAcc-mean()-X",-0.984943144259259
"7221",10,"LAYING","test data","fBodyAcc-mean()-X",-0.96918420862069
"7222",10,"WALKING","test data","fBodyAcc-mean()-X",-0.114190001283019
"7223",10,"WALKING_DOWNSTAIRS","test data","fBodyAcc-mean()-X",0.215665273157895
"7224",10,"WALKING_UPSTAIRS","test data","fBodyAcc-mean()-X",-0.139410790617021
"7225",12,"STANDING","test data","fBodyAcc-mean()-X",-0.976469472295082
"7226",12,"SITTING","test data","fBodyAcc-mean()-X",-0.97966614372549
"7227",12,"LAYING","test data","fBodyAcc-mean()-X",-0.956248487666667
"7228",12,"WALKING","test data","fBodyAcc-mean()-X",-0.05435763951
"7229",12,"WALKING_DOWNSTAIRS","test data","fBodyAcc-mean()-X",0.0235049348717391
"7230",12,"WALKING_UPSTAIRS","test data","fBodyAcc-mean()-X",-0.321447925192308
"7231",13,"STANDING","test data","fBodyAcc-mean()-X",-0.989425965614035
"7232",13,"SITTING","test data","fBodyAcc-mean()-X",-0.990135477755102
"7233",13,"LAYING","test data","fBodyAcc-mean()-X",-0.974716920483871
"7234",13,"WALKING","test data","fBodyAcc-mean()-X",-0.335030121052632
"7235",13,"WALKING_DOWNSTAIRS","test data","fBodyAcc-mean()-X",-0.0726602663212766
"7236",13,"WALKING_UPSTAIRS","test data","fBodyAcc-mean()-X",-0.382460736363636
"7237",18,"STANDING","test data","fBodyAcc-mean()-X",-0.990409919315068
"7238",18,"SITTING","test data","fBodyAcc-mean()-X",-0.993144920175439
"7239",18,"LAYING","test data","fBodyAcc-mean()-X",-0.985179972153846
"7240",18,"WALKING","test data","fBodyAcc-mean()-X",-0.37147515625
"7241",18,"WALKING_DOWNSTAIRS","test data","fBodyAcc-mean()-X",-0.350086793272727
"7242",18,"WALKING_UPSTAIRS","test data","fBodyAcc-mean()-X",-0.465097261896552
"7243",20,"STANDING","test data","fBodyAcc-mean()-X",-0.96193272890411
"7244",20,"SITTING","test data","fBodyAcc-mean()-X",-0.981203064242424
"7245",20,"LAYING","test data","fBodyAcc-mean()-X",-0.965728781617647
"7246",20,"WALKING","test data","fBodyAcc-mean()-X",-0.147404272166667
"7247",20,"WALKING_DOWNSTAIRS","test data","fBodyAcc-mean()-X",-0.0343309987555556
"7248",20,"WALKING_UPSTAIRS","test data","fBodyAcc-mean()-X",-0.140439074776471
"7249",24,"STANDING","test data","fBodyAcc-mean()-X",-0.984183633623188
"7250",24,"SITTING","test data","fBodyAcc-mean()-X",-0.989529506764706
"7251",24,"LAYING","test data","fBodyAcc-mean()-X",-0.975893687083333
"7252",24,"WALKING","test data","fBodyAcc-mean()-X",-0.492419802586207
"7253",24,"WALKING_DOWNSTAIRS","test data","fBodyAcc-mean()-X",-0.222324293454545
"7254",24,"WALKING_UPSTAIRS","test data","fBodyAcc-mean()-X",-0.395790553898305
"7255",1,"STANDING","training data","fBodyAcc-mean()-X",-0.995249932641509
"7256",1,"SITTING","training data","fBodyAcc-mean()-X",-0.979641238723404
"7257",1,"LAYING","training data","fBodyAcc-mean()-X",-0.9390990524
"7258",1,"WALKING","training data","fBodyAcc-mean()-X",-0.202794306326316
"7259",1,"WALKING_DOWNSTAIRS","training data","fBodyAcc-mean()-X",0.0382291831510204
"7260",1,"WALKING_UPSTAIRS","training data","fBodyAcc-mean()-X",-0.404321784150943
"7261",3,"STANDING","training data","fBodyAcc-mean()-X",-0.960123409508197
"7262",3,"SITTING","training data","fBodyAcc-mean()-X",-0.970154440961538
"7263",3,"LAYING","training data","fBodyAcc-mean()-X",-0.980665609032258
"7264",3,"WALKING","training data","fBodyAcc-mean()-X",-0.316614011689655
"7265",3,"WALKING_DOWNSTAIRS","training data","fBodyAcc-mean()-X",-0.0421706943244898
"7266",3,"WALKING_UPSTAIRS","training data","fBodyAcc-mean()-X",-0.392004211474576
"7267",5,"STANDING","training data","fBodyAcc-mean()-X",-0.964500917321429
"7268",5,"SITTING","training data","fBodyAcc-mean()-X",-0.977450812045455
"7269",5,"LAYING","training data","fBodyAcc-mean()-X",-0.968741678461538
"7270",5,"WALKING","training data","fBodyAcc-mean()-X",-0.287782607410714
"7271",5,"WALKING_DOWNSTAIRS","training data","fBodyAcc-mean()-X",0.0984320090212766
"7272",5,"WALKING_UPSTAIRS","training data","fBodyAcc-mean()-X",-0.161485339978723
"7273",6,"STANDING","training data","fBodyAcc-mean()-X",-0.977100287368421
"7274",6,"SITTING","training data","fBodyAcc-mean()-X",-0.975351454727273
"7275",6,"LAYING","training data","fBodyAcc-mean()-X",-0.939114254210526
"7276",6,"WALKING","training data","fBodyAcc-mean()-X",-0.187934323140351
"7277",6,"WALKING_DOWNSTAIRS","training data","fBodyAcc-mean()-X",0.328308506041667
"7278",6,"WALKING_UPSTAIRS","training data","fBodyAcc-mean()-X",-0.131075372803922
"7279",7,"STANDING","training data","fBodyAcc-mean()-X",-0.976681834339623
"7280",7,"SITTING","training data","fBodyAcc-mean()-X",-0.972697126875
"7281",7,"LAYING","training data","fBodyAcc-mean()-X",-0.953424245576923
"7282",7,"WALKING","training data","fBodyAcc-mean()-X",-0.343048405789474
"7283",7,"WALKING_DOWNSTAIRS","training data","fBodyAcc-mean()-X",0.0443428315319149
"7284",7,"WALKING_UPSTAIRS","training data","fBodyAcc-mean()-X",-0.336199426470588
"7285",8,"STANDING","training data","fBodyAcc-mean()-X",-0.988219862222222
"7286",8,"SITTING","training data","fBodyAcc-mean()-X",-0.981142909782609
"7287",8,"LAYING","training data","fBodyAcc-mean()-X",-0.953538563888889
"7288",8,"WALKING","training data","fBodyAcc-mean()-X",-0.247389011875
"7289",8,"WALKING_DOWNSTAIRS","training data","fBodyAcc-mean()-X",0.136590199860526
"7290",8,"WALKING_UPSTAIRS","training data","fBodyAcc-mean()-X",-0.166411065387805
"7291",11,"STANDING","training data","fBodyAcc-mean()-X",-0.993808050638298
"7292",11,"SITTING","training data","fBodyAcc-mean()-X",-0.981481454339623
"7293",11,"LAYING","training data","fBodyAcc-mean()-X",-0.983801365614035
"7294",11,"WALKING","training data","fBodyAcc-mean()-X",-0.396533731864407
"7295",11,"WALKING_DOWNSTAIRS","training data","fBodyAcc-mean()-X",0.0351937228130435
"7296",11,"WALKING_UPSTAIRS","training data","fBodyAcc-mean()-X",-0.355348902222222
"7297",14,"STANDING","training data","fBodyAcc-mean()-X",-0.9726995625
"7298",14,"SITTING","training data","fBodyAcc-mean()-X",-0.976456609259259
"7299",14,"LAYING","training data","fBodyAcc-mean()-X",-0.933936178235294
"7300",14,"WALKING","training data","fBodyAcc-mean()-X",-0.421498172542373
"7301",14,"WALKING_DOWNSTAIRS","training data","fBodyAcc-mean()-X",0.0212541553977778
"7302",14,"WALKING_UPSTAIRS","training data","fBodyAcc-mean()-X",-0.323508442240741
"7303",15,"STANDING","training data","fBodyAcc-mean()-X",-0.986724998867925
"7304",15,"SITTING","training data","fBodyAcc-mean()-X",-0.986619609491525
"7305",15,"LAYING","training data","fBodyAcc-mean()-X",-0.974016176527778
"7306",15,"WALKING","training data","fBodyAcc-mean()-X",-0.31744092037037
"7307",15,"WALKING_DOWNSTAIRS","training data","fBodyAcc-mean()-X",0.235309825547619
"7308",15,"WALKING_UPSTAIRS","training data","fBodyAcc-mean()-X",-0.0746328434375
"7309",16,"STANDING","training data","fBodyAcc-mean()-X",-0.989427670897436
"7310",16,"SITTING","training data","fBodyAcc-mean()-X",-0.987043828985507
"7311",16,"LAYING","training data","fBodyAcc-mean()-X",-0.980213187428571
"7312",16,"WALKING","training data","fBodyAcc-mean()-X",-0.394790433529412
"7313",16,"WALKING_DOWNSTAIRS","training data","fBodyAcc-mean()-X",0.0368263528276596
"7314",16,"WALKING_UPSTAIRS","training data","fBodyAcc-mean()-X",-0.474984014705882
"7315",17,"STANDING","training data","fBodyAcc-mean()-X",-0.990927533846154
"7316",17,"SITTING","training data","fBodyAcc-mean()-X",-0.9939693815625
"7317",17,"LAYING","training data","fBodyAcc-mean()-X",-0.974359280140845
"7318",17,"WALKING","training data","fBodyAcc-mean()-X",-0.360991674918033
"7319",17,"WALKING_DOWNSTAIRS","training data","fBodyAcc-mean()-X",-0.0226239171245652
"7320",17,"WALKING_UPSTAIRS","training data","fBodyAcc-mean()-X",-0.1397522212625
"7321",19,"STANDING","training data","fBodyAcc-mean()-X",-0.987352048356164
"7322",19,"SITTING","training data","fBodyAcc-mean()-X",-0.979238031780822
"7323",19,"LAYING","training data","fBodyAcc-mean()-X",-0.97453373
"7324",19,"WALKING","training data","fBodyAcc-mean()-X",-0.0299815666923077
"7325",19,"WALKING_DOWNSTAIRS","training data","fBodyAcc-mean()-X",0.537012022051282
"7326",19,"WALKING_UPSTAIRS","training data","fBodyAcc-mean()-X",-0.15687949467775
"7327",21,"STANDING","training data","fBodyAcc-mean()-X",-0.978327686179775
"7328",21,"SITTING","training data","fBodyAcc-mean()-X",-0.990610228
"7329",21,"LAYING","training data","fBodyAcc-mean()-X",-0.968234375555556
"7330",21,"WALKING","training data","fBodyAcc-mean()-X",-0.273496158519231
"7331",21,"WALKING_DOWNSTAIRS","training data","fBodyAcc-mean()-X",0.104323529982222
"7332",21,"WALKING_UPSTAIRS","training data","fBodyAcc-mean()-X",-0.319169340234043
"7333",22,"STANDING","training data","fBodyAcc-mean()-X",-0.980373909206349
"7334",22,"SITTING","training data","fBodyAcc-mean()-X",-0.978505368225806
"7335",22,"LAYING","training data","fBodyAcc-mean()-X",-0.953758542777778
"7336",22,"WALKING","training data","fBodyAcc-mean()-X",-0.0994928588891304
"7337",22,"WALKING_DOWNSTAIRS","training data","fBodyAcc-mean()-X",0.195348406222222
"7338",22,"WALKING_UPSTAIRS","training data","fBodyAcc-mean()-X",-0.0553996485285714
"7339",23,"STANDING","training data","fBodyAcc-mean()-X",-0.983627197058824
"7340",23,"SITTING","training data","fBodyAcc-mean()-X",-0.986325670882353
"7341",23,"LAYING","training data","fBodyAcc-mean()-X",-0.970037238333333
"7342",23,"WALKING","training data","fBodyAcc-mean()-X",-0.275404187920339
"7343",23,"WALKING_DOWNSTAIRS","training data","fBodyAcc-mean()-X",0.205428216353704
"7344",23,"WALKING_UPSTAIRS","training data","fBodyAcc-mean()-X",-0.272605689568627
"7345",25,"STANDING","training data","fBodyAcc-mean()-X",-0.990093202837838
"7346",25,"SITTING","training data","fBodyAcc-mean()-X",-0.991405498153846
"7347",25,"LAYING","training data","fBodyAcc-mean()-X",-0.929147371232877
"7348",25,"WALKING","training data","fBodyAcc-mean()-X",-0.609038908918919
"7349",25,"WALKING_DOWNSTAIRS","training data","fBodyAcc-mean()-X",-0.372245192931034
"7350",25,"WALKING_UPSTAIRS","training data","fBodyAcc-mean()-X",-0.521649838769231
"7351",26,"STANDING","training data","fBodyAcc-mean()-X",-0.991993372297297
"7352",26,"SITTING","training data","fBodyAcc-mean()-X",-0.982579546025641
"7353",26,"LAYING","training data","fBodyAcc-mean()-X",-0.973262289210526
"7354",26,"WALKING","training data","fBodyAcc-mean()-X",-0.321959549661017
"7355",26,"WALKING_DOWNSTAIRS","training data","fBodyAcc-mean()-X",0.022800096142
"7356",26,"WALKING_UPSTAIRS","training data","fBodyAcc-mean()-X",-0.242820756127273
"7357",27,"STANDING","training data","fBodyAcc-mean()-X",-0.99012181225
"7358",27,"SITTING","training data","fBodyAcc-mean()-X",-0.988682108428571
"7359",27,"LAYING","training data","fBodyAcc-mean()-X",-0.980631846891892
"7360",27,"WALKING","training data","fBodyAcc-mean()-X",-0.308702374385965
"7361",27,"WALKING_DOWNSTAIRS","training data","fBodyAcc-mean()-X",0.0829831545090909
"7362",27,"WALKING_UPSTAIRS","training data","fBodyAcc-mean()-X",-0.417607401176471
"7363",28,"STANDING","training data","fBodyAcc-mean()-X",-0.97251980164557
"7364",28,"SITTING","training data","fBodyAcc-mean()-X",-0.979820142638889
"7365",28,"LAYING","training data","fBodyAcc-mean()-X",-0.9739308675
"7366",28,"WALKING","training data","fBodyAcc-mean()-X",-0.280062182962963
"7367",28,"WALKING_DOWNSTAIRS","training data","fBodyAcc-mean()-X",0.0890721752173913
"7368",28,"WALKING_UPSTAIRS","training data","fBodyAcc-mean()-X",-0.266101343372549
"7369",29,"STANDING","training data","fBodyAcc-mean()-X",-0.995024039692308
"7370",29,"SITTING","training data","fBodyAcc-mean()-X",-0.991093963666667
"7371",29,"LAYING","training data","fBodyAcc-mean()-X",-0.986626999275362
"7372",29,"WALKING","training data","fBodyAcc-mean()-X",-0.135819505761321
"7373",29,"WALKING_DOWNSTAIRS","training data","fBodyAcc-mean()-X",0.110663200244167
"7374",29,"WALKING_UPSTAIRS","training data","fBodyAcc-mean()-X",-0.109793480008163
"7375",30,"STANDING","training data","fBodyAcc-mean()-X",-0.972014050847458
"7376",30,"SITTING","training data","fBodyAcc-mean()-X",-0.985008785
"7377",30,"LAYING","training data","fBodyAcc-mean()-X",-0.974789999285714
"7378",30,"WALKING","training data","fBodyAcc-mean()-X",-0.351402910907692
"7379",30,"WALKING_DOWNSTAIRS","training data","fBodyAcc-mean()-X",-0.106966957087097
"7380",30,"WALKING_UPSTAIRS","training data","fBodyAcc-mean()-X",-0.420402828153846
"7381",2,"STANDING","test data","fBodyAcc-mean()-Y",-0.959871697407407
"7382",2,"SITTING","test data","fBodyAcc-mean()-Y",-0.957343498478261
"7383",2,"LAYING","test data","fBodyAcc-mean()-Y",-0.979800877916667
"7384",2,"WALKING","test data","fBodyAcc-mean()-Y",-0.0219048103322034
"7385",2,"WALKING_DOWNSTAIRS","test data","fBodyAcc-mean()-Y",0.278345041765957
"7386",2,"WALKING_UPSTAIRS","test data","fBodyAcc-mean()-Y",0.00992445881854167
"7387",4,"STANDING","test data","fBodyAcc-mean()-Y",-0.889549205
"7388",4,"SITTING","test data","fBodyAcc-mean()-Y",-0.9057829318
"7389",4,"LAYING","test data","fBodyAcc-mean()-Y",-0.938883374444444
"7390",4,"WALKING","test data","fBodyAcc-mean()-Y",-0.14939963344
"7391",4,"WALKING_DOWNSTAIRS","test data","fBodyAcc-mean()-Y",-0.129606639466667
"7392",4,"WALKING_UPSTAIRS","test data","fBodyAcc-mean()-Y",-0.117109161492308
"7393",9,"STANDING","test data","fBodyAcc-mean()-Y",-0.944849431777778
"7394",9,"SITTING","test data","fBodyAcc-mean()-Y",-0.911683219
"7395",9,"LAYING","test data","fBodyAcc-mean()-Y",-0.9343665984
"7396",9,"WALKING","test data","fBodyAcc-mean()-Y",-0.257677616153846
"7397",9,"WALKING_DOWNSTAIRS","test data","fBodyAcc-mean()-Y",-0.183120455428571
"7398",9,"WALKING_UPSTAIRS","test data","fBodyAcc-mean()-Y",-0.405022798163265
"7399",10,"STANDING","test data","fBodyAcc-mean()-Y",-0.923378745227273
"7400",10,"SITTING","test data","fBodyAcc-mean()-Y",-0.9404502
"7401",10,"LAYING","test data","fBodyAcc-mean()-Y",-0.954341849137931
"7402",10,"WALKING","test data","fBodyAcc-mean()-Y",0.0533911909886792
"7403",10,"WALKING_DOWNSTAIRS","test data","fBodyAcc-mean()-Y",0.00904660360263158
"7404",10,"WALKING_UPSTAIRS","test data","fBodyAcc-mean()-Y",-0.0390688222212766
"7405",12,"STANDING","test data","fBodyAcc-mean()-Y",-0.932775677704918
"7406",12,"SITTING","test data","fBodyAcc-mean()-Y",-0.942768016862745
"7407",12,"LAYING","test data","fBodyAcc-mean()-Y",-0.951265971
"7408",12,"WALKING","test data","fBodyAcc-mean()-Y",-0.071302455092
"7409",12,"WALKING_DOWNSTAIRS","test data","fBodyAcc-mean()-Y",0.150510001156522
"7410",12,"WALKING_UPSTAIRS","test data","fBodyAcc-mean()-Y",-0.168341519859615
"7411",13,"STANDING","test data","fBodyAcc-mean()-Y",-0.959427618245614
"7412",13,"SITTING","test data","fBodyAcc-mean()-Y",-0.959673916122449
"7413",13,"LAYING","test data","fBodyAcc-mean()-Y",-0.965843757258064
"7414",13,"WALKING","test data","fBodyAcc-mean()-Y",0.0955150666694737
"7415",13,"WALKING_DOWNSTAIRS","test data","fBodyAcc-mean()-Y",-0.0364535247659574
"7416",13,"WALKING_UPSTAIRS","test data","fBodyAcc-mean()-Y",-0.0636564765818182
"7417",18,"STANDING","test data","fBodyAcc-mean()-Y",-0.961239135479452
"7418",18,"SITTING","test data","fBodyAcc-mean()-Y",-0.976538530350877
"7419",18,"LAYING","test data","fBodyAcc-mean()-Y",-0.984909884615385
"7420",18,"WALKING","test data","fBodyAcc-mean()-Y",-0.24360627125
"7421",18,"WALKING_DOWNSTAIRS","test data","fBodyAcc-mean()-Y",-0.309049613818182
"7422",18,"WALKING_UPSTAIRS","test data","fBodyAcc-mean()-Y",-0.363450742586207
"7423",20,"STANDING","test data","fBodyAcc-mean()-Y",-0.898194212465753
"7424",20,"SITTING","test data","fBodyAcc-mean()-Y",-0.945198619242424
"7425",20,"LAYING","test data","fBodyAcc-mean()-Y",-0.965595958382353
"7426",20,"WALKING","test data","fBodyAcc-mean()-Y",0.403465950921569
"7427",20,"WALKING_DOWNSTAIRS","test data","fBodyAcc-mean()-Y",0.524187686888889
"7428",20,"WALKING_UPSTAIRS","test data","fBodyAcc-mean()-Y",-0.0293832440223529
"7429",24,"STANDING","test data","fBodyAcc-mean()-Y",-0.948970158405797
"7430",24,"SITTING","test data","fBodyAcc-mean()-Y",-0.962773200147059
"7431",24,"LAYING","test data","fBodyAcc-mean()-Y",-0.980830362083333
"7432",24,"WALKING","test data","fBodyAcc-mean()-Y",-0.203193741396552
"7433",24,"WALKING_DOWNSTAIRS","test data","fBodyAcc-mean()-Y",-0.0861829752472727
"7434",24,"WALKING_UPSTAIRS","test data","fBodyAcc-mean()-Y",-0.252412541966102
"7435",1,"STANDING","training data","fBodyAcc-mean()-Y",-0.977070847735849
"7436",1,"SITTING","training data","fBodyAcc-mean()-Y",-0.944084550425532
"7437",1,"LAYING","training data","fBodyAcc-mean()-Y",-0.86706520518
"7438",1,"WALKING","training data","fBodyAcc-mean()-Y",0.0897127264021053
"7439",1,"WALKING_DOWNSTAIRS","training data","fBodyAcc-mean()-Y",0.00154990783591837
"7440",1,"WALKING_UPSTAIRS","training data","fBodyAcc-mean()-Y",-0.190976720811321
"7441",3,"STANDING","training data","fBodyAcc-mean()-Y",-0.908075353770492
"7442",3,"SITTING","training data","fBodyAcc-mean()-Y",-0.891907751346154
"7443",3,"LAYING","training data","fBodyAcc-mean()-Y",-0.961169982903226
"7444",3,"WALKING","training data","fBodyAcc-mean()-Y",-0.0813024353275862
"7445",3,"WALKING_DOWNSTAIRS","training data","fBodyAcc-mean()-Y",-0.00770048300204082
"7446",3,"WALKING_UPSTAIRS","training data","fBodyAcc-mean()-Y",-0.0788094156644068
"7447",5,"STANDING","training data","fBodyAcc-mean()-Y",-0.890796360535714
"7448",5,"SITTING","training data","fBodyAcc-mean()-Y",-0.921434735681818
"7449",5,"LAYING","training data","fBodyAcc-mean()-Y",-0.965419520961538
"7450",5,"WALKING","training data","fBodyAcc-mean()-Y",0.00946037755178572
"7451",5,"WALKING_DOWNSTAIRS","training data","fBodyAcc-mean()-Y",0.0792280694042553
"7452",5,"WALKING_UPSTAIRS","training data","fBodyAcc-mean()-Y",0.0728903158085106
"7453",6,"STANDING","training data","fBodyAcc-mean()-Y",-0.930336471754386
"7454",6,"SITTING","training data","fBodyAcc-mean()-Y",-0.928264365454545
"7455",6,"LAYING","training data","fBodyAcc-mean()-Y",-0.923706791403509
"7456",6,"WALKING","training data","fBodyAcc-mean()-Y",0.140781621991228
"7457",6,"WALKING_DOWNSTAIRS","training data","fBodyAcc-mean()-Y",0.339771173822917
"7458",6,"WALKING_UPSTAIRS","training data","fBodyAcc-mean()-Y",0.0978035099588235
"7459",7,"STANDING","training data","fBodyAcc-mean()-Y",-0.941883783773585
"7460",7,"SITTING","training data","fBodyAcc-mean()-Y",-0.93149063375
"7461",7,"LAYING","training data","fBodyAcc-mean()-Y",-0.942193953846154
"7462",7,"WALKING","training data","fBodyAcc-mean()-Y",-0.0641564202736842
"7463",7,"WALKING_DOWNSTAIRS","training data","fBodyAcc-mean()-Y",-0.145302311446808
"7464",7,"WALKING_UPSTAIRS","training data","fBodyAcc-mean()-Y",-0.381590523137255
"7465",8,"STANDING","training data","fBodyAcc-mean()-Y",-0.9500491
"7466",8,"SITTING","training data","fBodyAcc-mean()-Y",-0.94421971826087
"7467",8,"LAYING","training data","fBodyAcc-mean()-Y",-0.951816663703704
"7468",8,"WALKING","training data","fBodyAcc-mean()-Y",0.316982393333333
"7469",8,"WALKING_DOWNSTAIRS","training data","fBodyAcc-mean()-Y",0.388412779763158
"7470",8,"WALKING_UPSTAIRS","training data","fBodyAcc-mean()-Y",0.263431399878049
"7471",11,"STANDING","training data","fBodyAcc-mean()-Y",-0.968703072553191
"7472",11,"SITTING","training data","fBodyAcc-mean()-Y",-0.934503182830189
"7473",11,"LAYING","training data","fBodyAcc-mean()-Y",-0.971403935438596
"7474",11,"WALKING","training data","fBodyAcc-mean()-Y",-0.0830478435976271
"7475",11,"WALKING_DOWNSTAIRS","training data","fBodyAcc-mean()-Y",0.0247508134326087
"7476",11,"WALKING_UPSTAIRS","training data","fBodyAcc-mean()-Y",-0.254645206944444
"7477",14,"STANDING","training data","fBodyAcc-mean()-Y",-0.942178248333333
"7478",14,"SITTING","training data","fBodyAcc-mean()-Y",-0.932644766111111
"7479",14,"LAYING","training data","fBodyAcc-mean()-Y",-0.930366906078431
"7480",14,"WALKING","training data","fBodyAcc-mean()-Y",-0.174601844847458
"7481",14,"WALKING_DOWNSTAIRS","training data","fBodyAcc-mean()-Y",0.3714824704
"7482",14,"WALKING_UPSTAIRS","training data","fBodyAcc-mean()-Y",0.0163939234574074
"7483",15,"STANDING","training data","fBodyAcc-mean()-Y",-0.943348788679245
"7484",15,"SITTING","training data","fBodyAcc-mean()-Y",-0.938926430779661
"7485",15,"LAYING","training data","fBodyAcc-mean()-Y",-0.962461124305556
"7486",15,"WALKING","training data","fBodyAcc-mean()-Y",0.111321097159074
"7487",15,"WALKING_DOWNSTAIRS","training data","fBodyAcc-mean()-Y",0.167518099964286
"7488",15,"WALKING_UPSTAIRS","training data","fBodyAcc-mean()-Y",-0.1019354328
"7489",16,"STANDING","training data","fBodyAcc-mean()-Y",-0.96931401525641
"7490",16,"SITTING","training data","fBodyAcc-mean()-Y",-0.961456685507246
"7491",16,"LAYING","training data","fBodyAcc-mean()-Y",-0.963635575142857
"7492",16,"WALKING","training data","fBodyAcc-mean()-Y",-0.321500667843137
"7493",16,"WALKING_DOWNSTAIRS","training data","fBodyAcc-mean()-Y",-0.134598352726809
"7494",16,"WALKING_UPSTAIRS","training data","fBodyAcc-mean()-Y",-0.268063812745098
"7495",17,"STANDING","training data","fBodyAcc-mean()-Y",-0.97417056948718
"7496",17,"SITTING","training data","fBodyAcc-mean()-Y",-0.96992798921875
"7497",17,"LAYING","training data","fBodyAcc-mean()-Y",-0.954648102253521
"7498",17,"WALKING","training data","fBodyAcc-mean()-Y",-0.0650267622126229
"7499",17,"WALKING_DOWNSTAIRS","training data","fBodyAcc-mean()-Y",-0.130272514565217
"7500",17,"WALKING_UPSTAIRS","training data","fBodyAcc-mean()-Y",-0.1175197356
"7501",19,"STANDING","training data","fBodyAcc-mean()-Y",-0.952872872465753
"7502",19,"SITTING","training data","fBodyAcc-mean()-Y",-0.960763181917808
"7503",19,"LAYING","training data","fBodyAcc-mean()-Y",-0.972798824096386
"7504",19,"WALKING","training data","fBodyAcc-mean()-Y",0.169258575663077
"7505",19,"WALKING_DOWNSTAIRS","training data","fBodyAcc-mean()-Y",0.494457802230769
"7506",19,"WALKING_UPSTAIRS","training data","fBodyAcc-mean()-Y",0.111818164225
"7507",21,"STANDING","training data","fBodyAcc-mean()-Y",-0.949694904269663
"7508",21,"SITTING","training data","fBodyAcc-mean()-Y",-0.968060947058824
"7509",21,"LAYING","training data","fBodyAcc-mean()-Y",-0.960069247
"7510",21,"WALKING","training data","fBodyAcc-mean()-Y",0.0338465813711538
"7511",21,"WALKING_DOWNSTAIRS","training data","fBodyAcc-mean()-Y",0.181138042506667
"7512",21,"WALKING_UPSTAIRS","training data","fBodyAcc-mean()-Y",0.0221598658106383
"7513",22,"STANDING","training data","fBodyAcc-mean()-Y",-0.929161387619048
"7514",22,"SITTING","training data","fBodyAcc-mean()-Y",-0.939546007903226
"7515",22,"LAYING","training data","fBodyAcc-mean()-Y",-0.925524703472222
"7516",22,"WALKING","training data","fBodyAcc-mean()-Y",0.145367520371739
"7517",22,"WALKING_DOWNSTAIRS","training data","fBodyAcc-mean()-Y",0.225766560777778
"7518",22,"WALKING_UPSTAIRS","training data","fBodyAcc-mean()-Y",0.13068653882619
"7519",23,"STANDING","training data","fBodyAcc-mean()-Y",-0.962831825294118
"7520",23,"SITTING","training data","fBodyAcc-mean()-Y",-0.953460406470588
"7521",23,"LAYING","training data","fBodyAcc-mean()-Y",-0.982072295833333
"7522",23,"WALKING","training data","fBodyAcc-mean()-Y",-0.0724367317966102
"7523",23,"WALKING_DOWNSTAIRS","training data","fBodyAcc-mean()-Y",0.0959432893981482
"7524",23,"WALKING_UPSTAIRS","training data","fBodyAcc-mean()-Y",-0.0769773944803922
"7525",25,"STANDING","training data","fBodyAcc-mean()-Y",-0.959846189054054
"7526",25,"SITTING","training data","fBodyAcc-mean()-Y",-0.959117259384615
"7527",25,"LAYING","training data","fBodyAcc-mean()-Y",-0.78494581909589
"7528",25,"WALKING","training data","fBodyAcc-mean()-Y",-0.251880271094595
"7529",25,"WALKING_DOWNSTAIRS","training data","fBodyAcc-mean()-Y",-0.196381053741379
"7530",25,"WALKING_UPSTAIRS","training data","fBodyAcc-mean()-Y",-0.380150805384615
"7531",26,"STANDING","training data","fBodyAcc-mean()-Y",-0.958402317837838
"7532",26,"SITTING","training data","fBodyAcc-mean()-Y",-0.954299410641026
"7533",26,"LAYING","training data","fBodyAcc-mean()-Y",-0.983664034342105
"7534",26,"WALKING","training data","fBodyAcc-mean()-Y",-0.146702156576271
"7535",26,"WALKING_DOWNSTAIRS","training data","fBodyAcc-mean()-Y",-0.006237000044
"7536",26,"WALKING_UPSTAIRS","training data","fBodyAcc-mean()-Y",-0.185528313272727
"7537",27,"STANDING","training data","fBodyAcc-mean()-Y",-0.961356141125
"7538",27,"SITTING","training data","fBodyAcc-mean()-Y",-0.974057855571429
"7539",27,"LAYING","training data","fBodyAcc-mean()-Y",-0.982915951891892
"7540",27,"WALKING","training data","fBodyAcc-mean()-Y",-0.13678354122807
"7541",27,"WALKING_DOWNSTAIRS","training data","fBodyAcc-mean()-Y",-0.0626729573068182
"7542",27,"WALKING_UPSTAIRS","training data","fBodyAcc-mean()-Y",-0.249688517843137
"7543",28,"STANDING","training data","fBodyAcc-mean()-Y",-0.893430392658228
"7544",28,"SITTING","training data","fBodyAcc-mean()-Y",-0.946351650416667
"7545",28,"LAYING","training data","fBodyAcc-mean()-Y",-0.958436369
"7546",28,"WALKING","training data","fBodyAcc-mean()-Y",-0.127912276044444
"7547",28,"WALKING_DOWNSTAIRS","training data","fBodyAcc-mean()-Y",0.186441733869565
"7548",28,"WALKING_UPSTAIRS","training data","fBodyAcc-mean()-Y",-0.190589069119608
"7549",29,"STANDING","training data","fBodyAcc-mean()-Y",-0.973345770461538
"7550",29,"SITTING","training data","fBodyAcc-mean()-Y",-0.969609501666667
"7551",29,"LAYING","training data","fBodyAcc-mean()-Y",-0.989034304057971
"7552",29,"WALKING","training data","fBodyAcc-mean()-Y",-0.0349642325433962
"7553",29,"WALKING_DOWNSTAIRS","training data","fBodyAcc-mean()-Y",-0.02122937175
"7554",29,"WALKING_UPSTAIRS","training data","fBodyAcc-mean()-Y",-0.196011503540816
"7555",30,"STANDING","training data","fBodyAcc-mean()-Y",-0.919475121186441
"7556",30,"SITTING","training data","fBodyAcc-mean()-Y",-0.954076042258065
"7557",30,"LAYING","training data","fBodyAcc-mean()-Y",-0.959974274571429
"7558",30,"WALKING","training data","fBodyAcc-mean()-Y",-0.193856663907692
"7559",30,"WALKING_DOWNSTAIRS","training data","fBodyAcc-mean()-Y",-0.0216637054241935
"7560",30,"WALKING_UPSTAIRS","training data","fBodyAcc-mean()-Y",-0.297813768569231
"7561",2,"STANDING","test data","fBodyAcc-mean()-Z",-0.962471195740741
"7562",2,"SITTING","test data","fBodyAcc-mean()-Z",-0.970162172608696
"7563",2,"LAYING","test data","fBodyAcc-mean()-Z",-0.984380981875
"7564",2,"WALKING","test data","fBodyAcc-mean()-Z",-0.453806369830508
"7565",2,"WALKING_DOWNSTAIRS","test data","fBodyAcc-mean()-Z",-0.131290772
"7566",2,"WALKING_UPSTAIRS","test data","fBodyAcc-mean()-Z",-0.281001986202083
"7567",4,"STANDING","test data","fBodyAcc-mean()-Z",-0.93164342125
"7568",4,"SITTING","test data","fBodyAcc-mean()-Z",-0.9517837432
"7569",4,"LAYING","test data","fBodyAcc-mean()-Z",-0.967504278888889
"7570",4,"WALKING","test data","fBodyAcc-mean()-Z",-0.631005470833333
"7571",4,"WALKING_DOWNSTAIRS","test data","fBodyAcc-mean()-Z",-0.494683451555556
"7572",4,"WALKING_UPSTAIRS","test data","fBodyAcc-mean()-Z",-0.524655722692308
"7573",9,"STANDING","test data","fBodyAcc-mean()-Z",-0.941686874222222
"7574",9,"SITTING","test data","fBodyAcc-mean()-Z",-0.8922013438
"7575",9,"LAYING","test data","fBodyAcc-mean()-Z",-0.9459190006
"7576",9,"WALKING","test data","fBodyAcc-mean()-Z",-0.250806259788462
"7577",9,"WALKING_DOWNSTAIRS","test data","fBodyAcc-mean()-Z",-0.103705822657857
"7578",9,"WALKING_UPSTAIRS","test data","fBodyAcc-mean()-Z",-0.384710423408163
"7579",10,"STANDING","test data","fBodyAcc-mean()-Z",-0.955272383863636
"7580",10,"SITTING","test data","fBodyAcc-mean()-Z",-0.97464465462963
"7581",10,"LAYING","test data","fBodyAcc-mean()-Z",-0.964300845172414
"7582",10,"WALKING","test data","fBodyAcc-mean()-Z",-0.41218272245283
"7583",10,"WALKING_DOWNSTAIRS","test data","fBodyAcc-mean()-Z",-0.157728357742105
"7584",10,"WALKING_UPSTAIRS","test data","fBodyAcc-mean()-Z",-0.301206408085106
"7585",12,"STANDING","test data","fBodyAcc-mean()-Z",-0.947178200163934
"7586",12,"SITTING","test data","fBodyAcc-mean()-Z",-0.954626628823529
"7587",12,"LAYING","test data","fBodyAcc-mean()-Z",-0.954724801666667
"7588",12,"WALKING","test data","fBodyAcc-mean()-Z",-0.4223253002
"7589",12,"WALKING_DOWNSTAIRS","test data","fBodyAcc-mean()-Z",-0.402121221521739
"7590",12,"WALKING_UPSTAIRS","test data","fBodyAcc-mean()-Z",-0.560841212692308
"7591",13,"STANDING","test data","fBodyAcc-mean()-Z",-0.97756730122807
"7592",13,"SITTING","test data","fBodyAcc-mean()-Z",-0.956183063510204
"7593",13,"LAYING","test data","fBodyAcc-mean()-Z",-0.966295582741935
"7594",13,"WALKING","test data","fBodyAcc-mean()-Z",-0.246851507561404
"7595",13,"WALKING_DOWNSTAIRS","test data","fBodyAcc-mean()-Z",-0.151178724793617
"7596",13,"WALKING_UPSTAIRS","test data","fBodyAcc-mean()-Z",-0.404785239945455
"7597",18,"STANDING","test data","fBodyAcc-mean()-Z",-0.975772813972603
"7598",18,"SITTING","test data","fBodyAcc-mean()-Z",-0.982996441403509
"7599",18,"LAYING","test data","fBodyAcc-mean()-Z",-0.988606906307692
"7600",18,"WALKING","test data","fBodyAcc-mean()-Z",-0.48977105125
"7601",18,"WALKING_DOWNSTAIRS","test data","fBodyAcc-mean()-Z",-0.505824358
"7602",18,"WALKING_UPSTAIRS","test data","fBodyAcc-mean()-Z",-0.522728377068965
"7603",20,"STANDING","test data","fBodyAcc-mean()-Z",-0.929985824794521
"7604",20,"SITTING","test data","fBodyAcc-mean()-Z",-0.947597457121212
"7605",20,"LAYING","test data","fBodyAcc-mean()-Z",-0.976392651323529
"7606",20,"WALKING","test data","fBodyAcc-mean()-Z",-0.272213861705882
"7607",20,"WALKING_DOWNSTAIRS","test data","fBodyAcc-mean()-Z",-0.188098811986667
"7608",20,"WALKING_UPSTAIRS","test data","fBodyAcc-mean()-Z",-0.318431522156863
"7609",24,"STANDING","test data","fBodyAcc-mean()-Z",-0.953817599275362
"7610",24,"SITTING","test data","fBodyAcc-mean()-Z",-0.966991781176471
"7611",24,"LAYING","test data","fBodyAcc-mean()-Z",-0.976634815694444
"7612",24,"WALKING","test data","fBodyAcc-mean()-Z",-0.344493013448276
"7613",24,"WALKING_DOWNSTAIRS","test data","fBodyAcc-mean()-Z",-0.173825083587273
"7614",24,"WALKING_UPSTAIRS","test data","fBodyAcc-mean()-Z",-0.312792211016949
"7615",1,"STANDING","training data","fBodyAcc-mean()-Z",-0.985297098679245
"7616",1,"SITTING","training data","fBodyAcc-mean()-Z",-0.959184889148936
"7617",1,"LAYING","training data","fBodyAcc-mean()-Z",-0.8826668762
"7618",1,"WALKING","training data","fBodyAcc-mean()-Z",-0.331560117789474
"7619",1,"WALKING_DOWNSTAIRS","training data","fBodyAcc-mean()-Z",-0.225574471693878
"7620",1,"WALKING_UPSTAIRS","training data","fBodyAcc-mean()-Z",-0.433349702075472
"7621",3,"STANDING","training data","fBodyAcc-mean()-Z",-0.939507735245902
"7622",3,"SITTING","training data","fBodyAcc-mean()-Z",-0.917987925384615
"7623",3,"LAYING","training data","fBodyAcc-mean()-Z",-0.968332141612903
"7624",3,"WALKING","training data","fBodyAcc-mean()-Z",-0.412374074482759
"7625",3,"WALKING_DOWNSTAIRS","training data","fBodyAcc-mean()-Z",-0.404452414285714
"7626",3,"WALKING_UPSTAIRS","training data","fBodyAcc-mean()-Z",-0.504494528474576
"7627",5,"STANDING","training data","fBodyAcc-mean()-Z",-0.915083799107143
"7628",5,"SITTING","training data","fBodyAcc-mean()-Z",-0.946064216818182
"7629",5,"LAYING","training data","fBodyAcc-mean()-Z",-0.977007724615385
"7630",5,"WALKING","training data","fBodyAcc-mean()-Z",-0.490251090714286
"7631",5,"WALKING_DOWNSTAIRS","training data","fBodyAcc-mean()-Z",-0.374740089574468
"7632",5,"WALKING_UPSTAIRS","training data","fBodyAcc-mean()-Z",-0.457470676808511
"7633",6,"STANDING","training data","fBodyAcc-mean()-Z",-0.942864017017544
"7634",6,"SITTING","training data","fBodyAcc-mean()-Z",-0.935798115272727
"7635",6,"LAYING","training data","fBodyAcc-mean()-Z",-0.938044912280702
"7636",6,"WALKING","training data","fBodyAcc-mean()-Z",-0.498520164385965
"7637",6,"WALKING_DOWNSTAIRS","training data","fBodyAcc-mean()-Z",-0.277602590916667
"7638",6,"WALKING_UPSTAIRS","training data","fBodyAcc-mean()-Z",-0.42724809972549
"7639",7,"STANDING","training data","fBodyAcc-mean()-Z",-0.938550519811321
"7640",7,"SITTING","training data","fBodyAcc-mean()-Z",-0.904675337916667
"7641",7,"LAYING","training data","fBodyAcc-mean()-Z",-0.958611644615385
"7642",7,"WALKING","training data","fBodyAcc-mean()-Z",0.0385832252345614
"7643",7,"WALKING_DOWNSTAIRS","training data","fBodyAcc-mean()-Z",-0.139216222106383
"7644",7,"WALKING_UPSTAIRS","training data","fBodyAcc-mean()-Z",-0.317461021372549
"7645",8,"STANDING","training data","fBodyAcc-mean()-Z",-0.950362935555556
"7646",8,"SITTING","training data","fBodyAcc-mean()-Z",-0.959436275869565
"7647",8,"LAYING","training data","fBodyAcc-mean()-Z",-0.944269514074074
"7648",8,"WALKING","training data","fBodyAcc-mean()-Z",-0.238634594791667
"7649",8,"WALKING_DOWNSTAIRS","training data","fBodyAcc-mean()-Z",0.159589756534211
"7650",8,"WALKING_UPSTAIRS","training data","fBodyAcc-mean()-Z",-0.0729496941121951
"7651",11,"STANDING","training data","fBodyAcc-mean()-Z",-0.987669785531915
"7652",11,"SITTING","training data","fBodyAcc-mean()-Z",-0.972855110377359
"7653",11,"LAYING","training data","fBodyAcc-mean()-Z",-0.973576812807018
"7654",11,"WALKING","training data","fBodyAcc-mean()-Z",-0.616402910169492
"7655",11,"WALKING_DOWNSTAIRS","training data","fBodyAcc-mean()-Z",-0.377624755652174
"7656",11,"WALKING_UPSTAIRS","training data","fBodyAcc-mean()-Z",-0.551742083518519
"7657",14,"STANDING","training data","fBodyAcc-mean()-Z",-0.9424220265
"7658",14,"SITTING","training data","fBodyAcc-mean()-Z",-0.944126078888889
"7659",14,"LAYING","training data","fBodyAcc-mean()-Z",-0.927882307058824
"7660",14,"WALKING","training data","fBodyAcc-mean()-Z",-0.177366434042373
"7661",14,"WALKING_DOWNSTAIRS","training data","fBodyAcc-mean()-Z",0.280735952206667
"7662",14,"WALKING_UPSTAIRS","training data","fBodyAcc-mean()-Z",0.191693742633333
"7663",15,"STANDING","training data","fBodyAcc-mean()-Z",-0.965473514528302
"7664",15,"SITTING","training data","fBodyAcc-mean()-Z",-0.963227004915254
"7665",15,"LAYING","training data","fBodyAcc-mean()-Z",-0.95156594625
"7666",15,"WALKING","training data","fBodyAcc-mean()-Z",-0.554942138148148
"7667",15,"WALKING_DOWNSTAIRS","training data","fBodyAcc-mean()-Z",-0.259812204547619
"7668",15,"WALKING_UPSTAIRS","training data","fBodyAcc-mean()-Z",-0.5395910825
"7669",16,"STANDING","training data","fBodyAcc-mean()-Z",-0.969999504230769
"7670",16,"SITTING","training data","fBodyAcc-mean()-Z",-0.959552230434783
"7671",16,"LAYING","training data","fBodyAcc-mean()-Z",-0.974580069142857
"7672",16,"WALKING","training data","fBodyAcc-mean()-Z",-0.244363048235294
"7673",16,"WALKING_DOWNSTAIRS","training data","fBodyAcc-mean()-Z",-0.04769426376
"7674",16,"WALKING_UPSTAIRS","training data","fBodyAcc-mean()-Z",-0.335853041176471
"7675",17,"STANDING","training data","fBodyAcc-mean()-Z",-0.980231575769231
"7676",17,"SITTING","training data","fBodyAcc-mean()-Z",-0.97484160453125
"7677",17,"LAYING","training data","fBodyAcc-mean()-Z",-0.965406091549296
"7678",17,"WALKING","training data","fBodyAcc-mean()-Z",-0.382832802295082
"7679",17,"WALKING_DOWNSTAIRS","training data","fBodyAcc-mean()-Z",-0.3180818605
"7680",17,"WALKING_UPSTAIRS","training data","fBodyAcc-mean()-Z",-0.3999234945625
"7681",19,"STANDING","training data","fBodyAcc-mean()-Z",-0.968543351780822
"7682",19,"SITTING","training data","fBodyAcc-mean()-Z",-0.96633509109589
"7683",19,"LAYING","training data","fBodyAcc-mean()-Z",-0.985340447349398
"7684",19,"WALKING","training data","fBodyAcc-mean()-Z",-0.104423357596154
"7685",19,"WALKING_DOWNSTAIRS","training data","fBodyAcc-mean()-Z",0.110659220744872
"7686",19,"WALKING_UPSTAIRS","training data","fBodyAcc-mean()-Z",-0.2196444734075
"7687",21,"STANDING","training data","fBodyAcc-mean()-Z",-0.960274142134831
"7688",21,"SITTING","training data","fBodyAcc-mean()-Z",-0.970859342941176
"7689",21,"LAYING","training data","fBodyAcc-mean()-Z",-0.961772190555556
"7690",21,"WALKING","training data","fBodyAcc-mean()-Z",-0.300309066730769
"7691",21,"WALKING_DOWNSTAIRS","training data","fBodyAcc-mean()-Z",-0.0769713066866667
"7692",21,"WALKING_UPSTAIRS","training data","fBodyAcc-mean()-Z",-0.321712974042553
"7693",22,"STANDING","training data","fBodyAcc-mean()-Z",-0.957101794126984
"7694",22,"SITTING","training data","fBodyAcc-mean()-Z",-0.946635312419355
"7695",22,"LAYING","training data","fBodyAcc-mean()-Z",-0.954219235555556
"7696",22,"WALKING","training data","fBodyAcc-mean()-Z",-0.25521651373913
"7697",22,"WALKING_DOWNSTAIRS","training data","fBodyAcc-mean()-Z",-0.322795653888889
"7698",22,"WALKING_UPSTAIRS","training data","fBodyAcc-mean()-Z",-0.228019952309524
"7699",23,"STANDING","training data","fBodyAcc-mean()-Z",-0.945170568823529
"7700",23,"SITTING","training data","fBodyAcc-mean()-Z",-0.942031166764706
"7701",23,"LAYING","training data","fBodyAcc-mean()-Z",-0.977515213888889
"7702",23,"WALKING","training data","fBodyAcc-mean()-Z",0.0814081078542373
"7703",23,"WALKING_DOWNSTAIRS","training data","fBodyAcc-mean()-Z",0.280518877574074
"7704",23,"WALKING_UPSTAIRS","training data","fBodyAcc-mean()-Z",-0.070577489272549
"7705",25,"STANDING","training data","fBodyAcc-mean()-Z",-0.974051231216216
"7706",25,"SITTING","training data","fBodyAcc-mean()-Z",-0.974776131230769
"7707",25,"LAYING","training data","fBodyAcc-mean()-Z",-0.816197953561644
"7708",25,"WALKING","training data","fBodyAcc-mean()-Z",-0.533563220540541
"7709",25,"WALKING_DOWNSTAIRS","training data","fBodyAcc-mean()-Z",-0.556097089137931
"7710",25,"WALKING_UPSTAIRS","training data","fBodyAcc-mean()-Z",-0.542931828
"7711",26,"STANDING","training data","fBodyAcc-mean()-Z",-0.97321515527027
"7712",26,"SITTING","training data","fBodyAcc-mean()-Z",-0.967519149358974
"7713",26,"LAYING","training data","fBodyAcc-mean()-Z",-0.984923123552632
"7714",26,"WALKING","training data","fBodyAcc-mean()-Z",-0.33953964559322
"7715",26,"WALKING_DOWNSTAIRS","training data","fBodyAcc-mean()-Z",-0.2796400557
"7716",26,"WALKING_UPSTAIRS","training data","fBodyAcc-mean()-Z",-0.499502759272727
"7717",27,"STANDING","training data","fBodyAcc-mean()-Z",-0.97414624525
"7718",27,"SITTING","training data","fBodyAcc-mean()-Z",-0.974665817
"7719",27,"LAYING","training data","fBodyAcc-mean()-Z",-0.987356589864865
"7720",27,"WALKING","training data","fBodyAcc-mean()-Z",-0.312372595438596
"7721",27,"WALKING_DOWNSTAIRS","training data","fBodyAcc-mean()-Z",-0.241600361090909
"7722",27,"WALKING_UPSTAIRS","training data","fBodyAcc-mean()-Z",-0.418886395098039
"7723",28,"STANDING","training data","fBodyAcc-mean()-Z",-0.934503028481013
"7724",28,"SITTING","training data","fBodyAcc-mean()-Z",-0.952226786666667
"7725",28,"LAYING","training data","fBodyAcc-mean()-Z",-0.961115672375
"7726",28,"WALKING","training data","fBodyAcc-mean()-Z",-0.356337638518519
"7727",28,"WALKING_DOWNSTAIRS","training data","fBodyAcc-mean()-Z",-0.308161634195652
"7728",28,"WALKING_UPSTAIRS","training data","fBodyAcc-mean()-Z",-0.401732939215686
"7729",29,"STANDING","training data","fBodyAcc-mean()-Z",-0.984096024769231
"7730",29,"SITTING","training data","fBodyAcc-mean()-Z",-0.975623030833333
"7731",29,"LAYING","training data","fBodyAcc-mean()-Z",-0.989473926666667
"7732",29,"WALKING","training data","fBodyAcc-mean()-Z",-0.279734839433962
"7733",29,"WALKING_DOWNSTAIRS","training data","fBodyAcc-mean()-Z",-0.266692150208333
"7734",29,"WALKING_UPSTAIRS","training data","fBodyAcc-mean()-Z",-0.320487882857143
"7735",30,"STANDING","training data","fBodyAcc-mean()-Z",-0.938089774915254
"7736",30,"SITTING","training data","fBodyAcc-mean()-Z",-0.966274090645161
"7737",30,"LAYING","training data","fBodyAcc-mean()-Z",-0.970321991714286
"7738",30,"WALKING","training data","fBodyAcc-mean()-Z",-0.309558882615385
"7739",30,"WALKING_DOWNSTAIRS","training data","fBodyAcc-mean()-Z",-0.25806736666129
"7740",30,"WALKING_UPSTAIRS","training data","fBodyAcc-mean()-Z",-0.36751984
"7741",2,"STANDING","test data","fBodyAcc-std()-X",-0.989056469814815
"7742",2,"SITTING","test data","fBodyAcc-std()-X",-0.98736209
"7743",2,"LAYING","test data","fBodyAcc-std()-X",-0.973246482083333
"7744",2,"WALKING","test data","fBodyAcc-std()-X",-0.457651383728814
"7745",2,"WALKING_DOWNSTAIRS","test data","fBodyAcc-std()-X",0.0161046198595745
"7746",2,"WALKING_UPSTAIRS","test data","fBodyAcc-std()-X",-0.320582414375
"7747",4,"STANDING","test data","fBodyAcc-std()-X",-0.978737637678571
"7748",4,"SITTING","test data","fBodyAcc-std()-X",-0.9819081892
"7749",4,"LAYING","test data","fBodyAcc-std()-X",-0.952464881481481
"7750",4,"WALKING","test data","fBodyAcc-std()-X",-0.447234929666667
"7751",4,"WALKING_DOWNSTAIRS","test data","fBodyAcc-std()-X",0.0390098262533333
"7752",4,"WALKING_UPSTAIRS","test data","fBodyAcc-std()-X",-0.173217219014423
"7753",9,"STANDING","test data","fBodyAcc-std()-X",-0.977579248444444
"7754",9,"SITTING","test data","fBodyAcc-std()-X",-0.956903459
"7755",9,"LAYING","test data","fBodyAcc-std()-X",-0.9409810272
"7756",9,"WALKING","test data","fBodyAcc-std()-X",-0.218019977423077
"7757",9,"WALKING_DOWNSTAIRS","test data","fBodyAcc-std()-X",0.250488758869048
"7758",9,"WALKING_UPSTAIRS","test data","fBodyAcc-std()-X",-0.369815777346939
"7759",10,"STANDING","test data","fBodyAcc-std()-X",-0.982949246136364
"7760",10,"SITTING","test data","fBodyAcc-std()-X",-0.982242427777778
"7761",10,"LAYING","test data","fBodyAcc-std()-X",-0.96796803862069
"7762",10,"WALKING","test data","fBodyAcc-std()-X",-0.206366497226415
"7763",10,"WALKING_DOWNSTAIRS","test data","fBodyAcc-std()-X",0.324957743157895
"7764",10,"WALKING_UPSTAIRS","test data","fBodyAcc-std()-X",-0.171957349438298
"7765",12,"STANDING","test data","fBodyAcc-std()-X",-0.983647207377049
"7766",12,"SITTING","test data","fBodyAcc-std()-X",-0.98399947745098
"7767",12,"LAYING","test data","fBodyAcc-std()-X",-0.955207641833333
"7768",12,"WALKING","test data","fBodyAcc-std()-X",-0.160707260634
"7769",12,"WALKING_DOWNSTAIRS","test data","fBodyAcc-std()-X",0.0483347068913043
"7770",12,"WALKING_UPSTAIRS","test data","fBodyAcc-std()-X",-0.278929748076923
"7771",13,"STANDING","test data","fBodyAcc-std()-X",-0.991817705263158
"7772",13,"SITTING","test data","fBodyAcc-std()-X",-0.989410582653061
"7773",13,"LAYING","test data","fBodyAcc-std()-X",-0.966960088387097
"7774",13,"WALKING","test data","fBodyAcc-std()-X",-0.353299848947368
"7775",13,"WALKING_DOWNSTAIRS","test data","fBodyAcc-std()-X",-0.0680436217021277
"7776",13,"WALKING_UPSTAIRS","test data","fBodyAcc-std()-X",-0.266081292363636
"7777",18,"STANDING","test data","fBodyAcc-std()-X",-0.992789068493151
"7778",18,"SITTING","test data","fBodyAcc-std()-X",-0.994906565789474
"7779",18,"LAYING","test data","fBodyAcc-std()-X",-0.984321858307692
"7780",18,"WALKING","test data","fBodyAcc-std()-X",-0.378068199285714
"7781",18,"WALKING_DOWNSTAIRS","test data","fBodyAcc-std()-X",-0.285535871636364
"7782",18,"WALKING_UPSTAIRS","test data","fBodyAcc-std()-X",-0.350639840862069
"7783",20,"STANDING","test data","fBodyAcc-std()-X",-0.96980617890411
"7784",20,"SITTING","test data","fBodyAcc-std()-X",-0.98397837530303
"7785",20,"LAYING","test data","fBodyAcc-std()-X",-0.960997907205882
"7786",20,"WALKING","test data","fBodyAcc-std()-X",-0.234985644352941
"7787",20,"WALKING_DOWNSTAIRS","test data","fBodyAcc-std()-X",0.113033424261778
"7788",20,"WALKING_UPSTAIRS","test data","fBodyAcc-std()-X",-0.108444759592157
"7789",24,"STANDING","test data","fBodyAcc-std()-X",-0.988851853478261
"7790",24,"SITTING","test data","fBodyAcc-std()-X",-0.991100005441176
"7791",24,"LAYING","test data","fBodyAcc-std()-X",-0.965167081805556
"7792",24,"WALKING","test data","fBodyAcc-std()-X",-0.462733639137931
"7793",24,"WALKING_DOWNSTAIRS","test data","fBodyAcc-std()-X",-0.0349085946785455
"7794",24,"WALKING_UPSTAIRS","test data","fBodyAcc-std()-X",-0.326165553050847
"7795",1,"STANDING","training data","fBodyAcc-std()-X",-0.99602834509434
"7796",1,"SITTING","training data","fBodyAcc-std()-X",-0.976412313191489
"7797",1,"LAYING","training data","fBodyAcc-std()-X",-0.9244374346
"7798",1,"WALKING","training data","fBodyAcc-std()-X",-0.319134719578947
"7799",1,"WALKING_DOWNSTAIRS","training data","fBodyAcc-std()-X",0.0243308391387755
"7800",1,"WALKING_UPSTAIRS","training data","fBodyAcc-std()-X",-0.337428188679245
"7801",3,"STANDING","training data","fBodyAcc-std()-X",-0.969931287377049
"7802",3,"SITTING","training data","fBodyAcc-std()-X",-0.971605878461538
"7803",3,"LAYING","training data","fBodyAcc-std()-X",-0.983691129032258
"7804",3,"WALKING","training data","fBodyAcc-std()-X",-0.379276781206897
"7805",3,"WALKING_DOWNSTAIRS","training data","fBodyAcc-std()-X",-0.0654417192653061
"7806",3,"WALKING_UPSTAIRS","training data","fBodyAcc-std()-X",-0.285333024050847
"7807",5,"STANDING","training data","fBodyAcc-std()-X",-0.97066840875
"7808",5,"SITTING","training data","fBodyAcc-std()-X",-0.9825908425
"7809",5,"LAYING","training data","fBodyAcc-std()-X",-0.964953893653846
"7810",5,"WALKING","training data","fBodyAcc-std()-X",-0.297517355196429
"7811",5,"WALKING_DOWNSTAIRS","training data","fBodyAcc-std()-X",0.336554724893617
"7812",5,"WALKING_UPSTAIRS","training data","fBodyAcc-std()-X",-0.00473819670425532
"7813",6,"STANDING","training data","fBodyAcc-std()-X",-0.984067374035088
"7814",6,"SITTING","training data","fBodyAcc-std()-X",-0.982451284727273
"7815",6,"LAYING","training data","fBodyAcc-std()-X",-0.932462941461404
"7816",6,"WALKING","training data","fBodyAcc-std()-X",-0.34522769
"7817",6,"WALKING_DOWNSTAIRS","training data","fBodyAcc-std()-X",0.403369766666667
"7818",6,"WALKING_UPSTAIRS","training data","fBodyAcc-std()-X",-0.0211335627276471
"7819",7,"STANDING","training data","fBodyAcc-std()-X",-0.980541336037736
"7820",7,"SITTING","training data","fBodyAcc-std()-X",-0.972879966041667
"7821",7,"LAYING","training data","fBodyAcc-std()-X",-0.931120580576923
"7822",7,"WALKING","training data","fBodyAcc-std()-X",-0.322034908070175
"7823",7,"WALKING_DOWNSTAIRS","training data","fBodyAcc-std()-X",0.0730110797851064
"7824",7,"WALKING_UPSTAIRS","training data","fBodyAcc-std()-X",-0.279870086215686
"7825",8,"STANDING","training data","fBodyAcc-std()-X",-0.98918374962963
"7826",8,"SITTING","training data","fBodyAcc-std()-X",-0.978256730652174
"7827",8,"LAYING","training data","fBodyAcc-std()-X",-0.940125298333333
"7828",8,"WALKING","training data","fBodyAcc-std()-X",-0.148386858858333
"7829",8,"WALKING_DOWNSTAIRS","training data","fBodyAcc-std()-X",-0.0260463260078947
"7830",8,"WALKING_UPSTAIRS","training data","fBodyAcc-std()-X",-0.175284990170732
"7831",11,"STANDING","training data","fBodyAcc-std()-X",-0.995573762978723
"7832",11,"SITTING","training data","fBodyAcc-std()-X",-0.983389810188679
"7833",11,"LAYING","training data","fBodyAcc-std()-X",-0.985322211929825
"7834",11,"WALKING","training data","fBodyAcc-std()-X",-0.433703311525424
"7835",11,"WALKING_DOWNSTAIRS","training data","fBodyAcc-std()-X",0.179906764395652
"7836",11,"WALKING_UPSTAIRS","training data","fBodyAcc-std()-X",-0.198733655611111
"7837",14,"STANDING","training data","fBodyAcc-std()-X",-0.973605553666667
"7838",14,"SITTING","training data","fBodyAcc-std()-X",-0.976303056851852
"7839",14,"LAYING","training data","fBodyAcc-std()-X",-0.911972655156863
"7840",14,"WALKING","training data","fBodyAcc-std()-X",-0.395859985762712
"7841",14,"WALKING_DOWNSTAIRS","training data","fBodyAcc-std()-X",0.0140826092322222
"7842",14,"WALKING_UPSTAIRS","training data","fBodyAcc-std()-X",-0.304980247962963
"7843",15,"STANDING","training data","fBodyAcc-std()-X",-0.990060962641509
"7844",15,"SITTING","training data","fBodyAcc-std()-X",-0.987384778983051
"7845",15,"LAYING","training data","fBodyAcc-std()-X",-0.971718824583333
"7846",15,"WALKING","training data","fBodyAcc-std()-X",-0.332520626851852
"7847",15,"WALKING_DOWNSTAIRS","training data","fBodyAcc-std()-X",0.466325681428571
"7848",15,"WALKING_UPSTAIRS","training data","fBodyAcc-std()-X",-0.00838243761666667
"7849",16,"STANDING","training data","fBodyAcc-std()-X",-0.989100620641026
"7850",16,"SITTING","training data","fBodyAcc-std()-X",-0.986892418405797
"7851",16,"LAYING","training data","fBodyAcc-std()-X",-0.971409075142857
"7852",16,"WALKING","training data","fBodyAcc-std()-X",-0.409070488039216
"7853",16,"WALKING_DOWNSTAIRS","training data","fBodyAcc-std()-X",0.266115492098298
"7854",16,"WALKING_UPSTAIRS","training data","fBodyAcc-std()-X",-0.369636140980392
"7855",17,"STANDING","training data","fBodyAcc-std()-X",-0.991318528333333
"7856",17,"SITTING","training data","fBodyAcc-std()-X",-0.99465731359375
"7857",17,"LAYING","training data","fBodyAcc-std()-X",-0.972438525352113
"7858",17,"WALKING","training data","fBodyAcc-std()-X",-0.304806274098361
"7859",17,"WALKING_DOWNSTAIRS","training data","fBodyAcc-std()-X",0.258941676302174
"7860",17,"WALKING_UPSTAIRS","training data","fBodyAcc-std()-X",-0.0355381172854167
"7861",19,"STANDING","training data","fBodyAcc-std()-X",-0.991161671369863
"7862",19,"SITTING","training data","fBodyAcc-std()-X",-0.975204245342466
"7863",19,"LAYING","training data","fBodyAcc-std()-X",-0.962085001204819
"7864",19,"WALKING","training data","fBodyAcc-std()-X",-0.0578820787019231
"7865",19,"WALKING_DOWNSTAIRS","training data","fBodyAcc-std()-X",0.658506543333333
"7866",19,"WALKING_UPSTAIRS","training data","fBodyAcc-std()-X",-0.11993477534
"7867",21,"STANDING","training data","fBodyAcc-std()-X",-0.982892836629213
"7868",21,"SITTING","training data","fBodyAcc-std()-X",-0.992375229411765
"7869",21,"LAYING","training data","fBodyAcc-std()-X",-0.950929451222222
"7870",21,"WALKING","training data","fBodyAcc-std()-X",-0.308547185288462
"7871",21,"WALKING_DOWNSTAIRS","training data","fBodyAcc-std()-X",0.266987750733333
"7872",21,"WALKING_UPSTAIRS","training data","fBodyAcc-std()-X",-0.213184048
"7873",22,"STANDING","training data","fBodyAcc-std()-X",-0.987400306031746
"7874",22,"SITTING","training data","fBodyAcc-std()-X",-0.97862319016129
"7875",22,"LAYING","training data","fBodyAcc-std()-X",-0.945656808055556
"7876",22,"WALKING","training data","fBodyAcc-std()-X",0.0243958191369565
"7877",22,"WALKING_DOWNSTAIRS","training data","fBodyAcc-std()-X",0.402891960277778
"7878",22,"WALKING_UPSTAIRS","training data","fBodyAcc-std()-X",0.132048813464286
"7879",23,"STANDING","training data","fBodyAcc-std()-X",-0.986333385588235
"7880",23,"SITTING","training data","fBodyAcc-std()-X",-0.988345258235294
"7881",23,"LAYING","training data","fBodyAcc-std()-X",-0.952410957638889
"7882",23,"WALKING","training data","fBodyAcc-std()-X",-0.329807279830508
"7883",23,"WALKING_DOWNSTAIRS","training data","fBodyAcc-std()-X",-0.0282962478037037
"7884",23,"WALKING_UPSTAIRS","training data","fBodyAcc-std()-X",-0.234309548019608
"7885",25,"STANDING","training data","fBodyAcc-std()-X",-0.992851743243243
"7886",25,"SITTING","training data","fBodyAcc-std()-X",-0.992124279384615
"7887",25,"LAYING","training data","fBodyAcc-std()-X",-0.902547712465753
"7888",25,"WALKING","training data","fBodyAcc-std()-X",-0.591449956486486
"7889",25,"WALKING_DOWNSTAIRS","training data","fBodyAcc-std()-X",-0.213028874331034
"7890",25,"WALKING_UPSTAIRS","training data","fBodyAcc-std()-X",-0.437975786923077
"7891",26,"STANDING","training data","fBodyAcc-std()-X",-0.993702408378378
"7892",26,"SITTING","training data","fBodyAcc-std()-X",-0.978755176794872
"7893",26,"LAYING","training data","fBodyAcc-std()-X",-0.967971891447368
"7894",26,"WALKING","training data","fBodyAcc-std()-X",-0.34799792561017
"7895",26,"WALKING_DOWNSTAIRS","training data","fBodyAcc-std()-X",0.22678384386
"7896",26,"WALKING_UPSTAIRS","training data","fBodyAcc-std()-X",-0.142843838381818
"7897",27,"STANDING","training data","fBodyAcc-std()-X",-0.99287582525
"7898",27,"SITTING","training data","fBodyAcc-std()-X",-0.988659196428571
"7899",27,"LAYING","training data","fBodyAcc-std()-X",-0.977615702567568
"7900",27,"WALKING","training data","fBodyAcc-std()-X",-0.365256349298246
"7901",27,"WALKING_DOWNSTAIRS","training data","fBodyAcc-std()-X",0.194912716568182
"7902",27,"WALKING_UPSTAIRS","training data","fBodyAcc-std()-X",-0.253504065686275
"7903",28,"STANDING","training data","fBodyAcc-std()-X",-0.98026749
"7904",28,"SITTING","training data","fBodyAcc-std()-X",-0.984956708611111
"7905",28,"LAYING","training data","fBodyAcc-std()-X",-0.967324863875
"7906",28,"WALKING","training data","fBodyAcc-std()-X",-0.298832423148148
"7907",28,"WALKING_DOWNSTAIRS","training data","fBodyAcc-std()-X",0.137797082826087
"7908",28,"WALKING_UPSTAIRS","training data","fBodyAcc-std()-X",-0.233726643921569
"7909",29,"STANDING","training data","fBodyAcc-std()-X",-0.996604570307692
"7910",29,"SITTING","training data","fBodyAcc-std()-X",-0.990617521
"7911",29,"LAYING","training data","fBodyAcc-std()-X",-0.983432309130435
"7912",29,"WALKING","training data","fBodyAcc-std()-X",-0.190355976849057
"7913",29,"WALKING_DOWNSTAIRS","training data","fBodyAcc-std()-X",0.187438624270833
"7914",29,"WALKING_UPSTAIRS","training data","fBodyAcc-std()-X",-0.0790625306306122
"7915",30,"STANDING","training data","fBodyAcc-std()-X",-0.980426575762712
"7916",30,"SITTING","training data","fBodyAcc-std()-X",-0.983231005483871
"7917",30,"LAYING","training data","fBodyAcc-std()-X",-0.977045260571429
"7918",30,"WALKING","training data","fBodyAcc-std()-X",-0.344928112461538
"7919",30,"WALKING_DOWNSTAIRS","training data","fBodyAcc-std()-X",-0.0405257091567742
"7920",30,"WALKING_UPSTAIRS","training data","fBodyAcc-std()-X",-0.326260358153846
"7921",2,"STANDING","test data","fBodyAcc-std()-Y",-0.957908842222222
"7922",2,"SITTING","test data","fBodyAcc-std()-Y",-0.950073754130435
"7923",2,"LAYING","test data","fBodyAcc-std()-Y",-0.981025105625
"7924",2,"WALKING","test data","fBodyAcc-std()-Y",-0.16921968620339
"7925",2,"WALKING_DOWNSTAIRS","test data","fBodyAcc-std()-Y",0.171973972957447
"7926",2,"WALKING_UPSTAIRS","test data","fBodyAcc-std()-Y",0.0848802791083333
"7927",4,"STANDING","test data","fBodyAcc-std()-Y",-0.857380281803571
"7928",4,"SITTING","test data","fBodyAcc-std()-Y",-0.8894673494
"7929",4,"LAYING","test data","fBodyAcc-std()-Y",-0.946380971111111
"7930",4,"WALKING","test data","fBodyAcc-std()-Y",-0.101799450565167
"7931",4,"WALKING_DOWNSTAIRS","test data","fBodyAcc-std()-Y",-0.32253131772
"7932",4,"WALKING_UPSTAIRS","test data","fBodyAcc-std()-Y",-0.101434446040385
"7933",9,"STANDING","test data","fBodyAcc-std()-Y",-0.938790016888889
"7934",9,"SITTING","test data","fBodyAcc-std()-Y",-0.86761360746
"7935",9,"LAYING","test data","fBodyAcc-std()-Y",-0.9128367508
"7936",9,"WALKING","test data","fBodyAcc-std()-Y",-0.223972558596154
"7937",9,"WALKING_DOWNSTAIRS","test data","fBodyAcc-std()-Y",-0.273561385142857
"7938",9,"WALKING_UPSTAIRS","test data","fBodyAcc-std()-Y",-0.297641062755102
"7939",10,"STANDING","test data","fBodyAcc-std()-Y",-0.921860476590909
"7940",10,"SITTING","test data","fBodyAcc-std()-Y",-0.912838063018519
"7941",10,"LAYING","test data","fBodyAcc-std()-Y",-0.946229148258621
"7942",10,"WALKING","test data","fBodyAcc-std()-Y",-0.129775706316981
"7943",10,"WALKING_DOWNSTAIRS","test data","fBodyAcc-std()-Y",-0.0633337717526316
"7944",10,"WALKING_UPSTAIRS","test data","fBodyAcc-std()-Y",-0.051628469647234
"7945",12,"STANDING","test data","fBodyAcc-std()-Y",-0.922852028360656
"7946",12,"SITTING","test data","fBodyAcc-std()-Y",-0.926033975686275
"7947",12,"LAYING","test data","fBodyAcc-std()-Y",-0.9506400405
"7948",12,"WALKING","test data","fBodyAcc-std()-Y",-0.20851528006
"7949",12,"WALKING_DOWNSTAIRS","test data","fBodyAcc-std()-Y",0.016749510173913
"7950",12,"WALKING_UPSTAIRS","test data","fBodyAcc-std()-Y",-0.130175559028846
"7951",13,"STANDING","test data","fBodyAcc-std()-Y",-0.947179813157895
"7952",13,"SITTING","test data","fBodyAcc-std()-Y",-0.933666502510204
"7953",13,"LAYING","test data","fBodyAcc-std()-Y",-0.947462328225806
"7954",13,"WALKING","test data","fBodyAcc-std()-Y",0.0921968931052632
"7955",13,"WALKING_DOWNSTAIRS","test data","fBodyAcc-std()-Y",-0.0924444167085106
"7956",13,"WALKING_UPSTAIRS","test data","fBodyAcc-std()-Y",0.114656709636364
"7957",18,"STANDING","test data","fBodyAcc-std()-Y",-0.952911994794521
"7958",18,"SITTING","test data","fBodyAcc-std()-Y",-0.974980068596491
"7959",18,"LAYING","test data","fBodyAcc-std()-Y",-0.986746450769231
"7960",18,"WALKING","test data","fBodyAcc-std()-Y",-0.267273644642857
"7961",18,"WALKING_DOWNSTAIRS","test data","fBodyAcc-std()-Y",-0.273798158
"7962",18,"WALKING_UPSTAIRS","test data","fBodyAcc-std()-Y",-0.190550638155172
"7963",20,"STANDING","test data","fBodyAcc-std()-Y",-0.872525409452055
"7964",20,"SITTING","test data","fBodyAcc-std()-Y",-0.935031700454545
"7965",20,"LAYING","test data","fBodyAcc-std()-Y",-0.964960988382353
"7966",20,"WALKING","test data","fBodyAcc-std()-Y",0.438436341294118
"7967",20,"WALKING_DOWNSTAIRS","test data","fBodyAcc-std()-Y",0.560191344
"7968",20,"WALKING_UPSTAIRS","test data","fBodyAcc-std()-Y",0.16454675022549
"7969",24,"STANDING","test data","fBodyAcc-std()-Y",-0.934454791304348
"7970",24,"SITTING","test data","fBodyAcc-std()-Y",-0.954998005147059
"7971",24,"LAYING","test data","fBodyAcc-std()-Y",-0.984571808472222
"7972",24,"WALKING","test data","fBodyAcc-std()-Y",-0.182766476862069
"7973",24,"WALKING_DOWNSTAIRS","test data","fBodyAcc-std()-Y",-0.169191147529091
"7974",24,"WALKING_UPSTAIRS","test data","fBodyAcc-std()-Y",-0.107787679328814
"7975",1,"STANDING","training data","fBodyAcc-std()-Y",-0.972293102075472
"7976",1,"SITTING","training data","fBodyAcc-std()-Y",-0.917275006382979
"7977",1,"LAYING","training data","fBodyAcc-std()-Y",-0.8336255561
"7978",1,"WALKING","training data","fBodyAcc-std()-Y",0.056040006846
"7979",1,"WALKING_DOWNSTAIRS","training data","fBodyAcc-std()-Y",-0.112963739953061
"7980",1,"WALKING_UPSTAIRS","training data","fBodyAcc-std()-Y",0.0217695106566038
"7981",3,"STANDING","training data","fBodyAcc-std()-Y",-0.89243434852459
"7982",3,"SITTING","training data","fBodyAcc-std()-Y",-0.8496556575
"7983",3,"LAYING","training data","fBodyAcc-std()-Y",-0.964094604193548
"7984",3,"WALKING","training data","fBodyAcc-std()-Y",-0.124030832001724
"7985",3,"WALKING_DOWNSTAIRS","training data","fBodyAcc-std()-Y",-0.109722354322449
"7986",3,"WALKING_UPSTAIRS","training data","fBodyAcc-std()-Y",-0.00803987529661017
"7987",5,"STANDING","training data","fBodyAcc-std()-Y",-0.867933178017857
"7988",5,"SITTING","training data","fBodyAcc-std()-Y",-0.9022915301
"7989",5,"LAYING","training data","fBodyAcc-std()-Y",-0.972909186730769
"7990",5,"WALKING","training data","fBodyAcc-std()-Y",0.0426026830839286
"7991",5,"WALKING_DOWNSTAIRS","training data","fBodyAcc-std()-Y",0.0268269875085106
"7992",5,"WALKING_UPSTAIRS","training data","fBodyAcc-std()-Y",0.165037631180851
"7993",6,"STANDING","training data","fBodyAcc-std()-Y",-0.921449111052632
"7994",6,"SITTING","training data","fBodyAcc-std()-Y",-0.925676956
"7995",6,"LAYING","training data","fBodyAcc-std()-Y",-0.929711219929825
"7996",6,"WALKING","training data","fBodyAcc-std()-Y",0.101699642168947
"7997",6,"WALKING_DOWNSTAIRS","training data","fBodyAcc-std()-Y",0.283247837625
"7998",6,"WALKING_UPSTAIRS","training data","fBodyAcc-std()-Y",0.159123777172549
"7999",7,"STANDING","training data","fBodyAcc-std()-Y",-0.919118753018868
"8000",7,"SITTING","training data","fBodyAcc-std()-Y",-0.904629195833333
"8001",7,"LAYING","training data","fBodyAcc-std()-Y",-0.922917902307692
"8002",7,"WALKING","training data","fBodyAcc-std()-Y",-0.143721823263158
"8003",7,"WALKING_DOWNSTAIRS","training data","fBodyAcc-std()-Y",-0.190187141297872
"8004",7,"WALKING_UPSTAIRS","training data","fBodyAcc-std()-Y",-0.341025552941176
"8005",8,"STANDING","training data","fBodyAcc-std()-Y",-0.936231722777778
"8006",8,"SITTING","training data","fBodyAcc-std()-Y",-0.923829969347826
"8007",8,"LAYING","training data","fBodyAcc-std()-Y",-0.931236756962963
"8008",8,"WALKING","training data","fBodyAcc-std()-Y",0.32484493125
"8009",8,"WALKING_DOWNSTAIRS","training data","fBodyAcc-std()-Y",0.232184078052632
"8010",8,"WALKING_UPSTAIRS","training data","fBodyAcc-std()-Y",0.30540146
"8011",11,"STANDING","training data","fBodyAcc-std()-Y",-0.96350679
"8012",11,"SITTING","training data","fBodyAcc-std()-Y",-0.920047161698113
"8013",11,"LAYING","training data","fBodyAcc-std()-Y",-0.973589287368421
"8014",11,"WALKING","training data","fBodyAcc-std()-Y",-0.0966068285372881
"8015",11,"WALKING_DOWNSTAIRS","training data","fBodyAcc-std()-Y",0.0262777181065217
"8016",11,"WALKING_UPSTAIRS","training data","fBodyAcc-std()-Y",-0.0885048145574074
"8017",14,"STANDING","training data","fBodyAcc-std()-Y",-0.926055903
"8018",14,"SITTING","training data","fBodyAcc-std()-Y",-0.911591208203704
"8019",14,"LAYING","training data","fBodyAcc-std()-Y",-0.905221049156863
"8020",14,"WALKING","training data","fBodyAcc-std()-Y",-0.0542709972186441
"8021",14,"WALKING_DOWNSTAIRS","training data","fBodyAcc-std()-Y",0.29363389996
"8022",14,"WALKING_UPSTAIRS","training data","fBodyAcc-std()-Y",0.356072772037037
"8023",15,"STANDING","training data","fBodyAcc-std()-Y",-0.930286443396226
"8024",15,"SITTING","training data","fBodyAcc-std()-Y",-0.919162700338983
"8025",15,"LAYING","training data","fBodyAcc-std()-Y",-0.964590430138889
"8026",15,"WALKING","training data","fBodyAcc-std()-Y",0.0805646237194445
"8027",15,"WALKING_DOWNSTAIRS","training data","fBodyAcc-std()-Y",0.1199936036
"8028",15,"WALKING_UPSTAIRS","training data","fBodyAcc-std()-Y",-0.0191328333041667
"8029",16,"STANDING","training data","fBodyAcc-std()-Y",-0.958174310128205
"8030",16,"SITTING","training data","fBodyAcc-std()-Y",-0.949829260434783
"8031",16,"LAYING","training data","fBodyAcc-std()-Y",-0.937083636714286
"8032",16,"WALKING","training data","fBodyAcc-std()-Y",-0.354370678627451
"8033",16,"WALKING_DOWNSTAIRS","training data","fBodyAcc-std()-Y",-0.208680587882979
"8034",16,"WALKING_UPSTAIRS","training data","fBodyAcc-std()-Y",-0.166324239117647
"8035",17,"STANDING","training data","fBodyAcc-std()-Y",-0.966427323846154
"8036",17,"SITTING","training data","fBodyAcc-std()-Y",-0.959789141875
"8037",17,"LAYING","training data","fBodyAcc-std()-Y",-0.942791615915493
"8038",17,"WALKING","training data","fBodyAcc-std()-Y",-0.0556137930852459
"8039",17,"WALKING_DOWNSTAIRS","training data","fBodyAcc-std()-Y",-0.0860527358695652
"8040",17,"WALKING_UPSTAIRS","training data","fBodyAcc-std()-Y",-0.0252781736083333
"8041",19,"STANDING","training data","fBodyAcc-std()-Y",-0.943193755068493
"8042",19,"SITTING","training data","fBodyAcc-std()-Y",-0.948053070136986
"8043",19,"LAYING","training data","fBodyAcc-std()-Y",-0.974832075662651
"8044",19,"WALKING","training data","fBodyAcc-std()-Y",0.112615077990385
"8045",19,"WALKING_DOWNSTAIRS","training data","fBodyAcc-std()-Y",0.427928785230769
"8046",19,"WALKING_UPSTAIRS","training data","fBodyAcc-std()-Y",0.13255758081125
"8047",21,"STANDING","training data","fBodyAcc-std()-Y",-0.94354515752809
"8048",21,"SITTING","training data","fBodyAcc-std()-Y",-0.96756129
"8049",21,"LAYING","training data","fBodyAcc-std()-Y",-0.957258971111111
"8050",21,"WALKING","training data","fBodyAcc-std()-Y",-0.00256294245192308
"8051",21,"WALKING_DOWNSTAIRS","training data","fBodyAcc-std()-Y",0.277894323022222
"8052",21,"WALKING_UPSTAIRS","training data","fBodyAcc-std()-Y",0.0823434279595745
"8053",22,"STANDING","training data","fBodyAcc-std()-Y",-0.923657558412698
"8054",22,"SITTING","training data","fBodyAcc-std()-Y",-0.926995253483871
"8055",22,"LAYING","training data","fBodyAcc-std()-Y",-0.912562856666667
"8056",22,"WALKING","training data","fBodyAcc-std()-Y",0.00386841059347826
"8057",22,"WALKING_DOWNSTAIRS","training data","fBodyAcc-std()-Y",0.167409716861111
"8058",22,"WALKING_UPSTAIRS","training data","fBodyAcc-std()-Y",0.230058772192857
"8059",23,"STANDING","training data","fBodyAcc-std()-Y",-0.958042411176471
"8060",23,"SITTING","training data","fBodyAcc-std()-Y",-0.930781487205882
"8061",23,"LAYING","training data","fBodyAcc-std()-Y",-0.974304149166667
"8062",23,"WALKING","training data","fBodyAcc-std()-Y",-0.202524061966102
"8063",23,"WALKING_DOWNSTAIRS","training data","fBodyAcc-std()-Y",0.0432283686975926
"8064",23,"WALKING_UPSTAIRS","training data","fBodyAcc-std()-Y",0.0380597405498039
"8065",25,"STANDING","training data","fBodyAcc-std()-Y",-0.95417933
"8066",25,"SITTING","training data","fBodyAcc-std()-Y",-0.944842993230769
"8067",25,"LAYING","training data","fBodyAcc-std()-Y",-0.67238425569863
"8068",25,"WALKING","training data","fBodyAcc-std()-Y",-0.170313804039189
"8069",25,"WALKING_DOWNSTAIRS","training data","fBodyAcc-std()-Y",-0.166842375587931
"8070",25,"WALKING_UPSTAIRS","training data","fBodyAcc-std()-Y",-0.199988428584615
"8071",26,"STANDING","training data","fBodyAcc-std()-Y",-0.947829677432432
"8072",26,"SITTING","training data","fBodyAcc-std()-Y",-0.937783538974359
"8073",26,"LAYING","training data","fBodyAcc-std()-Y",-0.983317083947368
"8074",26,"WALKING","training data","fBodyAcc-std()-Y",-0.185725832305085
"8075",26,"WALKING_DOWNSTAIRS","training data","fBodyAcc-std()-Y",-0.078283777824
"8076",26,"WALKING_UPSTAIRS","training data","fBodyAcc-std()-Y",-0.0439473073581818
"8077",27,"STANDING","training data","fBodyAcc-std()-Y",-0.954381606375
"8078",27,"SITTING","training data","fBodyAcc-std()-Y",-0.971266062714286
"8079",27,"LAYING","training data","fBodyAcc-std()-Y",-0.984269087972973
"8080",27,"WALKING","training data","fBodyAcc-std()-Y",-0.267741550175439
"8081",27,"WALKING_DOWNSTAIRS","training data","fBodyAcc-std()-Y",-0.17564706475
"8082",27,"WALKING_UPSTAIRS","training data","fBodyAcc-std()-Y",-0.0794059822941176
"8083",28,"STANDING","training data","fBodyAcc-std()-Y",-0.87446926556962
"8084",28,"SITTING","training data","fBodyAcc-std()-Y",-0.939885478333333
"8085",28,"LAYING","training data","fBodyAcc-std()-Y",-0.94200397775
"8086",28,"WALKING","training data","fBodyAcc-std()-Y",-0.168789019540741
"8087",28,"WALKING_DOWNSTAIRS","training data","fBodyAcc-std()-Y",0.065301199843913
"8088",28,"WALKING_UPSTAIRS","training data","fBodyAcc-std()-Y",-0.178554981115686
"8089",29,"STANDING","training data","fBodyAcc-std()-Y",-0.968278553076923
"8090",29,"SITTING","training data","fBodyAcc-std()-Y",-0.961693949333333
"8091",29,"LAYING","training data","fBodyAcc-std()-Y",-0.990680395362319
"8092",29,"WALKING","training data","fBodyAcc-std()-Y",-0.182068539584906
"8093",29,"WALKING_DOWNSTAIRS","training data","fBodyAcc-std()-Y",-0.239349053641667
"8094",29,"WALKING_UPSTAIRS","training data","fBodyAcc-std()-Y",-0.141258066657755
"8095",30,"STANDING","training data","fBodyAcc-std()-Y",-0.885572781694915
"8096",30,"SITTING","training data","fBodyAcc-std()-Y",-0.933992577903226
"8097",30,"LAYING","training data","fBodyAcc-std()-Y",-0.9535584
"8098",30,"WALKING","training data","fBodyAcc-std()-Y",-0.215634315369231
"8099",30,"WALKING_DOWNSTAIRS","training data","fBodyAcc-std()-Y",-0.0934682613774194
"8100",30,"WALKING_UPSTAIRS","training data","fBodyAcc-std()-Y",-0.104299180318462
"8101",2,"STANDING","test data","fBodyAcc-std()-Z",-0.946433583518518
"8102",2,"SITTING","test data","fBodyAcc-std()-Z",-0.956862864130435
"8103",2,"LAYING","test data","fBodyAcc-std()-Z",-0.984792185
"8104",2,"WALKING","test data","fBodyAcc-std()-Z",-0.455222146440678
"8105",2,"WALKING_DOWNSTAIRS","test data","fBodyAcc-std()-Z",-0.162032894287234
"8106",2,"WALKING_UPSTAIRS","test data","fBodyAcc-std()-Z",-0.09454497643125
"8107",4,"STANDING","test data","fBodyAcc-std()-Z",-0.887554317678571
"8108",4,"SITTING","test data","fBodyAcc-std()-Z",-0.9269993168
"8109",4,"LAYING","test data","fBodyAcc-std()-Z",-0.962154454259259
"8110",4,"WALKING","test data","fBodyAcc-std()-Z",-0.594198325666667
"8111",4,"WALKING_DOWNSTAIRS","test data","fBodyAcc-std()-Z",-0.512694303111111
"8112",4,"WALKING_UPSTAIRS","test data","fBodyAcc-std()-Z",-0.345109817692308
"8113",9,"STANDING","test data","fBodyAcc-std()-Z",-0.913896832222222
"8114",9,"SITTING","test data","fBodyAcc-std()-Z",-0.818001834824
"8115",9,"LAYING","test data","fBodyAcc-std()-Z",-0.9419711636
"8116",9,"WALKING","test data","fBodyAcc-std()-Z",-0.0337965256573077
"8117",9,"WALKING_DOWNSTAIRS","test data","fBodyAcc-std()-Z",-0.0349494927142857
"8118",9,"WALKING_UPSTAIRS","test data","fBodyAcc-std()-Z",-0.244081808302041
"8119",10,"STANDING","test data","fBodyAcc-std()-Z",-0.938098683181818
"8120",10,"SITTING","test data","fBodyAcc-std()-Z",-0.966121042592593
"8121",10,"LAYING","test data","fBodyAcc-std()-Z",-0.959813667810345
"8122",10,"WALKING","test data","fBodyAcc-std()-Z",-0.435304215660377
"8123",10,"WALKING_DOWNSTAIRS","test data","fBodyAcc-std()-Z",-0.268686170263158
"8124",10,"WALKING_UPSTAIRS","test data","fBodyAcc-std()-Z",-0.0342347233914894
"8125",12,"STANDING","test data","fBodyAcc-std()-Z",-0.914189183770492
"8126",12,"SITTING","test data","fBodyAcc-std()-Z",-0.935916958235294
"8127",12,"LAYING","test data","fBodyAcc-std()-Z",-0.948380833666667
"8128",12,"WALKING","test data","fBodyAcc-std()-Z",-0.4521466944
"8129",12,"WALKING_DOWNSTAIRS","test data","fBodyAcc-std()-Z",-0.48739012673913
"8130",12,"WALKING_UPSTAIRS","test data","fBodyAcc-std()-Z",-0.418599992115385
"8131",13,"STANDING","test data","fBodyAcc-std()-Z",-0.964048080877193
"8132",13,"SITTING","test data","fBodyAcc-std()-Z",-0.934189007346939
"8133",13,"LAYING","test data","fBodyAcc-std()-Z",-0.945852135806452
"8134",13,"WALKING","test data","fBodyAcc-std()-Z",-0.269896395250877
"8135",13,"WALKING_DOWNSTAIRS","test data","fBodyAcc-std()-Z",-0.233315176510213
"8136",13,"WALKING_UPSTAIRS","test data","fBodyAcc-std()-Z",-0.184842227972182
"8137",18,"STANDING","test data","fBodyAcc-std()-Z",-0.957216177945206
"8138",18,"SITTING","test data","fBodyAcc-std()-Z",-0.975722121403509
"8139",18,"LAYING","test data","fBodyAcc-std()-Z",-0.987224804307692
"8140",18,"WALKING","test data","fBodyAcc-std()-Z",-0.439861578035714
"8141",18,"WALKING_DOWNSTAIRS","test data","fBodyAcc-std()-Z",-0.418258649818182
"8142",18,"WALKING_UPSTAIRS","test data","fBodyAcc-std()-Z",-0.269571390465517
"8143",20,"STANDING","test data","fBodyAcc-std()-Z",-0.910995860273973
"8144",20,"SITTING","test data","fBodyAcc-std()-Z",-0.924947175454545
"8145",20,"LAYING","test data","fBodyAcc-std()-Z",-0.971901324705882
"8146",20,"WALKING","test data","fBodyAcc-std()-Z",-0.26649772672549
"8147",20,"WALKING_DOWNSTAIRS","test data","fBodyAcc-std()-Z",-0.213916756933333
"8148",20,"WALKING_UPSTAIRS","test data","fBodyAcc-std()-Z",-0.242438965196078
"8149",24,"STANDING","test data","fBodyAcc-std()-Z",-0.923802467681159
"8150",24,"SITTING","test data","fBodyAcc-std()-Z",-0.954402697794118
"8151",24,"LAYING","test data","fBodyAcc-std()-Z",-0.973057781805556
"8152",24,"WALKING","test data","fBodyAcc-std()-Z",-0.314646918448276
"8153",24,"WALKING_DOWNSTAIRS","test data","fBodyAcc-std()-Z",-0.291553822381818
"8154",24,"WALKING_UPSTAIRS","test data","fBodyAcc-std()-Z",-0.28314344338983
"8155",1,"STANDING","training data","fBodyAcc-std()-Z",-0.977937259622642
"8156",1,"SITTING","training data","fBodyAcc-std()-Z",-0.934469558085106
"8157",1,"LAYING","training data","fBodyAcc-std()-Z",-0.81289155944
"8158",1,"WALKING","training data","fBodyAcc-std()-Z",-0.279686751494737
"8159",1,"WALKING_DOWNSTAIRS","training data","fBodyAcc-std()-Z",-0.297927894693878
"8160",1,"WALKING_UPSTAIRS","training data","fBodyAcc-std()-Z",0.0859565543849057
"8161",3,"STANDING","training data","fBodyAcc-std()-Z",-0.904801254590164
"8162",3,"SITTING","training data","fBodyAcc-std()-Z",-0.864322464038462
"8163",3,"LAYING","training data","fBodyAcc-std()-Z",-0.96327908016129
"8164",3,"WALKING","training data","fBodyAcc-std()-Z",-0.422998473965517
"8165",3,"WALKING_DOWNSTAIRS","training data","fBodyAcc-std()-Z",-0.389723034061224
"8166",3,"WALKING_UPSTAIRS","training data","fBodyAcc-std()-Z",-0.350797226271186
"8167",5,"STANDING","training data","fBodyAcc-std()-Z",-0.858231387857143
"8168",5,"SITTING","training data","fBodyAcc-std()-Z",-0.92184351
"8169",5,"LAYING","training data","fBodyAcc-std()-Z",-0.965882191153846
"8170",5,"WALKING","training data","fBodyAcc-std()-Z",-0.483059957321429
"8171",5,"WALKING_DOWNSTAIRS","training data","fBodyAcc-std()-Z",-0.353397850212766
"8172",5,"WALKING_UPSTAIRS","training data","fBodyAcc-std()-Z",-0.28925665906383
"8173",6,"STANDING","training data","fBodyAcc-std()-Z",-0.922067224210526
"8174",6,"SITTING","training data","fBodyAcc-std()-Z",-0.925768475636364
"8175",6,"LAYING","training data","fBodyAcc-std()-Z",-0.924004748421053
"8176",6,"WALKING","training data","fBodyAcc-std()-Z",-0.550474621754386
"8177",6,"WALKING_DOWNSTAIRS","training data","fBodyAcc-std()-Z",-0.4060143105
"8178",6,"WALKING_UPSTAIRS","training data","fBodyAcc-std()-Z",-0.36587418445098
"8179",7,"STANDING","training data","fBodyAcc-std()-Z",-0.912358813773585
"8180",7,"SITTING","training data","fBodyAcc-std()-Z",-0.844083052916667
"8181",7,"LAYING","training data","fBodyAcc-std()-Z",-0.953380646346154
"8182",7,"WALKING","training data","fBodyAcc-std()-Z",0.133316828089298
"8183",7,"WALKING_DOWNSTAIRS","training data","fBodyAcc-std()-Z",-0.100121492529787
"8184",7,"WALKING_UPSTAIRS","training data","fBodyAcc-std()-Z",-0.124912269443137
"8185",8,"STANDING","training data","fBodyAcc-std()-Z",-0.919744963888889
"8186",8,"SITTING","training data","fBodyAcc-std()-Z",-0.933889846521739
"8187",8,"LAYING","training data","fBodyAcc-std()-Z",-0.931146497518519
"8188",8,"WALKING","training data","fBodyAcc-std()-Z",-0.158437341970833
"8189",8,"WALKING_DOWNSTAIRS","training data","fBodyAcc-std()-Z",0.0214914840105263
"8190",8,"WALKING_UPSTAIRS","training data","fBodyAcc-std()-Z",0.133766193578049
"8191",11,"STANDING","training data","fBodyAcc-std()-Z",-0.985958517446809
"8192",11,"SITTING","training data","fBodyAcc-std()-Z",-0.967884390943396
"8193",11,"LAYING","training data","fBodyAcc-std()-Z",-0.971668077017544
"8194",11,"WALKING","training data","fBodyAcc-std()-Z",-0.523093394915254
"8195",11,"WALKING_DOWNSTAIRS","training data","fBodyAcc-std()-Z",-0.348626581521739
"8196",11,"WALKING_UPSTAIRS","training data","fBodyAcc-std()-Z",-0.113701770190741
"8197",14,"STANDING","training data","fBodyAcc-std()-Z",-0.917781858666667
"8198",14,"SITTING","training data","fBodyAcc-std()-Z",-0.917678155296296
"8199",14,"LAYING","training data","fBodyAcc-std()-Z",-0.894055710980392
"8200",14,"WALKING","training data","fBodyAcc-std()-Z",0.0854892136933898
"8201",14,"WALKING_DOWNSTAIRS","training data","fBodyAcc-std()-Z",0.427563832371111
"8202",14,"WALKING_UPSTAIRS","training data","fBodyAcc-std()-Z",0.687124163703704
"8203",15,"STANDING","training data","fBodyAcc-std()-Z",-0.947905911320755
"8204",15,"SITTING","training data","fBodyAcc-std()-Z",-0.945704713050847
"8205",15,"LAYING","training data","fBodyAcc-std()-Z",-0.923923991944444
"8206",15,"WALKING","training data","fBodyAcc-std()-Z",-0.537026414814815
"8207",15,"WALKING_DOWNSTAIRS","training data","fBodyAcc-std()-Z",-0.357407559285714
"8208",15,"WALKING_UPSTAIRS","training data","fBodyAcc-std()-Z",-0.349600353270833
"8209",16,"STANDING","training data","fBodyAcc-std()-Z",-0.948540267051282
"8210",16,"SITTING","training data","fBodyAcc-std()-Z",-0.934652146521739
"8211",16,"LAYING","training data","fBodyAcc-std()-Z",-0.962524372714286
"8212",16,"WALKING","training data","fBodyAcc-std()-Z",-0.180501317941176
"8213",16,"WALKING_DOWNSTAIRS","training data","fBodyAcc-std()-Z",-0.0379716239787234
"8214",16,"WALKING_UPSTAIRS","training data","fBodyAcc-std()-Z",-0.094561233145098
"8215",17,"STANDING","training data","fBodyAcc-std()-Z",-0.966999000897436
"8216",17,"SITTING","training data","fBodyAcc-std()-Z",-0.96292107328125
"8217",17,"LAYING","training data","fBodyAcc-std()-Z",-0.950116956478873
"8218",17,"WALKING","training data","fBodyAcc-std()-Z",-0.262391594918033
"8219",17,"WALKING_DOWNSTAIRS","training data","fBodyAcc-std()-Z",-0.245413541641304
"8220",17,"WALKING_UPSTAIRS","training data","fBodyAcc-std()-Z",-0.2048157105
"8221",19,"STANDING","training data","fBodyAcc-std()-Z",-0.947753961643836
"8222",19,"SITTING","training data","fBodyAcc-std()-Z",-0.947514931780822
"8223",19,"LAYING","training data","fBodyAcc-std()-Z",-0.984740998192771
"8224",19,"WALKING","training data","fBodyAcc-std()-Z",-0.233872331063462
"8225",19,"WALKING_DOWNSTAIRS","training data","fBodyAcc-std()-Z",-0.0783635041538461
"8226",19,"WALKING_UPSTAIRS","training data","fBodyAcc-std()-Z",-0.2399806950525
"8227",21,"STANDING","training data","fBodyAcc-std()-Z",-0.942458908314607
"8228",21,"SITTING","training data","fBodyAcc-std()-Z",-0.956412505058824
"8229",21,"LAYING","training data","fBodyAcc-std()-Z",-0.940919006555556
"8230",21,"WALKING","training data","fBodyAcc-std()-Z",-0.164961027194231
"8231",21,"WALKING_DOWNSTAIRS","training data","fBodyAcc-std()-Z",-0.145081705591111
"8232",21,"WALKING_UPSTAIRS","training data","fBodyAcc-std()-Z",-0.22716417293617
"8233",22,"STANDING","training data","fBodyAcc-std()-Z",-0.938409884920635
"8234",22,"SITTING","training data","fBodyAcc-std()-Z",-0.909344305645161
"8235",22,"LAYING","training data","fBodyAcc-std()-Z",-0.941163951388889
"8236",22,"WALKING","training data","fBodyAcc-std()-Z",-0.253643608304348
"8237",22,"WALKING_DOWNSTAIRS","training data","fBodyAcc-std()-Z",-0.383242679444444
"8238",22,"WALKING_UPSTAIRS","training data","fBodyAcc-std()-Z",-0.116753339559524
"8239",23,"STANDING","training data","fBodyAcc-std()-Z",-0.926110099117647
"8240",23,"SITTING","training data","fBodyAcc-std()-Z",-0.896125263911765
"8241",23,"LAYING","training data","fBodyAcc-std()-Z",-0.972261283055556
"8242",23,"WALKING","training data","fBodyAcc-std()-Z",0.1161434407
"8243",23,"WALKING_DOWNSTAIRS","training data","fBodyAcc-std()-Z",0.0947940973814815
"8244",23,"WALKING_UPSTAIRS","training data","fBodyAcc-std()-Z",0.104508755759412
"8245",25,"STANDING","training data","fBodyAcc-std()-Z",-0.96212373972973
"8246",25,"SITTING","training data","fBodyAcc-std()-Z",-0.962090614615385
"8247",25,"LAYING","training data","fBodyAcc-std()-Z",-0.694100368012329
"8248",25,"WALKING","training data","fBodyAcc-std()-Z",-0.430624587162162
"8249",25,"WALKING_DOWNSTAIRS","training data","fBodyAcc-std()-Z",-0.449465441724138
"8250",25,"WALKING_UPSTAIRS","training data","fBodyAcc-std()-Z",-0.237296741292308
"8251",26,"STANDING","training data","fBodyAcc-std()-Z",-0.960027795540541
"8252",26,"SITTING","training data","fBodyAcc-std()-Z",-0.94478134025641
"8253",26,"LAYING","training data","fBodyAcc-std()-Z",-0.984854487894737
"8254",26,"WALKING","training data","fBodyAcc-std()-Z",-0.384445322372881
"8255",26,"WALKING_DOWNSTAIRS","training data","fBodyAcc-std()-Z",-0.3466485178
"8256",26,"WALKING_UPSTAIRS","training data","fBodyAcc-std()-Z",-0.400902256363636
"8257",27,"STANDING","training data","fBodyAcc-std()-Z",-0.958924794125
"8258",27,"SITTING","training data","fBodyAcc-std()-Z",-0.963220672571429
"8259",27,"LAYING","training data","fBodyAcc-std()-Z",-0.986582387972973
"8260",27,"WALKING","training data","fBodyAcc-std()-Z",-0.345515217192982
"8261",27,"WALKING_DOWNSTAIRS","training data","fBodyAcc-std()-Z",-0.303090701863636
"8262",27,"WALKING_UPSTAIRS","training data","fBodyAcc-std()-Z",-0.197338870980392
"8263",28,"STANDING","training data","fBodyAcc-std()-Z",-0.897600800886076
"8264",28,"SITTING","training data","fBodyAcc-std()-Z",-0.9330454775
"8265",28,"LAYING","training data","fBodyAcc-std()-Z",-0.956770904875
"8266",28,"WALKING","training data","fBodyAcc-std()-Z",-0.326046195925926
"8267",28,"WALKING_DOWNSTAIRS","training data","fBodyAcc-std()-Z",-0.416940283043478
"8268",28,"WALKING_UPSTAIRS","training data","fBodyAcc-std()-Z",-0.281685159607843
"8269",29,"STANDING","training data","fBodyAcc-std()-Z",-0.978802973692308
"8270",29,"SITTING","training data","fBodyAcc-std()-Z",-0.965800974333333
"8271",29,"LAYING","training data","fBodyAcc-std()-Z",-0.986378776086957
"8272",29,"WALKING","training data","fBodyAcc-std()-Z",-0.283348100981132
"8273",29,"WALKING_DOWNSTAIRS","training data","fBodyAcc-std()-Z",-0.262073242045833
"8274",29,"WALKING_UPSTAIRS","training data","fBodyAcc-std()-Z",0.203057836877551
"8275",30,"STANDING","training data","fBodyAcc-std()-Z",-0.907286793050847
"8276",30,"SITTING","training data","fBodyAcc-std()-Z",-0.946203823387097
"8277",30,"LAYING","training data","fBodyAcc-std()-Z",-0.967188198571429
"8278",30,"WALKING","training data","fBodyAcc-std()-Z",-0.0931447617846154
"8279",30,"WALKING_DOWNSTAIRS","training data","fBodyAcc-std()-Z",-0.257393372287097
"8280",30,"WALKING_UPSTAIRS","training data","fBodyAcc-std()-Z",0.121447414920923
"8281",2,"STANDING","test data","fBodyAcc-meanFreq()-X",0.108519182924074
"8282",2,"SITTING","test data","fBodyAcc-meanFreq()-X",0.08519282071
"8283",2,"LAYING","test data","fBodyAcc-meanFreq()-X",-0.146482792591667
"8284",2,"WALKING","test data","fBodyAcc-meanFreq()-X",-0.14579548970339
"8285",2,"WALKING_DOWNSTAIRS","test data","fBodyAcc-meanFreq()-X",-0.273711609659574
"8286",2,"WALKING_UPSTAIRS","test data","fBodyAcc-meanFreq()-X",-0.281748011416667
"8287",4,"STANDING","test data","fBodyAcc-meanFreq()-X",0.0620999958378571
"8288",4,"SITTING","test data","fBodyAcc-meanFreq()-X",0.037381761194
"8289",4,"LAYING","test data","fBodyAcc-meanFreq()-X",-0.274194618766667
"8290",4,"WALKING","test data","fBodyAcc-meanFreq()-X",-0.13859163673
"8291",4,"WALKING_DOWNSTAIRS","test data","fBodyAcc-meanFreq()-X",-0.342285696395556
"8292",4,"WALKING_UPSTAIRS","test data","fBodyAcc-meanFreq()-X",-0.486811749615385
"8293",9,"STANDING","test data","fBodyAcc-meanFreq()-X",-0.105711680368889
"8294",9,"SITTING","test data","fBodyAcc-meanFreq()-X",-0.109383841734
"8295",9,"LAYING","test data","fBodyAcc-meanFreq()-X",-0.4459627774628
"8296",9,"WALKING","test data","fBodyAcc-meanFreq()-X",-0.310727563365385
"8297",9,"WALKING_DOWNSTAIRS","test data","fBodyAcc-meanFreq()-X",-0.440633905714286
"8298",9,"WALKING_UPSTAIRS","test data","fBodyAcc-meanFreq()-X",-0.341219678720408
"8299",10,"STANDING","test data","fBodyAcc-meanFreq()-X",0.159123629063636
"8300",10,"SITTING","test data","fBodyAcc-meanFreq()-X",-0.0826140728898148
"8301",10,"LAYING","test data","fBodyAcc-meanFreq()-X",-0.14052022862069
"8302",10,"WALKING","test data","fBodyAcc-meanFreq()-X",-0.26332591785283
"8303",10,"WALKING_DOWNSTAIRS","test data","fBodyAcc-meanFreq()-X",-0.321679050052632
"8304",10,"WALKING_UPSTAIRS","test data","fBodyAcc-meanFreq()-X",-0.300390927148936
"8305",12,"STANDING","test data","fBodyAcc-meanFreq()-X",0.0636237568327869
"8306",12,"SITTING","test data","fBodyAcc-meanFreq()-X",0.0326699716633333
"8307",12,"LAYING","test data","fBodyAcc-meanFreq()-X",-0.235607185033333
"8308",12,"WALKING","test data","fBodyAcc-meanFreq()-X",-0.26142601202
"8309",12,"WALKING_DOWNSTAIRS","test data","fBodyAcc-meanFreq()-X",-0.332249174152174
"8310",12,"WALKING_UPSTAIRS","test data","fBodyAcc-meanFreq()-X",-0.420235639230769
"8311",13,"STANDING","test data","fBodyAcc-meanFreq()-X",0.0328062514403509
"8312",13,"SITTING","test data","fBodyAcc-meanFreq()-X",-0.00935147348163265
"8313",13,"LAYING","test data","fBodyAcc-meanFreq()-X",-0.262990626162903
"8314",13,"WALKING","test data","fBodyAcc-meanFreq()-X",-0.231462709105263
"8315",13,"WALKING_DOWNSTAIRS","test data","fBodyAcc-meanFreq()-X",-0.385554490319149
"8316",13,"WALKING_UPSTAIRS","test data","fBodyAcc-meanFreq()-X",-0.480080060363636
"8317",18,"STANDING","test data","fBodyAcc-meanFreq()-X",0.0156695760694521
"8318",18,"SITTING","test data","fBodyAcc-meanFreq()-X",0.0512363267736842
"8319",18,"LAYING","test data","fBodyAcc-meanFreq()-X",-0.0975278056098923
"8320",18,"WALKING","test data","fBodyAcc-meanFreq()-X",-0.362107081928571
"8321",18,"WALKING_DOWNSTAIRS","test data","fBodyAcc-meanFreq()-X",-0.435841503272727
"8322",18,"WALKING_UPSTAIRS","test data","fBodyAcc-meanFreq()-X",-0.517596843103448
"8323",20,"STANDING","test data","fBodyAcc-meanFreq()-X",-0.0732793888890411
"8324",20,"SITTING","test data","fBodyAcc-meanFreq()-X",-0.0618890358893939
"8325",20,"LAYING","test data","fBodyAcc-meanFreq()-X",-0.213034275557353
"8326",20,"WALKING","test data","fBodyAcc-meanFreq()-X",-0.227319943784314
"8327",20,"WALKING_DOWNSTAIRS","test data","fBodyAcc-meanFreq()-X",-0.497514721777778
"8328",20,"WALKING_UPSTAIRS","test data","fBodyAcc-meanFreq()-X",-0.448492302764706
"8329",24,"STANDING","test data","fBodyAcc-meanFreq()-X",0.105320736681159
"8330",24,"SITTING","test data","fBodyAcc-meanFreq()-X",-0.0165992981941176
"8331",24,"LAYING","test data","fBodyAcc-meanFreq()-X",-0.401945415305556
"8332",24,"WALKING","test data","fBodyAcc-meanFreq()-X",-0.312046342362069
"8333",24,"WALKING_DOWNSTAIRS","test data","fBodyAcc-meanFreq()-X",-0.541663870181818
"8334",24,"WALKING_UPSTAIRS","test data","fBodyAcc-meanFreq()-X",-0.502463282542373
"8335",1,"STANDING","training data","fBodyAcc-meanFreq()-X",0.0865153619088679
"8336",1,"SITTING","training data","fBodyAcc-meanFreq()-X",-0.0495135975489362
"8337",1,"LAYING","training data","fBodyAcc-meanFreq()-X",-0.158792670508
"8338",1,"WALKING","training data","fBodyAcc-meanFreq()-X",-0.207548374494737
"8339",1,"WALKING_DOWNSTAIRS","training data","fBodyAcc-meanFreq()-X",-0.307395198687755
"8340",1,"WALKING_UPSTAIRS","training data","fBodyAcc-meanFreq()-X",-0.418735000377359
"8341",3,"STANDING","training data","fBodyAcc-meanFreq()-X",-0.087024832195082
"8342",3,"SITTING","training data","fBodyAcc-meanFreq()-X",0.0312989368846154
"8343",3,"LAYING","training data","fBodyAcc-meanFreq()-X",-0.0739526439887097
"8344",3,"WALKING","training data","fBodyAcc-meanFreq()-X",-0.246614196618966
"8345",3,"WALKING_DOWNSTAIRS","training data","fBodyAcc-meanFreq()-X",-0.325863694730612
"8346",3,"WALKING_UPSTAIRS","training data","fBodyAcc-meanFreq()-X",-0.461249740508475
"8347",5,"STANDING","training data","fBodyAcc-meanFreq()-X",-0.0164066779678571
"8348",5,"SITTING","training data","fBodyAcc-meanFreq()-X",-0.0209330490795455
"8349",5,"LAYING","training data","fBodyAcc-meanFreq()-X",-0.135632454076923
"8350",5,"WALKING","training data","fBodyAcc-meanFreq()-X",-0.322382010942857
"8351",5,"WALKING_DOWNSTAIRS","training data","fBodyAcc-meanFreq()-X",-0.45352450106383
"8352",5,"WALKING_UPSTAIRS","training data","fBodyAcc-meanFreq()-X",-0.427706137489362
"8353",6,"STANDING","training data","fBodyAcc-meanFreq()-X",0.0664521774298246
"8354",6,"SITTING","training data","fBodyAcc-meanFreq()-X",0.00304695404363636
"8355",6,"LAYING","training data","fBodyAcc-meanFreq()-X",-0.219729934157895
"8356",6,"WALKING","training data","fBodyAcc-meanFreq()-X",-0.196841736649123
"8357",6,"WALKING_DOWNSTAIRS","training data","fBodyAcc-meanFreq()-X",-0.41164933625
"8358",6,"WALKING_UPSTAIRS","training data","fBodyAcc-meanFreq()-X",-0.44512058675098
"8359",7,"STANDING","training data","fBodyAcc-meanFreq()-X",-0.079704728245283
"8360",7,"SITTING","training data","fBodyAcc-meanFreq()-X",-0.0334312226625
"8361",7,"LAYING","training data","fBodyAcc-meanFreq()-X",-0.635913046346154
"8362",7,"WALKING","training data","fBodyAcc-meanFreq()-X",-0.313727371842105
"8363",7,"WALKING_DOWNSTAIRS","training data","fBodyAcc-meanFreq()-X",-0.365650549446809
"8364",7,"WALKING_UPSTAIRS","training data","fBodyAcc-meanFreq()-X",-0.432684590196078
"8365",8,"STANDING","training data","fBodyAcc-meanFreq()-X",0.0231155666555556
"8366",8,"SITTING","training data","fBodyAcc-meanFreq()-X",-0.164187373097826
"8367",8,"LAYING","training data","fBodyAcc-meanFreq()-X",-0.307248374366667
"8368",8,"WALKING","training data","fBodyAcc-meanFreq()-X",-0.380892405770833
"8369",8,"WALKING_DOWNSTAIRS","training data","fBodyAcc-meanFreq()-X",-0.200757851
"8370",8,"WALKING_UPSTAIRS","training data","fBodyAcc-meanFreq()-X",-0.290117827804878
"8371",11,"STANDING","training data","fBodyAcc-meanFreq()-X",0.0890102416978723
"8372",11,"SITTING","training data","fBodyAcc-meanFreq()-X",-0.050340397354717
"8373",11,"LAYING","training data","fBodyAcc-meanFreq()-X",-0.0637709766210526
"8374",11,"WALKING","training data","fBodyAcc-meanFreq()-X",-0.37360793220339
"8375",11,"WALKING_DOWNSTAIRS","training data","fBodyAcc-meanFreq()-X",-0.400296382043478
"8376",11,"WALKING_UPSTAIRS","training data","fBodyAcc-meanFreq()-X",-0.52447937047037
"8377",14,"STANDING","training data","fBodyAcc-meanFreq()-X",-0.245905018933333
"8378",14,"SITTING","training data","fBodyAcc-meanFreq()-X",-0.145044030516667
"8379",14,"LAYING","training data","fBodyAcc-meanFreq()-X",-0.442950364647059
"8380",14,"WALKING","training data","fBodyAcc-meanFreq()-X",-0.358804611016949
"8381",14,"WALKING_DOWNSTAIRS","training data","fBodyAcc-meanFreq()-X",-0.349609935577778
"8382",14,"WALKING_UPSTAIRS","training data","fBodyAcc-meanFreq()-X",-0.389133559537037
"8383",15,"STANDING","training data","fBodyAcc-meanFreq()-X",0.0627177564339623
"8384",15,"SITTING","training data","fBodyAcc-meanFreq()-X",-4.22904796610179e-05
"8385",15,"LAYING","training data","fBodyAcc-meanFreq()-X",-0.148912121697222
"8386",15,"WALKING","training data","fBodyAcc-meanFreq()-X",-0.395518048333333
"8387",15,"WALKING_DOWNSTAIRS","training data","fBodyAcc-meanFreq()-X",-0.445576739047619
"8388",15,"WALKING_UPSTAIRS","training data","fBodyAcc-meanFreq()-X",-0.505013560208333
"8389",16,"STANDING","training data","fBodyAcc-meanFreq()-X",-0.0162371376025641
"8390",16,"SITTING","training data","fBodyAcc-meanFreq()-X",-0.00757859632753623
"8391",16,"LAYING","training data","fBodyAcc-meanFreq()-X",-0.34641362517
"8392",16,"WALKING","training data","fBodyAcc-meanFreq()-X",-0.350681958176471
"8393",16,"WALKING_DOWNSTAIRS","training data","fBodyAcc-meanFreq()-X",-0.447958436170213
"8394",16,"WALKING_UPSTAIRS","training data","fBodyAcc-meanFreq()-X",-0.438031145882353
"8395",17,"STANDING","training data","fBodyAcc-meanFreq()-X",-0.0325532545820513
"8396",17,"SITTING","training data","fBodyAcc-meanFreq()-X",0.0284866289765625
"8397",17,"LAYING","training data","fBodyAcc-meanFreq()-X",-0.115141826580282
"8398",17,"WALKING","training data","fBodyAcc-meanFreq()-X",-0.414940955557377
"8399",17,"WALKING_DOWNSTAIRS","training data","fBodyAcc-meanFreq()-X",-0.514562240434783
"8400",17,"WALKING_UPSTAIRS","training data","fBodyAcc-meanFreq()-X",-0.5292345090625
"8401",19,"STANDING","training data","fBodyAcc-meanFreq()-X",0.0424164044835616
"8402",19,"SITTING","training data","fBodyAcc-meanFreq()-X",-0.315288055164384
"8403",19,"LAYING","training data","fBodyAcc-meanFreq()-X",-0.25318866264
"8404",19,"WALKING","training data","fBodyAcc-meanFreq()-X",-0.176447542226923
"8405",19,"WALKING_DOWNSTAIRS","training data","fBodyAcc-meanFreq()-X",-0.323137202076923
"8406",19,"WALKING_UPSTAIRS","training data","fBodyAcc-meanFreq()-X",-0.344101732195
"8407",21,"STANDING","training data","fBodyAcc-meanFreq()-X",-0.0850076160265618
"8408",21,"SITTING","training data","fBodyAcc-meanFreq()-X",0.0879110564870588
"8409",21,"LAYING","training data","fBodyAcc-meanFreq()-X",-0.5170305295
"8410",21,"WALKING","training data","fBodyAcc-meanFreq()-X",-0.159448399551923
"8411",21,"WALKING_DOWNSTAIRS","training data","fBodyAcc-meanFreq()-X",-0.437231469111111
"8412",21,"WALKING_UPSTAIRS","training data","fBodyAcc-meanFreq()-X",-0.417990596617021
"8413",22,"STANDING","training data","fBodyAcc-meanFreq()-X",0.00672335972539683
"8414",22,"SITTING","training data","fBodyAcc-meanFreq()-X",-0.162725371198387
"8415",22,"LAYING","training data","fBodyAcc-meanFreq()-X",-0.224663531040542
"8416",22,"WALKING","training data","fBodyAcc-meanFreq()-X",-0.2183853882
"8417",22,"WALKING_DOWNSTAIRS","training data","fBodyAcc-meanFreq()-X",-0.367713771944444
"8418",22,"WALKING_UPSTAIRS","training data","fBodyAcc-meanFreq()-X",-0.21396827747619
"8419",23,"STANDING","training data","fBodyAcc-meanFreq()-X",-0.00428156514117647
"8420",23,"SITTING","training data","fBodyAcc-meanFreq()-X",0.0459466909620588
"8421",23,"LAYING","training data","fBodyAcc-meanFreq()-X",-0.424151160897222
"8422",23,"WALKING","training data","fBodyAcc-meanFreq()-X",-0.271218699661017
"8423",23,"WALKING_DOWNSTAIRS","training data","fBodyAcc-meanFreq()-X",-0.23469362537037
"8424",23,"WALKING_UPSTAIRS","training data","fBodyAcc-meanFreq()-X",-0.416950400284314
"8425",25,"STANDING","training data","fBodyAcc-meanFreq()-X",0.03435282285
"8426",25,"SITTING","training data","fBodyAcc-meanFreq()-X",-0.0316398345215385
"8427",25,"LAYING","training data","fBodyAcc-meanFreq()-X",-0.403359505161644
"8428",25,"WALKING","training data","fBodyAcc-meanFreq()-X",-0.347641742675676
"8429",25,"WALKING_DOWNSTAIRS","training data","fBodyAcc-meanFreq()-X",-0.554632665344828
"8430",25,"WALKING_UPSTAIRS","training data","fBodyAcc-meanFreq()-X",-0.593367433030769
"8431",26,"STANDING","training data","fBodyAcc-meanFreq()-X",0.0910191269432432
"8432",26,"SITTING","training data","fBodyAcc-meanFreq()-X",-0.14901757589359
"8433",26,"LAYING","training data","fBodyAcc-meanFreq()-X",-0.210237992646053
"8434",26,"WALKING","training data","fBodyAcc-meanFreq()-X",-0.299293909932203
"8435",26,"WALKING_DOWNSTAIRS","training data","fBodyAcc-meanFreq()-X",-0.5514383554
"8436",26,"WALKING_UPSTAIRS","training data","fBodyAcc-meanFreq()-X",-0.384393859890909
"8437",27,"STANDING","training data","fBodyAcc-meanFreq()-X",0.13780485515
"8438",27,"SITTING","training data","fBodyAcc-meanFreq()-X",-0.0585153003971429
"8439",27,"LAYING","training data","fBodyAcc-meanFreq()-X",-0.173719387825676
"8440",27,"WALKING","training data","fBodyAcc-meanFreq()-X",-0.301660253842105
"8441",27,"WALKING_DOWNSTAIRS","training data","fBodyAcc-meanFreq()-X",-0.390366905
"8442",27,"WALKING_UPSTAIRS","training data","fBodyAcc-meanFreq()-X",-0.465425792352941
"8443",28,"STANDING","training data","fBodyAcc-meanFreq()-X",0.000355352684810127
"8444",28,"SITTING","training data","fBodyAcc-meanFreq()-X",-0.0155481277013889
"8445",28,"LAYING","training data","fBodyAcc-meanFreq()-X",-0.33011001977875
"8446",28,"WALKING","training data","fBodyAcc-meanFreq()-X",-0.375046889351852
"8447",28,"WALKING_DOWNSTAIRS","training data","fBodyAcc-meanFreq()-X",-0.351195267608696
"8448",28,"WALKING_UPSTAIRS","training data","fBodyAcc-meanFreq()-X",-0.378981881019608
"8449",29,"STANDING","training data","fBodyAcc-meanFreq()-X",0.128678489443077
"8450",29,"SITTING","training data","fBodyAcc-meanFreq()-X",-0.02866874131
"8451",29,"LAYING","training data","fBodyAcc-meanFreq()-X",-0.0876059706014493
"8452",29,"WALKING","training data","fBodyAcc-meanFreq()-X",-0.313574137584906
"8453",29,"WALKING_DOWNSTAIRS","training data","fBodyAcc-meanFreq()-X",-0.403870434583333
"8454",29,"WALKING_UPSTAIRS","training data","fBodyAcc-meanFreq()-X",-0.43825767622449
"8455",30,"STANDING","training data","fBodyAcc-meanFreq()-X",-0.0532792165508475
"8456",30,"SITTING","training data","fBodyAcc-meanFreq()-X",-0.122700486687097
"8457",30,"LAYING","training data","fBodyAcc-meanFreq()-X",-0.222958352901429
"8458",30,"WALKING","training data","fBodyAcc-meanFreq()-X",-0.3463571356
"8459",30,"WALKING_DOWNSTAIRS","training data","fBodyAcc-meanFreq()-X",-0.463302877096774
"8460",30,"WALKING_UPSTAIRS","training data","fBodyAcc-meanFreq()-X",-0.590261485846154
"8461",2,"STANDING","test data","fBodyAcc-meanFreq()-Y",0.0623378066683333
"8462",2,"SITTING","test data","fBodyAcc-meanFreq()-Y",0.150193956163043
"8463",2,"LAYING","test data","fBodyAcc-meanFreq()-Y",0.2572894655
"8464",2,"WALKING","test data","fBodyAcc-meanFreq()-Y",0.198586466508475
"8465",2,"WALKING_DOWNSTAIRS","test data","fBodyAcc-meanFreq()-Y",0.0119309606468085
"8466",2,"WALKING_UPSTAIRS","test data","fBodyAcc-meanFreq()-Y",-0.0618894458958333
"8467",4,"STANDING","test data","fBodyAcc-meanFreq()-Y",-0.0669875048642857
"8468",4,"SITTING","test data","fBodyAcc-meanFreq()-Y",0.07878600934
"8469",4,"LAYING","test data","fBodyAcc-meanFreq()-Y",0.366231448994444
"8470",4,"WALKING","test data","fBodyAcc-meanFreq()-Y",0.0123477342916667
"8471",4,"WALKING_DOWNSTAIRS","test data","fBodyAcc-meanFreq()-Y",0.213581745013333
"8472",4,"WALKING_UPSTAIRS","test data","fBodyAcc-meanFreq()-Y",-0.0662348475480769
"8473",9,"STANDING","test data","fBodyAcc-meanFreq()-Y",-0.00378721862222222
"8474",9,"SITTING","test data","fBodyAcc-meanFreq()-Y",-0.120093395898
"8475",9,"LAYING","test data","fBodyAcc-meanFreq()-Y",-0.215336752654
"8476",9,"WALKING","test data","fBodyAcc-meanFreq()-Y",0.0213195015442308
"8477",9,"WALKING_DOWNSTAIRS","test data","fBodyAcc-meanFreq()-Y",0.0625058243738095
"8478",9,"WALKING_UPSTAIRS","test data","fBodyAcc-meanFreq()-Y",-0.247086151469388
"8479",10,"STANDING","test data","fBodyAcc-meanFreq()-Y",-0.0126234259545455
"8480",10,"SITTING","test data","fBodyAcc-meanFreq()-Y",0.0279319737981482
"8481",10,"LAYING","test data","fBodyAcc-meanFreq()-Y",0.200554088396552
"8482",10,"WALKING","test data","fBodyAcc-meanFreq()-Y",0.243797496811321
"8483",10,"WALKING_DOWNSTAIRS","test data","fBodyAcc-meanFreq()-Y",0.0667192523289474
"8484",10,"WALKING_UPSTAIRS","test data","fBodyAcc-meanFreq()-Y",-0.0035449232893617
"8485",12,"STANDING","test data","fBodyAcc-meanFreq()-Y",-0.0493281733262295
"8486",12,"SITTING","test data","fBodyAcc-meanFreq()-Y",0.00241516259019608
"8487",12,"LAYING","test data","fBodyAcc-meanFreq()-Y",0.19137270056
"8488",12,"WALKING","test data","fBodyAcc-meanFreq()-Y",0.149107488714
"8489",12,"WALKING_DOWNSTAIRS","test data","fBodyAcc-meanFreq()-Y",0.0793321823326087
"8490",12,"WALKING_UPSTAIRS","test data","fBodyAcc-meanFreq()-Y",-0.105269653898077
"8491",13,"STANDING","test data","fBodyAcc-meanFreq()-Y",-0.0303584248157895
"8492",13,"SITTING","test data","fBodyAcc-meanFreq()-Y",0.0253459476734694
"8493",13,"LAYING","test data","fBodyAcc-meanFreq()-Y",0.0363424960967742
"8494",13,"WALKING","test data","fBodyAcc-meanFreq()-Y",0.0194304158877193
"8495",13,"WALKING_DOWNSTAIRS","test data","fBodyAcc-meanFreq()-Y",-0.014212010202766
"8496",13,"WALKING_UPSTAIRS","test data","fBodyAcc-meanFreq()-Y",-0.247165637745455
"8497",18,"STANDING","test data","fBodyAcc-meanFreq()-Y",-0.0437104539219178
"8498",18,"SITTING","test data","fBodyAcc-meanFreq()-Y",0.171289880184211
"8499",18,"LAYING","test data","fBodyAcc-meanFreq()-Y",0.264460073876923
"8500",18,"WALKING","test data","fBodyAcc-meanFreq()-Y",0.0639302961089286
"8501",18,"WALKING_DOWNSTAIRS","test data","fBodyAcc-meanFreq()-Y",-0.14009430376
"8502",18,"WALKING_UPSTAIRS","test data","fBodyAcc-meanFreq()-Y",-0.249448649272414
"8503",20,"STANDING","test data","fBodyAcc-meanFreq()-Y",-0.164770675523288
"8504",20,"SITTING","test data","fBodyAcc-meanFreq()-Y",-0.00500928635151515
"8505",20,"LAYING","test data","fBodyAcc-meanFreq()-Y",0.274452420529412
"8506",20,"WALKING","test data","fBodyAcc-meanFreq()-Y",-0.00368602589490196
"8507",20,"WALKING_DOWNSTAIRS","test data","fBodyAcc-meanFreq()-Y",-0.04949564172
"8508",20,"WALKING_UPSTAIRS","test data","fBodyAcc-meanFreq()-Y",-0.155662086254902
"8509",24,"STANDING","test data","fBodyAcc-meanFreq()-Y",-0.0931357413927536
"8510",24,"SITTING","test data","fBodyAcc-meanFreq()-Y",0.00154835032647059
"8511",24,"LAYING","test data","fBodyAcc-meanFreq()-Y",0.2808890233625
"8512",24,"WALKING","test data","fBodyAcc-meanFreq()-Y",-0.067892712362069
"8513",24,"WALKING_DOWNSTAIRS","test data","fBodyAcc-meanFreq()-Y",-0.0116848720163636
"8514",24,"WALKING_UPSTAIRS","test data","fBodyAcc-meanFreq()-Y",-0.271713646627119
"8515",1,"STANDING","training data","fBodyAcc-meanFreq()-Y",0.117478948718868
"8516",1,"SITTING","training data","fBodyAcc-meanFreq()-Y",0.0759460768510638
"8517",1,"LAYING","training data","fBodyAcc-meanFreq()-Y",0.097534841586
"8518",1,"WALKING","training data","fBodyAcc-meanFreq()-Y",0.113093646103158
"8519",1,"WALKING_DOWNSTAIRS","training data","fBodyAcc-meanFreq()-Y",0.0632200839346939
"8520",1,"WALKING_UPSTAIRS","training data","fBodyAcc-meanFreq()-Y",-0.160697213516981
"8521",3,"STANDING","training data","fBodyAcc-meanFreq()-Y",-0.128180130065574
"8522",3,"SITTING","training data","fBodyAcc-meanFreq()-Y",-0.00661630574807692
"8523",3,"LAYING","training data","fBodyAcc-meanFreq()-Y",0.238470751435484
"8524",3,"WALKING","training data","fBodyAcc-meanFreq()-Y",0.171743003017241
"8525",3,"WALKING_DOWNSTAIRS","training data","fBodyAcc-meanFreq()-Y",0.0529065241102041
"8526",3,"WALKING_UPSTAIRS","training data","fBodyAcc-meanFreq()-Y",-0.100019162177966
"8527",5,"STANDING","training data","fBodyAcc-meanFreq()-Y",-0.00894413194107143
"8528",5,"SITTING","training data","fBodyAcc-meanFreq()-Y",0.0684590033636364
"8529",5,"LAYING","training data","fBodyAcc-meanFreq()-Y",0.466528231788462
"8530",5,"WALKING","training data","fBodyAcc-meanFreq()-Y",-0.00204051097321429
"8531",5,"WALKING_DOWNSTAIRS","training data","fBodyAcc-meanFreq()-Y",0.0363662394234043
"8532",5,"WALKING_UPSTAIRS","training data","fBodyAcc-meanFreq()-Y",-0.122487323859574
"8533",6,"STANDING","training data","fBodyAcc-meanFreq()-Y",-0.0866319977508772
"8534",6,"SITTING","training data","fBodyAcc-meanFreq()-Y",0.123381829747273
"8535",6,"LAYING","training data","fBodyAcc-meanFreq()-Y",0.348418746140351
"8536",6,"WALKING","training data","fBodyAcc-meanFreq()-Y",0.0220734188245614
"8537",6,"WALKING_DOWNSTAIRS","training data","fBodyAcc-meanFreq()-Y",0.021911178210625
"8538",6,"WALKING_UPSTAIRS","training data","fBodyAcc-meanFreq()-Y",-0.0948830032690196
"8539",7,"STANDING","training data","fBodyAcc-meanFreq()-Y",-0.159730059003774
"8540",7,"SITTING","training data","fBodyAcc-meanFreq()-Y",0.0147166711666667
"8541",7,"LAYING","training data","fBodyAcc-meanFreq()-Y",-0.0438292665807692
"8542",7,"WALKING","training data","fBodyAcc-meanFreq()-Y",0.160434129035088
"8543",7,"WALKING_DOWNSTAIRS","training data","fBodyAcc-meanFreq()-Y",-0.0314736615829787
"8544",7,"WALKING_UPSTAIRS","training data","fBodyAcc-meanFreq()-Y",-0.135079176790196
"8545",8,"STANDING","training data","fBodyAcc-meanFreq()-Y",0.0771842726148148
"8546",8,"SITTING","training data","fBodyAcc-meanFreq()-Y",0.107278338519565
"8547",8,"LAYING","training data","fBodyAcc-meanFreq()-Y",0.00539754357407408
"8548",8,"WALKING","training data","fBodyAcc-meanFreq()-Y",0.00356163764166667
"8549",8,"WALKING_DOWNSTAIRS","training data","fBodyAcc-meanFreq()-Y",0.0511555478315789
"8550",8,"WALKING_UPSTAIRS","training data","fBodyAcc-meanFreq()-Y",-0.100254405917073
"8551",11,"STANDING","training data","fBodyAcc-meanFreq()-Y",0.0557408976489362
"8552",11,"SITTING","training data","fBodyAcc-meanFreq()-Y",0.0967747743339623
"8553",11,"LAYING","training data","fBodyAcc-meanFreq()-Y",0.251945472245614
"8554",11,"WALKING","training data","fBodyAcc-meanFreq()-Y",0.0128761033966102
"8555",11,"WALKING_DOWNSTAIRS","training data","fBodyAcc-meanFreq()-Y",-0.0561892264956522
"8556",11,"WALKING_UPSTAIRS","training data","fBodyAcc-meanFreq()-Y",-0.189232158777778
"8557",14,"STANDING","training data","fBodyAcc-meanFreq()-Y",-0.138431166621667
"8558",14,"SITTING","training data","fBodyAcc-meanFreq()-Y",-0.0904275272388889
"8559",14,"LAYING","training data","fBodyAcc-meanFreq()-Y",-0.149752054909804
"8560",14,"WALKING","training data","fBodyAcc-meanFreq()-Y",-0.143666881322034
"8561",14,"WALKING_DOWNSTAIRS","training data","fBodyAcc-meanFreq()-Y",-0.00777749593111111
"8562",14,"WALKING_UPSTAIRS","training data","fBodyAcc-meanFreq()-Y",-0.366543121851852
"8563",15,"STANDING","training data","fBodyAcc-meanFreq()-Y",-0.0344990030962264
"8564",15,"SITTING","training data","fBodyAcc-meanFreq()-Y",0.0966857195491525
"8565",15,"LAYING","training data","fBodyAcc-meanFreq()-Y",0.240597438814583
"8566",15,"WALKING","training data","fBodyAcc-meanFreq()-Y",0.0291755441388148
"8567",15,"WALKING_DOWNSTAIRS","training data","fBodyAcc-meanFreq()-Y",0.0233642533238095
"8568",15,"WALKING_UPSTAIRS","training data","fBodyAcc-meanFreq()-Y",-0.149770907839583
"8569",16,"STANDING","training data","fBodyAcc-meanFreq()-Y",0.0673569419466667
"8570",16,"SITTING","training data","fBodyAcc-meanFreq()-Y",0.149987934068116
"8571",16,"LAYING","training data","fBodyAcc-meanFreq()-Y",-0.1830181401
"8572",16,"WALKING","training data","fBodyAcc-meanFreq()-Y",-0.0270392028607843
"8573",16,"WALKING_DOWNSTAIRS","training data","fBodyAcc-meanFreq()-Y",-0.00264587983404255
"8574",16,"WALKING_UPSTAIRS","training data","fBodyAcc-meanFreq()-Y",-0.223644983547059
"8575",17,"STANDING","training data","fBodyAcc-meanFreq()-Y",0.0455207736730769
"8576",17,"SITTING","training data","fBodyAcc-meanFreq()-Y",0.135749049678125
"8577",17,"LAYING","training data","fBodyAcc-meanFreq()-Y",0.0546075608732394
"8578",17,"WALKING","training data","fBodyAcc-meanFreq()-Y",0.00857138068540984
"8579",17,"WALKING_DOWNSTAIRS","training data","fBodyAcc-meanFreq()-Y",-0.155801013828261
"8580",17,"WALKING_UPSTAIRS","training data","fBodyAcc-meanFreq()-Y",-0.15669437456875
"8581",19,"STANDING","training data","fBodyAcc-meanFreq()-Y",-0.0362605168315068
"8582",19,"SITTING","training data","fBodyAcc-meanFreq()-Y",-0.00741060234232877
"8583",19,"LAYING","training data","fBodyAcc-meanFreq()-Y",0.292492930166145
"8584",19,"WALKING","training data","fBodyAcc-meanFreq()-Y",0.05707673046
"8585",19,"WALKING_DOWNSTAIRS","training data","fBodyAcc-meanFreq()-Y",0.0126113511538462
"8586",19,"WALKING_UPSTAIRS","training data","fBodyAcc-meanFreq()-Y",0.01976741622
"8587",21,"STANDING","training data","fBodyAcc-meanFreq()-Y",0.0366345350988764
"8588",21,"SITTING","training data","fBodyAcc-meanFreq()-Y",0.173532229868235
"8589",21,"LAYING","training data","fBodyAcc-meanFreq()-Y",0.0857486930922889
"8590",21,"WALKING","training data","fBodyAcc-meanFreq()-Y",0.0431149928317308
"8591",21,"WALKING_DOWNSTAIRS","training data","fBodyAcc-meanFreq()-Y",-0.146948731184444
"8592",21,"WALKING_UPSTAIRS","training data","fBodyAcc-meanFreq()-Y",-0.0961003618297872
"8593",22,"STANDING","training data","fBodyAcc-meanFreq()-Y",-0.122387998604286
"8594",22,"SITTING","training data","fBodyAcc-meanFreq()-Y",-0.0080693304516129
"8595",22,"LAYING","training data","fBodyAcc-meanFreq()-Y",0.0878775831008333
"8596",22,"WALKING","training data","fBodyAcc-meanFreq()-Y",0.309767108065217
"8597",22,"WALKING_DOWNSTAIRS","training data","fBodyAcc-meanFreq()-Y",0.0282644422805556
"8598",22,"WALKING_UPSTAIRS","training data","fBodyAcc-meanFreq()-Y",-0.0343404000452381
"8599",23,"STANDING","training data","fBodyAcc-meanFreq()-Y",0.00252026687779412
"8600",23,"SITTING","training data","fBodyAcc-meanFreq()-Y",0.130083858026471
"8601",23,"LAYING","training data","fBodyAcc-meanFreq()-Y",0.0637688819034028
"8602",23,"WALKING","training data","fBodyAcc-meanFreq()-Y",0.107804588864407
"8603",23,"WALKING_DOWNSTAIRS","training data","fBodyAcc-meanFreq()-Y",0.0130298524666667
"8604",23,"WALKING_UPSTAIRS","training data","fBodyAcc-meanFreq()-Y",-0.188068413803922
"8605",25,"STANDING","training data","fBodyAcc-meanFreq()-Y",0.0009277035
"8606",25,"SITTING","training data","fBodyAcc-meanFreq()-Y",0.125306723301538
"8607",25,"LAYING","training data","fBodyAcc-meanFreq()-Y",-0.0800093983775342
"8608",25,"WALKING","training data","fBodyAcc-meanFreq()-Y",-0.163298427206757
"8609",25,"WALKING_DOWNSTAIRS","training data","fBodyAcc-meanFreq()-Y",-0.173414057262069
"8610",25,"WALKING_UPSTAIRS","training data","fBodyAcc-meanFreq()-Y",-0.379518455061538
"8611",26,"STANDING","training data","fBodyAcc-meanFreq()-Y",0.00216184868918919
"8612",26,"SITTING","training data","fBodyAcc-meanFreq()-Y",0.112830239679487
"8613",26,"LAYING","training data","fBodyAcc-meanFreq()-Y",0.274378315092105
"8614",26,"WALKING","training data","fBodyAcc-meanFreq()-Y",-0.053962302640678
"8615",26,"WALKING_DOWNSTAIRS","training data","fBodyAcc-meanFreq()-Y",0.0044402193
"8616",26,"WALKING_UPSTAIRS","training data","fBodyAcc-meanFreq()-Y",-0.231358959054545
"8617",27,"STANDING","training data","fBodyAcc-meanFreq()-Y",0.06545831223625
"8618",27,"SITTING","training data","fBodyAcc-meanFreq()-Y",0.144625790198857
"8619",27,"LAYING","training data","fBodyAcc-meanFreq()-Y",0.254636552121622
"8620",27,"WALKING","training data","fBodyAcc-meanFreq()-Y",0.154280392119298
"8621",27,"WALKING_DOWNSTAIRS","training data","fBodyAcc-meanFreq()-Y",0.0530611096231818
"8622",27,"WALKING_UPSTAIRS","training data","fBodyAcc-meanFreq()-Y",-0.18135640627451
"8623",28,"STANDING","training data","fBodyAcc-meanFreq()-Y",-0.135430639068354
"8624",28,"SITTING","training data","fBodyAcc-meanFreq()-Y",-0.0192655570097222
"8625",28,"LAYING","training data","fBodyAcc-meanFreq()-Y",-0.07483910088875
"8626",28,"WALKING","training data","fBodyAcc-meanFreq()-Y",-0.05612513965
"8627",28,"WALKING_DOWNSTAIRS","training data","fBodyAcc-meanFreq()-Y",0.0116076206369565
"8628",28,"WALKING_UPSTAIRS","training data","fBodyAcc-meanFreq()-Y",-0.0852282260803922
"8629",29,"STANDING","training data","fBodyAcc-meanFreq()-Y",0.00473420032492308
"8630",29,"SITTING","training data","fBodyAcc-meanFreq()-Y",0.107609317655
"8631",29,"LAYING","training data","fBodyAcc-meanFreq()-Y",0.328259354627536
"8632",29,"WALKING","training data","fBodyAcc-meanFreq()-Y",0.232676315733962
"8633",29,"WALKING_DOWNSTAIRS","training data","fBodyAcc-meanFreq()-Y",0.1828974943125
"8634",29,"WALKING_UPSTAIRS","training data","fBodyAcc-meanFreq()-Y",-0.131972012708163
"8635",30,"STANDING","training data","fBodyAcc-meanFreq()-Y",-0.237859819881356
"8636",30,"SITTING","training data","fBodyAcc-meanFreq()-Y",0.00713815064193549
"8637",30,"LAYING","training data","fBodyAcc-meanFreq()-Y",0.0705691086571429
"8638",30,"WALKING","training data","fBodyAcc-meanFreq()-Y",0.0306217232524615
"8639",30,"WALKING_DOWNSTAIRS","training data","fBodyAcc-meanFreq()-Y",-0.0640945645596774
"8640",30,"WALKING_UPSTAIRS","training data","fBodyAcc-meanFreq()-Y",-0.333821697015385
"8641",2,"STANDING","test data","fBodyAcc-meanFreq()-Z",0.104462499601852
"8642",2,"SITTING","test data","fBodyAcc-meanFreq()-Z",0.0960646759586957
"8643",2,"LAYING","test data","fBodyAcc-meanFreq()-Z",0.402532553395833
"8644",2,"WALKING","test data","fBodyAcc-meanFreq()-Z",0.0688995208186441
"8645",2,"WALKING_DOWNSTAIRS","test data","fBodyAcc-meanFreq()-Z",0.0903678546504255
"8646",2,"WALKING_UPSTAIRS","test data","fBodyAcc-meanFreq()-Z",-0.236589092316958
"8647",4,"STANDING","test data","fBodyAcc-meanFreq()-Z",-0.0377822772491071
"8648",4,"SITTING","test data","fBodyAcc-meanFreq()-Z",0.01209426602
"8649",4,"LAYING","test data","fBodyAcc-meanFreq()-Z",0.201329591976111
"8650",4,"WALKING","test data","fBodyAcc-meanFreq()-Z",-0.0787892636928333
"8651",4,"WALKING_DOWNSTAIRS","test data","fBodyAcc-meanFreq()-Z",0.0478375669635111
"8652",4,"WALKING_UPSTAIRS","test data","fBodyAcc-meanFreq()-Z",-0.230536706554615
"8653",9,"STANDING","test data","fBodyAcc-meanFreq()-Z",0.000165424148888888
"8654",9,"SITTING","test data","fBodyAcc-meanFreq()-Z",-0.1317488734546
"8655",9,"LAYING","test data","fBodyAcc-meanFreq()-Z",0.17810728092
"8656",9,"WALKING","test data","fBodyAcc-meanFreq()-Z",0.0237831761442308
"8657",9,"WALKING_DOWNSTAIRS","test data","fBodyAcc-meanFreq()-Z",-0.0424266601952381
"8658",9,"WALKING_UPSTAIRS","test data","fBodyAcc-meanFreq()-Z",-0.215203992816327
"8659",10,"STANDING","test data","fBodyAcc-meanFreq()-Z",0.0776098480747727
"8660",10,"SITTING","test data","fBodyAcc-meanFreq()-Z",0.23364402002912
"8661",10,"LAYING","test data","fBodyAcc-meanFreq()-Z",0.317328874567241
"8662",10,"WALKING","test data","fBodyAcc-meanFreq()-Z",0.25896796635283
"8663",10,"WALKING_DOWNSTAIRS","test data","fBodyAcc-meanFreq()-Z",0.257067314407895
"8664",10,"WALKING_UPSTAIRS","test data","fBodyAcc-meanFreq()-Z",-0.289969419042553
"8665",12,"STANDING","test data","fBodyAcc-meanFreq()-Z",0.0798244568180328
"8666",12,"SITTING","test data","fBodyAcc-meanFreq()-Z",-0.0226159354313725
"8667",12,"LAYING","test data","fBodyAcc-meanFreq()-Z",0.171474000866667
"8668",12,"WALKING","test data","fBodyAcc-meanFreq()-Z",0.17080294938
"8669",12,"WALKING_DOWNSTAIRS","test data","fBodyAcc-meanFreq()-Z",0.234833312645652
"8670",12,"WALKING_UPSTAIRS","test data","fBodyAcc-meanFreq()-Z",-0.217216987155769
"8671",13,"STANDING","test data","fBodyAcc-meanFreq()-Z",0.087427326231579
"8672",13,"SITTING","test data","fBodyAcc-meanFreq()-Z",0.154652093530612
"8673",13,"LAYING","test data","fBodyAcc-meanFreq()-Z",0.0764724259225806
"8674",13,"WALKING","test data","fBodyAcc-meanFreq()-Z",0.152160966852632
"8675",13,"WALKING_DOWNSTAIRS","test data","fBodyAcc-meanFreq()-Z",0.120050767521277
"8676",13,"WALKING_UPSTAIRS","test data","fBodyAcc-meanFreq()-Z",-0.285177288672727
"8677",18,"STANDING","test data","fBodyAcc-meanFreq()-Z",-0.017642153260274
"8678",18,"SITTING","test data","fBodyAcc-meanFreq()-Z",0.1714594817
"8679",18,"LAYING","test data","fBodyAcc-meanFreq()-Z",0.324275538923077
"8680",18,"WALKING","test data","fBodyAcc-meanFreq()-Z",0.00488361554716071
"8681",18,"WALKING_DOWNSTAIRS","test data","fBodyAcc-meanFreq()-Z",-0.0976588500545455
"8682",18,"WALKING_UPSTAIRS","test data","fBodyAcc-meanFreq()-Z",-0.406885286189655
"8683",20,"STANDING","test data","fBodyAcc-meanFreq()-Z",-0.0103801728945205
"8684",20,"SITTING","test data","fBodyAcc-meanFreq()-Z",0.00873886492424242
"8685",20,"LAYING","test data","fBodyAcc-meanFreq()-Z",0.276898539791176
"8686",20,"WALKING","test data","fBodyAcc-meanFreq()-Z",0.239414630235294
"8687",20,"WALKING_DOWNSTAIRS","test data","fBodyAcc-meanFreq()-Z",0.0511864886377778
"8688",20,"WALKING_UPSTAIRS","test data","fBodyAcc-meanFreq()-Z",-0.109083616015431
"8689",24,"STANDING","test data","fBodyAcc-meanFreq()-Z",0.00146072794202899
"8690",24,"SITTING","test data","fBodyAcc-meanFreq()-Z",0.0972629587797059
"8691",24,"LAYING","test data","fBodyAcc-meanFreq()-Z",0.242669191758333
"8692",24,"WALKING","test data","fBodyAcc-meanFreq()-Z",0.0275268023637931
"8693",24,"WALKING_DOWNSTAIRS","test data","fBodyAcc-meanFreq()-Z",0.201299074453455
"8694",24,"WALKING_UPSTAIRS","test data","fBodyAcc-meanFreq()-Z",-0.0999242115191525
"8695",1,"STANDING","training data","fBodyAcc-meanFreq()-Z",0.244858585792453
"8696",1,"SITTING","training data","fBodyAcc-meanFreq()-Z",0.238829870148936
"8697",1,"LAYING","training data","fBodyAcc-meanFreq()-Z",0.08943765522
"8698",1,"WALKING","training data","fBodyAcc-meanFreq()-Z",0.0497265196172632
"8699",1,"WALKING_DOWNSTAIRS","training data","fBodyAcc-meanFreq()-Z",0.294322700810612
"8700",1,"WALKING_UPSTAIRS","training data","fBodyAcc-meanFreq()-Z",-0.520114793584906
"8701",3,"STANDING","training data","fBodyAcc-meanFreq()-Z",0.00771897878688524
"8702",3,"SITTING","training data","fBodyAcc-meanFreq()-Z",0.0478619586153846
"8703",3,"LAYING","training data","fBodyAcc-meanFreq()-Z",0.216971671672581
"8704",3,"WALKING","training data","fBodyAcc-meanFreq()-Z",0.0748536557377586
"8705",3,"WALKING_DOWNSTAIRS","training data","fBodyAcc-meanFreq()-Z",-0.0566003044840816
"8706",3,"WALKING_UPSTAIRS","training data","fBodyAcc-meanFreq()-Z",-0.278895911347458
"8707",5,"STANDING","training data","fBodyAcc-meanFreq()-Z",-0.028287522525
"8708",5,"SITTING","training data","fBodyAcc-meanFreq()-Z",0.0403161796295455
"8709",5,"LAYING","training data","fBodyAcc-meanFreq()-Z",0.132310871284615
"8710",5,"WALKING","training data","fBodyAcc-meanFreq()-Z",0.0247389728696429
"8711",5,"WALKING_DOWNSTAIRS","training data","fBodyAcc-meanFreq()-Z",-0.00437220373021277
"8712",5,"WALKING_UPSTAIRS","training data","fBodyAcc-meanFreq()-Z",-0.135264615917021
"8713",6,"STANDING","training data","fBodyAcc-meanFreq()-Z",0.0208815076140351
"8714",6,"SITTING","training data","fBodyAcc-meanFreq()-Z",0.0818455300187273
"8715",6,"LAYING","training data","fBodyAcc-meanFreq()-Z",0.161457927833333
"8716",6,"WALKING","training data","fBodyAcc-meanFreq()-Z",0.185107042277193
"8717",6,"WALKING_DOWNSTAIRS","training data","fBodyAcc-meanFreq()-Z",0.3062531664375
"8718",6,"WALKING_UPSTAIRS","training data","fBodyAcc-meanFreq()-Z",-0.0667867912058824
"8719",7,"STANDING","training data","fBodyAcc-meanFreq()-Z",0.00098894010754717
"8720",7,"SITTING","training data","fBodyAcc-meanFreq()-Z",-0.1017660835625
"8721",7,"LAYING","training data","fBodyAcc-meanFreq()-Z",0.237111987323077
"8722",7,"WALKING","training data","fBodyAcc-meanFreq()-Z",0.124630171101754
"8723",7,"WALKING_DOWNSTAIRS","training data","fBodyAcc-meanFreq()-Z",0.0824424244404255
"8724",7,"WALKING_UPSTAIRS","training data","fBodyAcc-meanFreq()-Z",-0.273730521360588
"8725",8,"STANDING","training data","fBodyAcc-meanFreq()-Z",0.121181473814815
"8726",8,"SITTING","training data","fBodyAcc-meanFreq()-Z",0.060048457826087
"8727",8,"LAYING","training data","fBodyAcc-meanFreq()-Z",0.192435787087778
"8728",8,"WALKING","training data","fBodyAcc-meanFreq()-Z",0.111947205354167
"8729",8,"WALKING_DOWNSTAIRS","training data","fBodyAcc-meanFreq()-Z",0.223078489563158
"8730",8,"WALKING_UPSTAIRS","training data","fBodyAcc-meanFreq()-Z",-0.191852656439024
"8731",11,"STANDING","training data","fBodyAcc-meanFreq()-Z",0.292390245638298
"8732",11,"SITTING","training data","fBodyAcc-meanFreq()-Z",0.243469786396226
"8733",11,"LAYING","training data","fBodyAcc-meanFreq()-Z",0.22603584097193
"8734",11,"WALKING","training data","fBodyAcc-meanFreq()-Z",0.0404557559132203
"8735",11,"WALKING_DOWNSTAIRS","training data","fBodyAcc-meanFreq()-Z",0.00531445170652174
"8736",11,"WALKING_UPSTAIRS","training data","fBodyAcc-meanFreq()-Z",-0.486549897222222
"8737",14,"STANDING","training data","fBodyAcc-meanFreq()-Z",0.00253022625
"8738",14,"SITTING","training data","fBodyAcc-meanFreq()-Z",-0.0357959046777778
"8739",14,"LAYING","training data","fBodyAcc-meanFreq()-Z",0.0313442249705882
"8740",14,"WALKING","training data","fBodyAcc-meanFreq()-Z",-0.175528830052542
"8741",14,"WALKING_DOWNSTAIRS","training data","fBodyAcc-meanFreq()-Z",-0.0984339940222222
"8742",14,"WALKING_UPSTAIRS","training data","fBodyAcc-meanFreq()-Z",-0.367877189296296
"8743",15,"STANDING","training data","fBodyAcc-meanFreq()-Z",0.0993963491132075
"8744",15,"SITTING","training data","fBodyAcc-meanFreq()-Z",0.151053127327119
"8745",15,"LAYING","training data","fBodyAcc-meanFreq()-Z",0.0627474804925
"8746",15,"WALKING","training data","fBodyAcc-meanFreq()-Z",-0.00590768681611111
"8747",15,"WALKING_DOWNSTAIRS","training data","fBodyAcc-meanFreq()-Z",0.18074894412381
"8748",15,"WALKING_UPSTAIRS","training data","fBodyAcc-meanFreq()-Z",-0.250961613735417
"8749",16,"STANDING","training data","fBodyAcc-meanFreq()-Z",0.0525158714
"8750",16,"SITTING","training data","fBodyAcc-meanFreq()-Z",0.131560420550725
"8751",16,"LAYING","training data","fBodyAcc-meanFreq()-Z",0.130679193077143
"8752",16,"WALKING","training data","fBodyAcc-meanFreq()-Z",0.0309811083103922
"8753",16,"WALKING_DOWNSTAIRS","training data","fBodyAcc-meanFreq()-Z",0.0352940709170213
"8754",16,"WALKING_UPSTAIRS","training data","fBodyAcc-meanFreq()-Z",-0.301508248862745
"8755",17,"STANDING","training data","fBodyAcc-meanFreq()-Z",0.107584733661538
"8756",17,"SITTING","training data","fBodyAcc-meanFreq()-Z",0.183913630364062
"8757",17,"LAYING","training data","fBodyAcc-meanFreq()-Z",0.0834467170676056
"8758",17,"WALKING","training data","fBodyAcc-meanFreq()-Z",-0.0933328732232787
"8759",17,"WALKING_DOWNSTAIRS","training data","fBodyAcc-meanFreq()-Z",-0.113333185608696
"8760",17,"WALKING_UPSTAIRS","training data","fBodyAcc-meanFreq()-Z",-0.258321394134167
"8761",19,"STANDING","training data","fBodyAcc-meanFreq()-Z",0.0261012090616438
"8762",19,"SITTING","training data","fBodyAcc-meanFreq()-Z",-0.00357815742876712
"8763",19,"LAYING","training data","fBodyAcc-meanFreq()-Z",0.293722260911807
"8764",19,"WALKING","training data","fBodyAcc-meanFreq()-Z",0.351860011634615
"8765",19,"WALKING_DOWNSTAIRS","training data","fBodyAcc-meanFreq()-Z",0.293956386538462
"8766",19,"WALKING_UPSTAIRS","training data","fBodyAcc-meanFreq()-Z",0.0488512923725
"8767",21,"STANDING","training data","fBodyAcc-meanFreq()-Z",0.0292119055213483
"8768",21,"SITTING","training data","fBodyAcc-meanFreq()-Z",0.127984474170588
"8769",21,"LAYING","training data","fBodyAcc-meanFreq()-Z",0.0249888787754444
"8770",21,"WALKING","training data","fBodyAcc-meanFreq()-Z",0.0951469189174423
"8771",21,"WALKING_DOWNSTAIRS","training data","fBodyAcc-meanFreq()-Z",0.132318102757111
"8772",21,"WALKING_UPSTAIRS","training data","fBodyAcc-meanFreq()-Z",-0.136431040812766
"8773",22,"STANDING","training data","fBodyAcc-meanFreq()-Z",-0.0427793764015873
"8774",22,"SITTING","training data","fBodyAcc-meanFreq()-Z",-0.099919259516129
"8775",22,"LAYING","training data","fBodyAcc-meanFreq()-Z",0.214869419902778
"8776",22,"WALKING","training data","fBodyAcc-meanFreq()-Z",0.306473449913043
"8777",22,"WALKING_DOWNSTAIRS","training data","fBodyAcc-meanFreq()-Z",0.183154050991667
"8778",22,"WALKING_UPSTAIRS","training data","fBodyAcc-meanFreq()-Z",-0.0330889778857143
"8779",23,"STANDING","training data","fBodyAcc-meanFreq()-Z",-0.00225195262220588
"8780",23,"SITTING","training data","fBodyAcc-meanFreq()-Z",0.0837341059411765
"8781",23,"LAYING","training data","fBodyAcc-meanFreq()-Z",0.298416658291667
"8782",23,"WALKING","training data","fBodyAcc-meanFreq()-Z",0.121798905935593
"8783",23,"WALKING_DOWNSTAIRS","training data","fBodyAcc-meanFreq()-Z",0.178520969805556
"8784",23,"WALKING_UPSTAIRS","training data","fBodyAcc-meanFreq()-Z",-0.20350714824902
"8785",25,"STANDING","training data","fBodyAcc-meanFreq()-Z",0.195387683037973
"8786",25,"SITTING","training data","fBodyAcc-meanFreq()-Z",0.108178546465692
"8787",25,"LAYING","training data","fBodyAcc-meanFreq()-Z",-0.0315562255205479
"8788",25,"WALKING","training data","fBodyAcc-meanFreq()-Z",-0.144487390175676
"8789",25,"WALKING_DOWNSTAIRS","training data","fBodyAcc-meanFreq()-Z",-0.152008268862069
"8790",25,"WALKING_UPSTAIRS","training data","fBodyAcc-meanFreq()-Z",-0.463511984138462
"8791",26,"STANDING","training data","fBodyAcc-meanFreq()-Z",0.145511756677027
"8792",26,"SITTING","training data","fBodyAcc-meanFreq()-Z",0.0745313733174231
"8793",26,"LAYING","training data","fBodyAcc-meanFreq()-Z",0.374613940986842
"8794",26,"WALKING","training data","fBodyAcc-meanFreq()-Z",0.240364343627119
"8795",26,"WALKING_DOWNSTAIRS","training data","fBodyAcc-meanFreq()-Z",0.1399744981
"8796",26,"WALKING_UPSTAIRS","training data","fBodyAcc-meanFreq()-Z",-0.189088586758182
"8797",27,"STANDING","training data","fBodyAcc-meanFreq()-Z",0.09125639792625
"8798",27,"SITTING","training data","fBodyAcc-meanFreq()-Z",0.121635059074286
"8799",27,"LAYING","training data","fBodyAcc-meanFreq()-Z",0.360078542418919
"8800",27,"WALKING","training data","fBodyAcc-meanFreq()-Z",0.248446349
"8801",27,"WALKING_DOWNSTAIRS","training data","fBodyAcc-meanFreq()-Z",0.154663327609091
"8802",27,"WALKING_UPSTAIRS","training data","fBodyAcc-meanFreq()-Z",-0.261550401
"8803",28,"STANDING","training data","fBodyAcc-meanFreq()-Z",-0.126325359674684
"8804",28,"SITTING","training data","fBodyAcc-meanFreq()-Z",-0.00273826957083333
"8805",28,"LAYING","training data","fBodyAcc-meanFreq()-Z",0.23330851938875
"8806",28,"WALKING","training data","fBodyAcc-meanFreq()-Z",-0.0130058804962963
"8807",28,"WALKING_DOWNSTAIRS","training data","fBodyAcc-meanFreq()-Z",0.202030312067391
"8808",28,"WALKING_UPSTAIRS","training data","fBodyAcc-meanFreq()-Z",-0.192657392490196
"8809",29,"STANDING","training data","fBodyAcc-meanFreq()-Z",0.174524531548
"8810",29,"SITTING","training data","fBodyAcc-meanFreq()-Z",0.210335313366667
"8811",29,"LAYING","training data","fBodyAcc-meanFreq()-Z",0.334787399391304
"8812",29,"WALKING","training data","fBodyAcc-meanFreq()-Z",0.120197007067925
"8813",29,"WALKING_DOWNSTAIRS","training data","fBodyAcc-meanFreq()-Z",0.045375675810625
"8814",29,"WALKING_UPSTAIRS","training data","fBodyAcc-meanFreq()-Z",-0.512761405673469
"8815",30,"STANDING","training data","fBodyAcc-meanFreq()-Z",-0.0288534478820339
"8816",30,"SITTING","training data","fBodyAcc-meanFreq()-Z",0.0927750236451613
"8817",30,"LAYING","training data","fBodyAcc-meanFreq()-Z",0.230269753914286
"8818",30,"WALKING","training data","fBodyAcc-meanFreq()-Z",-0.0837532847692308
"8819",30,"WALKING_DOWNSTAIRS","training data","fBodyAcc-meanFreq()-Z",0.0428809889629032
"8820",30,"WALKING_UPSTAIRS","training data","fBodyAcc-meanFreq()-Z",-0.512248393061538
"8821",2,"STANDING","test data","fBodyAccJerk-mean()-X",-0.980973241666667
"8822",2,"SITTING","test data","fBodyAccJerk-mean()-X",-0.987848793695652
"8823",2,"LAYING","test data","fBodyAccJerk-mean()-X",-0.985813630833333
"8824",2,"WALKING","test data","fBodyAccJerk-mean()-X",-0.304615322881356
"8825",2,"WALKING_DOWNSTAIRS","test data","fBodyAccJerk-mean()-X",0.138120681087234
"8826",2,"WALKING_UPSTAIRS","test data","fBodyAccJerk-mean()-X",-0.258639439729167
"8827",4,"STANDING","test data","fBodyAccJerk-mean()-X",-0.972310894285714
"8828",4,"SITTING","test data","fBodyAccJerk-mean()-X",-0.9768457126
"8829",4,"LAYING","test data","fBodyAccJerk-mean()-X",-0.978542457407407
"8830",4,"WALKING","test data","fBodyAccJerk-mean()-X",-0.358883413666667
"8831",4,"WALKING_DOWNSTAIRS","test data","fBodyAccJerk-mean()-X",-0.16163290774
"8832",4,"WALKING_UPSTAIRS","test data","fBodyAccJerk-mean()-X",-0.418304647307692
"8833",9,"STANDING","test data","fBodyAccJerk-mean()-X",-0.971313768666667
"8834",9,"SITTING","test data","fBodyAccJerk-mean()-X",-0.9655962396
"8835",9,"LAYING","test data","fBodyAccJerk-mean()-X",-0.964304065
"8836",9,"WALKING","test data","fBodyAccJerk-mean()-X",-0.314265401346154
"8837",9,"WALKING_DOWNSTAIRS","test data","fBodyAccJerk-mean()-X",-0.0645354342404762
"8838",9,"WALKING_UPSTAIRS","test data","fBodyAccJerk-mean()-X",-0.402044750408163
"8839",10,"STANDING","test data","fBodyAccJerk-mean()-X",-0.963565166136364
"8840",10,"SITTING","test data","fBodyAccJerk-mean()-X",-0.989365013888889
"8841",10,"LAYING","test data","fBodyAccJerk-mean()-X",-0.979014668793104
"8842",10,"WALKING","test data","fBodyAccJerk-mean()-X",-0.107941107467925
"8843",10,"WALKING_DOWNSTAIRS","test data","fBodyAccJerk-mean()-X",0.181419131002632
"8844",10,"WALKING_UPSTAIRS","test data","fBodyAccJerk-mean()-X",-0.20121432216383
"8845",12,"STANDING","test data","fBodyAccJerk-mean()-X",-0.971971634098361
"8846",12,"SITTING","test data","fBodyAccJerk-mean()-X",-0.977109887058824
"8847",12,"LAYING","test data","fBodyAccJerk-mean()-X",-0.968742758833333
"8848",12,"WALKING","test data","fBodyAccJerk-mean()-X",-0.08161979534
"8849",12,"WALKING_DOWNSTAIRS","test data","fBodyAccJerk-mean()-X",-0.00701472271717392
"8850",12,"WALKING_UPSTAIRS","test data","fBodyAccJerk-mean()-X",-0.385843754230769
"8851",13,"STANDING","test data","fBodyAccJerk-mean()-X",-0.988198276666667
"8852",13,"SITTING","test data","fBodyAccJerk-mean()-X",-0.992678212653061
"8853",13,"LAYING","test data","fBodyAccJerk-mean()-X",-0.985199684354839
"8854",13,"WALKING","test data","fBodyAccJerk-mean()-X",-0.290460801694737
"8855",13,"WALKING_DOWNSTAIRS","test data","fBodyAccJerk-mean()-X",-0.11485155627234
"8856",13,"WALKING_UPSTAIRS","test data","fBodyAccJerk-mean()-X",-0.506212135636364
"8857",18,"STANDING","test data","fBodyAccJerk-mean()-X",-0.989544971232877
"8858",18,"SITTING","test data","fBodyAccJerk-mean()-X",-0.991924709824561
"8859",18,"LAYING","test data","fBodyAccJerk-mean()-X",-0.986404709384615
"8860",18,"WALKING","test data","fBodyAccJerk-mean()-X",-0.414797154464286
"8861",18,"WALKING_DOWNSTAIRS","test data","fBodyAccJerk-mean()-X",-0.412728286727273
"8862",18,"WALKING_UPSTAIRS","test data","fBodyAccJerk-mean()-X",-0.589410590172414
"8863",20,"STANDING","test data","fBodyAccJerk-mean()-X",-0.959710489315069
"8864",20,"SITTING","test data","fBodyAccJerk-mean()-X",-0.982243603030303
"8865",20,"LAYING","test data","fBodyAccJerk-mean()-X",-0.983889985147059
"8866",20,"WALKING","test data","fBodyAccJerk-mean()-X",-0.138717234372549
"8867",20,"WALKING_DOWNSTAIRS","test data","fBodyAccJerk-mean()-X",-0.199360430553978
"8868",20,"WALKING_UPSTAIRS","test data","fBodyAccJerk-mean()-X",-0.256162264623529
"8869",24,"STANDING","test data","fBodyAccJerk-mean()-X",-0.98116164057971
"8870",24,"SITTING","test data","fBodyAccJerk-mean()-X",-0.988857403235294
"8871",24,"LAYING","test data","fBodyAccJerk-mean()-X",-0.985998546805556
"8872",24,"WALKING","test data","fBodyAccJerk-mean()-X",-0.509628168793103
"8873",24,"WALKING_DOWNSTAIRS","test data","fBodyAccJerk-mean()-X",-0.376175794909091
"8874",24,"WALKING_UPSTAIRS","test data","fBodyAccJerk-mean()-X",-0.515644617288136
"8875",1,"STANDING","training data","fBodyAccJerk-mean()-X",-0.994630797358491
"8876",1,"SITTING","training data","fBodyAccJerk-mean()-X",-0.986597022553191
"8877",1,"LAYING","training data","fBodyAccJerk-mean()-X",-0.9570738838
"8878",1,"WALKING","training data","fBodyAccJerk-mean()-X",-0.170546964549579
"8879",1,"WALKING_DOWNSTAIRS","training data","fBodyAccJerk-mean()-X",-0.0276638676122449
"8880",1,"WALKING_UPSTAIRS","training data","fBodyAccJerk-mean()-X",-0.479875245660377
"8881",3,"STANDING","training data","fBodyAccJerk-mean()-X",-0.957666856721311
"8882",3,"SITTING","training data","fBodyAccJerk-mean()-X",-0.974950363461538
"8883",3,"LAYING","training data","fBodyAccJerk-mean()-X",-0.980513202258064
"8884",3,"WALKING","training data","fBodyAccJerk-mean()-X",-0.304694442551724
"8885",3,"WALKING_DOWNSTAIRS","training data","fBodyAccJerk-mean()-X",-0.0906707125102041
"8886",3,"WALKING_UPSTAIRS","training data","fBodyAccJerk-mean()-X",-0.478434306271186
"8887",5,"STANDING","training data","fBodyAccJerk-mean()-X",-0.963059235178571
"8888",5,"SITTING","training data","fBodyAccJerk-mean()-X",-0.976024951136364
"8889",5,"LAYING","training data","fBodyAccJerk-mean()-X",-0.982689657115385
"8890",5,"WALKING","training data","fBodyAccJerk-mean()-X",-0.344954806428571
"8891",5,"WALKING_DOWNSTAIRS","training data","fBodyAccJerk-mean()-X",-0.0368012151170213
"8892",5,"WALKING_UPSTAIRS","training data","fBodyAccJerk-mean()-X",-0.289725470425532
"8893",6,"STANDING","training data","fBodyAccJerk-mean()-X",-0.97348053877193
"8894",6,"SITTING","training data","fBodyAccJerk-mean()-X",-0.971037479818182
"8895",6,"LAYING","training data","fBodyAccJerk-mean()-X",-0.967072436842105
"8896",6,"WALKING","training data","fBodyAccJerk-mean()-X",-0.150942917824561
"8897",6,"WALKING_DOWNSTAIRS","training data","fBodyAccJerk-mean()-X",0.136554991314583
"8898",6,"WALKING_UPSTAIRS","training data","fBodyAccJerk-mean()-X",-0.244812769960784
"8899",7,"STANDING","training data","fBodyAccJerk-mean()-X",-0.976323086226415
"8900",7,"SITTING","training data","fBodyAccJerk-mean()-X",-0.982037243958333
"8901",7,"LAYING","training data","fBodyAccJerk-mean()-X",-0.980393046923077
"8902",7,"WALKING","training data","fBodyAccJerk-mean()-X",-0.383715797719298
"8903",7,"WALKING_DOWNSTAIRS","training data","fBodyAccJerk-mean()-X",-0.0305226686191489
"8904",7,"WALKING_UPSTAIRS","training data","fBodyAccJerk-mean()-X",-0.454647881960784
"8905",8,"STANDING","training data","fBodyAccJerk-mean()-X",-0.989029238518519
"8906",8,"SITTING","training data","fBodyAccJerk-mean()-X",-0.984977270652174
"8907",8,"LAYING","training data","fBodyAccJerk-mean()-X",-0.973110596111111
"8908",8,"WALKING","training data","fBodyAccJerk-mean()-X",-0.311198711041667
"8909",8,"WALKING_DOWNSTAIRS","training data","fBodyAccJerk-mean()-X",0.214841402815789
"8910",8,"WALKING_UPSTAIRS","training data","fBodyAccJerk-mean()-X",-0.200277249165854
"8911",11,"STANDING","training data","fBodyAccJerk-mean()-X",-0.992385450851064
"8912",11,"SITTING","training data","fBodyAccJerk-mean()-X",-0.980831750377358
"8913",11,"LAYING","training data","fBodyAccJerk-mean()-X",-0.984884874385965
"8914",11,"WALKING","training data","fBodyAccJerk-mean()-X",-0.453265268813559
"8915",11,"WALKING_DOWNSTAIRS","training data","fBodyAccJerk-mean()-X",-0.120463004665217
"8916",11,"WALKING_UPSTAIRS","training data","fBodyAccJerk-mean()-X",-0.495927371666667
"8917",14,"STANDING","training data","fBodyAccJerk-mean()-X",-0.97818164
"8918",14,"SITTING","training data","fBodyAccJerk-mean()-X",-0.981566649444444
"8919",14,"LAYING","training data","fBodyAccJerk-mean()-X",-0.972010709215686
"8920",14,"WALKING","training data","fBodyAccJerk-mean()-X",-0.472360616779661
"8921",14,"WALKING_DOWNSTAIRS","training data","fBodyAccJerk-mean()-X",-0.0337820458644444
"8922",14,"WALKING_UPSTAIRS","training data","fBodyAccJerk-mean()-X",-0.383497147037037
"8923",15,"STANDING","training data","fBodyAccJerk-mean()-X",-0.985353492641509
"8924",15,"SITTING","training data","fBodyAccJerk-mean()-X",-0.988106102033898
"8925",15,"LAYING","training data","fBodyAccJerk-mean()-X",-0.981329999027778
"8926",15,"WALKING","training data","fBodyAccJerk-mean()-X",-0.39082198537037
"8927",15,"WALKING_DOWNSTAIRS","training data","fBodyAccJerk-mean()-X",0.0619687485333333
"8928",15,"WALKING_UPSTAIRS","training data","fBodyAccJerk-mean()-X",-0.2370530733125
"8929",16,"STANDING","training data","fBodyAccJerk-mean()-X",-0.991038638974359
"8930",16,"SITTING","training data","fBodyAccJerk-mean()-X",-0.990964251304348
"8931",16,"LAYING","training data","fBodyAccJerk-mean()-X",-0.988580046285714
"8932",16,"WALKING","training data","fBodyAccJerk-mean()-X",-0.44140618254902
"8933",16,"WALKING_DOWNSTAIRS","training data","fBodyAccJerk-mean()-X",-0.155444882765957
"8934",16,"WALKING_UPSTAIRS","training data","fBodyAccJerk-mean()-X",-0.546088862941176
"8935",17,"STANDING","training data","fBodyAccJerk-mean()-X",-0.992129225769231
"8936",17,"SITTING","training data","fBodyAccJerk-mean()-X",-0.99454262109375
"8937",17,"LAYING","training data","fBodyAccJerk-mean()-X",-0.98147206915493
"8938",17,"WALKING","training data","fBodyAccJerk-mean()-X",-0.423446094590164
"8939",17,"WALKING_DOWNSTAIRS","training data","fBodyAccJerk-mean()-X",-0.215092049054348
"8940",17,"WALKING_UPSTAIRS","training data","fBodyAccJerk-mean()-X",-0.360272225833333
"8941",19,"STANDING","training data","fBodyAccJerk-mean()-X",-0.985039596164384
"8942",19,"SITTING","training data","fBodyAccJerk-mean()-X",-0.986775590136986
"8943",19,"LAYING","training data","fBodyAccJerk-mean()-X",-0.983478561807229
"8944",19,"WALKING","training data","fBodyAccJerk-mean()-X",0.0336380997853846
"8945",19,"WALKING_DOWNSTAIRS","training data","fBodyAccJerk-mean()-X",0.474317256051282
"8946",19,"WALKING_UPSTAIRS","training data","fBodyAccJerk-mean()-X",-0.2053226461925
"8947",21,"STANDING","training data","fBodyAccJerk-mean()-X",-0.976803010674157
"8948",21,"SITTING","training data","fBodyAccJerk-mean()-X",-0.989759187058823
"8949",21,"LAYING","training data","fBodyAccJerk-mean()-X",-0.984188841222222
"8950",21,"WALKING","training data","fBodyAccJerk-mean()-X",-0.200442011365385
"8951",21,"WALKING_DOWNSTAIRS","training data","fBodyAccJerk-mean()-X",-0.0377894711288889
"8952",21,"WALKING_UPSTAIRS","training data","fBodyAccJerk-mean()-X",-0.436839580425532
"8953",22,"STANDING","training data","fBodyAccJerk-mean()-X",-0.974969214761905
"8954",22,"SITTING","training data","fBodyAccJerk-mean()-X",-0.980944505967742
"8955",22,"LAYING","training data","fBodyAccJerk-mean()-X",-0.969570326944444
"8956",22,"WALKING","training data","fBodyAccJerk-mean()-X",-0.0367047077608696
"8957",22,"WALKING_DOWNSTAIRS","training data","fBodyAccJerk-mean()-X",0.0383364203555556
"8958",22,"WALKING_UPSTAIRS","training data","fBodyAccJerk-mean()-X",-0.0382449785166667
"8959",23,"STANDING","training data","fBodyAccJerk-mean()-X",-0.983283252058823
"8960",23,"SITTING","training data","fBodyAccJerk-mean()-X",-0.984550863529412
"8961",23,"LAYING","training data","fBodyAccJerk-mean()-X",-0.986204659166667
"8962",23,"WALKING","training data","fBodyAccJerk-mean()-X",-0.290410454881356
"8963",23,"WALKING_DOWNSTAIRS","training data","fBodyAccJerk-mean()-X",0.201542909494444
"8964",23,"WALKING_UPSTAIRS","training data","fBodyAccJerk-mean()-X",-0.365642513176471
"8965",25,"STANDING","training data","fBodyAccJerk-mean()-X",-0.988404654864865
"8966",25,"SITTING","training data","fBodyAccJerk-mean()-X",-0.992478846153846
"8967",25,"LAYING","training data","fBodyAccJerk-mean()-X",-0.972859085753425
"8968",25,"WALKING","training data","fBodyAccJerk-mean()-X",-0.625595376891892
"8969",25,"WALKING_DOWNSTAIRS","training data","fBodyAccJerk-mean()-X",-0.525789450689655
"8970",25,"WALKING_UPSTAIRS","training data","fBodyAccJerk-mean()-X",-0.668208156461538
"8971",26,"STANDING","training data","fBodyAccJerk-mean()-X",-0.990586982162162
"8972",26,"SITTING","training data","fBodyAccJerk-mean()-X",-0.992025427435897
"8973",26,"LAYING","training data","fBodyAccJerk-mean()-X",-0.989224043947368
"8974",26,"WALKING","training data","fBodyAccJerk-mean()-X",-0.36422676440678
"8975",26,"WALKING_DOWNSTAIRS","training data","fBodyAccJerk-mean()-X",-0.201368098258
"8976",26,"WALKING_UPSTAIRS","training data","fBodyAccJerk-mean()-X",-0.304540556345455
"8977",27,"STANDING","training data","fBodyAccJerk-mean()-X",-0.987771749375
"8978",27,"SITTING","training data","fBodyAccJerk-mean()-X",-0.990839607428571
"8979",27,"LAYING","training data","fBodyAccJerk-mean()-X",-0.986679572567568
"8980",27,"WALKING","training data","fBodyAccJerk-mean()-X",-0.345482736842105
"8981",27,"WALKING_DOWNSTAIRS","training data","fBodyAccJerk-mean()-X",-0.0437826262613636
"8982",27,"WALKING_UPSTAIRS","training data","fBodyAccJerk-mean()-X",-0.50311385627451
"8983",28,"STANDING","training data","fBodyAccJerk-mean()-X",-0.968513715189873
"8984",28,"SITTING","training data","fBodyAccJerk-mean()-X",-0.976891804583333
"8985",28,"LAYING","training data","fBodyAccJerk-mean()-X",-0.980013419
"8986",28,"WALKING","training data","fBodyAccJerk-mean()-X",-0.36260198037037
"8987",28,"WALKING_DOWNSTAIRS","training data","fBodyAccJerk-mean()-X",-0.0268676982326087
"8988",28,"WALKING_UPSTAIRS","training data","fBodyAccJerk-mean()-X",-0.318866730039216
"8989",29,"STANDING","training data","fBodyAccJerk-mean()-X",-0.993736906
"8990",29,"SITTING","training data","fBodyAccJerk-mean()-X",-0.993445760166667
"8991",29,"LAYING","training data","fBodyAccJerk-mean()-X",-0.992153982028986
"8992",29,"WALKING","training data","fBodyAccJerk-mean()-X",-0.210469887150943
"8993",29,"WALKING_DOWNSTAIRS","training data","fBodyAccJerk-mean()-X",-0.0382458213333333
"8994",29,"WALKING_UPSTAIRS","training data","fBodyAccJerk-mean()-X",-0.225067771046939
"8995",30,"STANDING","training data","fBodyAccJerk-mean()-X",-0.967857589322034
"8996",30,"SITTING","training data","fBodyAccJerk-mean()-X",-0.988775436451613
"8997",30,"LAYING","training data","fBodyAccJerk-mean()-X",-0.976887901571429
"8998",30,"WALKING","training data","fBodyAccJerk-mean()-X",-0.389595631107692
"8999",30,"WALKING_DOWNSTAIRS","training data","fBodyAccJerk-mean()-X",-0.234923146633871
"9000",30,"WALKING_UPSTAIRS","training data","fBodyAccJerk-mean()-X",-0.55067842
"9001",2,"STANDING","test data","fBodyAccJerk-mean()-Y",-0.970851337962963
"9002",2,"SITTING","test data","fBodyAccJerk-mean()-Y",-0.977139702826087
"9003",2,"LAYING","test data","fBodyAccJerk-mean()-Y",-0.982768250416667
"9004",2,"WALKING","test data","fBodyAccJerk-mean()-Y",-0.0787640836610169
"9005",2,"WALKING_DOWNSTAIRS","test data","fBodyAccJerk-mean()-Y",0.0962091607617021
"9006",2,"WALKING_UPSTAIRS","test data","fBodyAccJerk-mean()-Y",-0.1878421317125
"9007",4,"STANDING","test data","fBodyAccJerk-mean()-Y",-0.937624242142857
"9008",4,"SITTING","test data","fBodyAccJerk-mean()-Y",-0.9442983908
"9009",4,"LAYING","test data","fBodyAccJerk-mean()-Y",-0.943969987222222
"9010",4,"WALKING","test data","fBodyAccJerk-mean()-Y",-0.279553391533333
"9011",4,"WALKING_DOWNSTAIRS","test data","fBodyAccJerk-mean()-Y",-0.172941628735556
"9012",4,"WALKING_UPSTAIRS","test data","fBodyAccJerk-mean()-Y",-0.297805187243462
"9013",9,"STANDING","test data","fBodyAccJerk-mean()-Y",-0.962624298888889
"9014",9,"SITTING","test data","fBodyAccJerk-mean()-Y",-0.9580073906
"9015",9,"LAYING","test data","fBodyAccJerk-mean()-Y",-0.9640828062
"9016",9,"WALKING","test data","fBodyAccJerk-mean()-Y",-0.367706595
"9017",9,"WALKING_DOWNSTAIRS","test data","fBodyAccJerk-mean()-Y",-0.313643041809524
"9018",9,"WALKING_UPSTAIRS","test data","fBodyAccJerk-mean()-Y",-0.608498592040816
"9019",10,"STANDING","test data","fBodyAccJerk-mean()-Y",-0.942187760454545
"9020",10,"SITTING","test data","fBodyAccJerk-mean()-Y",-0.980962856111111
"9021",10,"LAYING","test data","fBodyAccJerk-mean()-Y",-0.968039173793103
"9022",10,"WALKING","test data","fBodyAccJerk-mean()-Y",0.0309052018326415
"9023",10,"WALKING_DOWNSTAIRS","test data","fBodyAccJerk-mean()-Y",-0.119504295573684
"9024",10,"WALKING_UPSTAIRS","test data","fBodyAccJerk-mean()-Y",-0.206872839212766
"9025",12,"STANDING","test data","fBodyAccJerk-mean()-Y",-0.95329178
"9026",12,"SITTING","test data","fBodyAccJerk-mean()-Y",-0.964236191372549
"9027",12,"LAYING","test data","fBodyAccJerk-mean()-Y",-0.963223332
"9028",12,"WALKING","test data","fBodyAccJerk-mean()-Y",-0.1413740705982
"9029",12,"WALKING_DOWNSTAIRS","test data","fBodyAccJerk-mean()-Y",0.00639406888695652
"9030",12,"WALKING_UPSTAIRS","test data","fBodyAccJerk-mean()-Y",-0.333077590961538
"9031",13,"STANDING","test data","fBodyAccJerk-mean()-Y",-0.977752775438597
"9032",13,"SITTING","test data","fBodyAccJerk-mean()-Y",-0.983914101836735
"9033",13,"LAYING","test data","fBodyAccJerk-mean()-Y",-0.980375137419355
"9034",13,"WALKING","test data","fBodyAccJerk-mean()-Y",-0.0439195137368421
"9035",13,"WALKING_DOWNSTAIRS","test data","fBodyAccJerk-mean()-Y",-0.207812348246809
"9036",13,"WALKING_UPSTAIRS","test data","fBodyAccJerk-mean()-Y",-0.368996179072727
"9037",18,"STANDING","test data","fBodyAccJerk-mean()-Y",-0.975243689589041
"9038",18,"SITTING","test data","fBodyAccJerk-mean()-Y",-0.983642391578947
"9039",18,"LAYING","test data","fBodyAccJerk-mean()-Y",-0.985865325230769
"9040",18,"WALKING","test data","fBodyAccJerk-mean()-Y",-0.361908549464286
"9041",18,"WALKING_DOWNSTAIRS","test data","fBodyAccJerk-mean()-Y",-0.465982666363636
"9042",18,"WALKING_UPSTAIRS","test data","fBodyAccJerk-mean()-Y",-0.579650286034483
"9043",20,"STANDING","test data","fBodyAccJerk-mean()-Y",-0.935717554109589
"9044",20,"SITTING","test data","fBodyAccJerk-mean()-Y",-0.971158287575758
"9045",20,"LAYING","test data","fBodyAccJerk-mean()-Y",-0.9772207075
"9046",20,"WALKING","test data","fBodyAccJerk-mean()-Y",0.157933952294118
"9047",20,"WALKING_DOWNSTAIRS","test data","fBodyAccJerk-mean()-Y",0.20582901724
"9048",20,"WALKING_UPSTAIRS","test data","fBodyAccJerk-mean()-Y",-0.312161098966667
"9049",24,"STANDING","test data","fBodyAccJerk-mean()-Y",-0.967720592463768
"9050",24,"SITTING","test data","fBodyAccJerk-mean()-Y",-0.979228238382353
"9051",24,"LAYING","test data","fBodyAccJerk-mean()-Y",-0.982140613888889
"9052",24,"WALKING","test data","fBodyAccJerk-mean()-Y",-0.352829307068966
"9053",24,"WALKING_DOWNSTAIRS","test data","fBodyAccJerk-mean()-Y",-0.2258243574
"9054",24,"WALKING_UPSTAIRS","test data","fBodyAccJerk-mean()-Y",-0.527604243559322
"9055",1,"STANDING","training data","fBodyAccJerk-mean()-Y",-0.985418704528302
"9056",1,"SITTING","training data","fBodyAccJerk-mean()-Y",-0.981579467021277
"9057",1,"LAYING","training data","fBodyAccJerk-mean()-Y",-0.9224626098
"9058",1,"WALKING","training data","fBodyAccJerk-mean()-Y",-0.0352255241130632
"9059",1,"WALKING_DOWNSTAIRS","training data","fBodyAccJerk-mean()-Y",-0.12866715764898
"9060",1,"WALKING_UPSTAIRS","training data","fBodyAccJerk-mean()-Y",-0.41344458754717
"9061",3,"STANDING","training data","fBodyAccJerk-mean()-Y",-0.943497973606557
"9062",3,"SITTING","training data","fBodyAccJerk-mean()-Y",-0.954170151346154
"9063",3,"LAYING","training data","fBodyAccJerk-mean()-Y",-0.968752113709677
"9064",3,"WALKING","training data","fBodyAccJerk-mean()-Y",-0.140508590224138
"9065",3,"WALKING_DOWNSTAIRS","training data","fBodyAccJerk-mean()-Y",-0.135938542632653
"9066",3,"WALKING_UPSTAIRS","training data","fBodyAccJerk-mean()-Y",-0.283772547471017
"9067",5,"STANDING","training data","fBodyAccJerk-mean()-Y",-0.93137020875
"9068",5,"SITTING","training data","fBodyAccJerk-mean()-Y",-0.954237489772727
"9069",5,"LAYING","training data","fBodyAccJerk-mean()-Y",-0.965328566153846
"9070",5,"WALKING","training data","fBodyAccJerk-mean()-Y",-0.181055554206071
"9071",5,"WALKING_DOWNSTAIRS","training data","fBodyAccJerk-mean()-Y",-0.0568032957531915
"9072",5,"WALKING_UPSTAIRS","training data","fBodyAccJerk-mean()-Y",-0.19681792087234
"9073",6,"STANDING","training data","fBodyAccJerk-mean()-Y",-0.951405464912281
"9074",6,"SITTING","training data","fBodyAccJerk-mean()-Y",-0.947070821272727
"9075",6,"LAYING","training data","fBodyAccJerk-mean()-Y",-0.936043420175439
"9076",6,"WALKING","training data","fBodyAccJerk-mean()-Y",-0.0753742321614035
"9077",6,"WALKING_DOWNSTAIRS","training data","fBodyAccJerk-mean()-Y",0.1372024523
"9078",6,"WALKING_UPSTAIRS","training data","fBodyAccJerk-mean()-Y",-0.122991594331373
"9079",7,"STANDING","training data","fBodyAccJerk-mean()-Y",-0.967165093018868
"9080",7,"SITTING","training data","fBodyAccJerk-mean()-Y",-0.969423612916667
"9081",7,"LAYING","training data","fBodyAccJerk-mean()-Y",-0.972531648846154
"9082",7,"WALKING","training data","fBodyAccJerk-mean()-Y",-0.123192887383684
"9083",7,"WALKING_DOWNSTAIRS","training data","fBodyAccJerk-mean()-Y",-0.316236510319149
"9084",7,"WALKING_UPSTAIRS","training data","fBodyAccJerk-mean()-Y",-0.53707567
"9085",8,"STANDING","training data","fBodyAccJerk-mean()-Y",-0.976177675
"9086",8,"SITTING","training data","fBodyAccJerk-mean()-Y",-0.980221104565217
"9087",8,"LAYING","training data","fBodyAccJerk-mean()-Y",-0.975877437407407
"9088",8,"WALKING","training data","fBodyAccJerk-mean()-Y",0.0796832872416667
"9089",8,"WALKING_DOWNSTAIRS","training data","fBodyAccJerk-mean()-Y",0.220639687868421
"9090",8,"WALKING_UPSTAIRS","training data","fBodyAccJerk-mean()-Y",-0.0257952590634146
"9091",11,"STANDING","training data","fBodyAccJerk-mean()-Y",-0.979287024255319
"9092",11,"SITTING","training data","fBodyAccJerk-mean()-Y",-0.967454617735849
"9093",11,"LAYING","training data","fBodyAccJerk-mean()-Y",-0.973882496666667
"9094",11,"WALKING","training data","fBodyAccJerk-mean()-Y",-0.241801726186441
"9095",11,"WALKING_DOWNSTAIRS","training data","fBodyAccJerk-mean()-Y",-0.177479240097826
"9096",11,"WALKING_UPSTAIRS","training data","fBodyAccJerk-mean()-Y",-0.455317917037037
"9097",14,"STANDING","training data","fBodyAccJerk-mean()-Y",-0.967249904833333
"9098",14,"SITTING","training data","fBodyAccJerk-mean()-Y",-0.968951769814815
"9099",14,"LAYING","training data","fBodyAccJerk-mean()-Y",-0.969342124313725
"9100",14,"WALKING","training data","fBodyAccJerk-mean()-Y",-0.376766600508475
"9101",14,"WALKING_DOWNSTAIRS","training data","fBodyAccJerk-mean()-Y",0.164775056133333
"9102",14,"WALKING_UPSTAIRS","training data","fBodyAccJerk-mean()-Y",-0.347606639592593
"9103",15,"STANDING","training data","fBodyAccJerk-mean()-Y",-0.967884709433962
"9104",15,"SITTING","training data","fBodyAccJerk-mean()-Y",-0.978159013220339
"9105",15,"LAYING","training data","fBodyAccJerk-mean()-Y",-0.970833221666667
"9106",15,"WALKING","training data","fBodyAccJerk-mean()-Y",-0.0669378062222222
"9107",15,"WALKING_DOWNSTAIRS","training data","fBodyAccJerk-mean()-Y",-0.0269769415214286
"9108",15,"WALKING_UPSTAIRS","training data","fBodyAccJerk-mean()-Y",-0.338102216666667
"9109",16,"STANDING","training data","fBodyAccJerk-mean()-Y",-0.982425403974359
"9110",16,"SITTING","training data","fBodyAccJerk-mean()-Y",-0.981752167391304
"9111",16,"LAYING","training data","fBodyAccJerk-mean()-Y",-0.984752927142857
"9112",16,"WALKING","training data","fBodyAccJerk-mean()-Y",-0.454270822156863
"9113",16,"WALKING_DOWNSTAIRS","training data","fBodyAccJerk-mean()-Y",-0.289957855489362
"9114",16,"WALKING_UPSTAIRS","training data","fBodyAccJerk-mean()-Y",-0.468605205294118
"9115",17,"STANDING","training data","fBodyAccJerk-mean()-Y",-0.986278342435897
"9116",17,"SITTING","training data","fBodyAccJerk-mean()-Y",-0.9883274196875
"9117",17,"LAYING","training data","fBodyAccJerk-mean()-Y",-0.977212387746479
"9118",17,"WALKING","training data","fBodyAccJerk-mean()-Y",-0.194232721737705
"9119",17,"WALKING_DOWNSTAIRS","training data","fBodyAccJerk-mean()-Y",-0.351268404347826
"9120",17,"WALKING_UPSTAIRS","training data","fBodyAccJerk-mean()-Y",-0.37705192875
"9121",19,"STANDING","training data","fBodyAccJerk-mean()-Y",-0.970011345890411
"9122",19,"SITTING","training data","fBodyAccJerk-mean()-Y",-0.979141571643836
"9123",19,"LAYING","training data","fBodyAccJerk-mean()-Y",-0.974878270963855
"9124",19,"WALKING","training data","fBodyAccJerk-mean()-Y",0.0107318703980769
"9125",19,"WALKING_DOWNSTAIRS","training data","fBodyAccJerk-mean()-Y",0.276716853307692
"9126",19,"WALKING_UPSTAIRS","training data","fBodyAccJerk-mean()-Y",-0.073928372175
"9127",21,"STANDING","training data","fBodyAccJerk-mean()-Y",-0.964503015505618
"9128",21,"SITTING","training data","fBodyAccJerk-mean()-Y",-0.979180438588235
"9129",21,"LAYING","training data","fBodyAccJerk-mean()-Y",-0.972039417111111
"9130",21,"WALKING","training data","fBodyAccJerk-mean()-Y",-0.112564739084615
"9131",21,"WALKING_DOWNSTAIRS","training data","fBodyAccJerk-mean()-Y",-0.107306347733333
"9132",21,"WALKING_UPSTAIRS","training data","fBodyAccJerk-mean()-Y",-0.205067301297872
"9133",22,"STANDING","training data","fBodyAccJerk-mean()-Y",-0.952141454126984
"9134",22,"SITTING","training data","fBodyAccJerk-mean()-Y",-0.963129472580645
"9135",22,"LAYING","training data","fBodyAccJerk-mean()-Y",-0.954833264305556
"9136",22,"WALKING","training data","fBodyAccJerk-mean()-Y",0.159995613695652
"9137",22,"WALKING_DOWNSTAIRS","training data","fBodyAccJerk-mean()-Y",-0.00309155313333333
"9138",22,"WALKING_UPSTAIRS","training data","fBodyAccJerk-mean()-Y",-0.0751829281833333
"9139",23,"STANDING","training data","fBodyAccJerk-mean()-Y",-0.975176561617647
"9140",23,"SITTING","training data","fBodyAccJerk-mean()-Y",-0.978136218235294
"9141",23,"LAYING","training data","fBodyAccJerk-mean()-Y",-0.988230264166667
"9142",23,"WALKING","training data","fBodyAccJerk-mean()-Y",-0.155488720747458
"9143",23,"WALKING_DOWNSTAIRS","training data","fBodyAccJerk-mean()-Y",-0.0724504562777778
"9144",23,"WALKING_UPSTAIRS","training data","fBodyAccJerk-mean()-Y",-0.326236287627451
"9145",25,"STANDING","training data","fBodyAccJerk-mean()-Y",-0.972554452972973
"9146",25,"SITTING","training data","fBodyAccJerk-mean()-Y",-0.982957002923077
"9147",25,"LAYING","training data","fBodyAccJerk-mean()-Y",-0.946802003561644
"9148",25,"WALKING","training data","fBodyAccJerk-mean()-Y",-0.43445519972973
"9149",25,"WALKING_DOWNSTAIRS","training data","fBodyAccJerk-mean()-Y",-0.415699643793103
"9150",25,"WALKING_UPSTAIRS","training data","fBodyAccJerk-mean()-Y",-0.640849424923077
"9151",26,"STANDING","training data","fBodyAccJerk-mean()-Y",-0.976267058648649
"9152",26,"SITTING","training data","fBodyAccJerk-mean()-Y",-0.985862886410256
"9153",26,"LAYING","training data","fBodyAccJerk-mean()-Y",-0.987115080789474
"9154",26,"WALKING","training data","fBodyAccJerk-mean()-Y",-0.298531982474576
"9155",26,"WALKING_DOWNSTAIRS","training data","fBodyAccJerk-mean()-Y",-0.165552378156
"9156",26,"WALKING_UPSTAIRS","training data","fBodyAccJerk-mean()-Y",-0.419344696
"9157",27,"STANDING","training data","fBodyAccJerk-mean()-Y",-0.97586868
"9158",27,"SITTING","training data","fBodyAccJerk-mean()-Y",-0.985238583714286
"9159",27,"LAYING","training data","fBodyAccJerk-mean()-Y",-0.985257277297297
"9160",27,"WALKING","training data","fBodyAccJerk-mean()-Y",-0.194767362438596
"9161",27,"WALKING_DOWNSTAIRS","training data","fBodyAccJerk-mean()-Y",-0.170975270611364
"9162",27,"WALKING_UPSTAIRS","training data","fBodyAccJerk-mean()-Y",-0.44246561254902
"9163",28,"STANDING","training data","fBodyAccJerk-mean()-Y",-0.93516897835443
"9164",28,"SITTING","training data","fBodyAccJerk-mean()-Y",-0.963054247083333
"9165",28,"LAYING","training data","fBodyAccJerk-mean()-Y",-0.978094827375
"9166",28,"WALKING","training data","fBodyAccJerk-mean()-Y",-0.294548344814815
"9167",28,"WALKING_DOWNSTAIRS","training data","fBodyAccJerk-mean()-Y",-0.0127039720456522
"9168",28,"WALKING_UPSTAIRS","training data","fBodyAccJerk-mean()-Y",-0.358009373333333
"9169",29,"STANDING","training data","fBodyAccJerk-mean()-Y",-0.983194980615385
"9170",29,"SITTING","training data","fBodyAccJerk-mean()-Y",-0.983883193
"9171",29,"LAYING","training data","fBodyAccJerk-mean()-Y",-0.989398823913043
"9172",29,"WALKING","training data","fBodyAccJerk-mean()-Y",-0.0880213408433962
"9173",29,"WALKING_DOWNSTAIRS","training data","fBodyAccJerk-mean()-Y",-0.0977850659541667
"9174",29,"WALKING_UPSTAIRS","training data","fBodyAccJerk-mean()-Y",-0.408886605510204
"9175",30,"STANDING","training data","fBodyAccJerk-mean()-Y",-0.957434887457627
"9176",30,"SITTING","training data","fBodyAccJerk-mean()-Y",-0.980405717258064
"9177",30,"LAYING","training data","fBodyAccJerk-mean()-Y",-0.971696279857143
"9178",30,"WALKING","training data","fBodyAccJerk-mean()-Y",-0.299525343907692
"9179",30,"WALKING_DOWNSTAIRS","training data","fBodyAccJerk-mean()-Y",-0.224992780432258
"9180",30,"WALKING_UPSTAIRS","training data","fBodyAccJerk-mean()-Y",-0.592919440769231
"9181",2,"STANDING","test data","fBodyAccJerk-mean()-Z",-0.979775152037037
"9182",2,"SITTING","test data","fBodyAccJerk-mean()-Z",-0.985129050217391
"9183",2,"LAYING","test data","fBodyAccJerk-mean()-Z",-0.986197134583333
"9184",2,"WALKING","test data","fBodyAccJerk-mean()-Z",-0.554956709661017
"9185",2,"WALKING_DOWNSTAIRS","test data","fBodyAccJerk-mean()-Z",-0.271498721106383
"9186",2,"WALKING_UPSTAIRS","test data","fBodyAccJerk-mean()-Z",-0.522728063333333
"9187",4,"STANDING","test data","fBodyAccJerk-mean()-Z",-0.968648411607143
"9188",4,"SITTING","test data","fBodyAccJerk-mean()-Z",-0.9751549056
"9189",4,"LAYING","test data","fBodyAccJerk-mean()-Z",-0.975383329444444
"9190",4,"WALKING","test data","fBodyAccJerk-mean()-Z",-0.728991595666667
"9191",4,"WALKING_DOWNSTAIRS","test data","fBodyAccJerk-mean()-Z",-0.583917371333333
"9192",4,"WALKING_UPSTAIRS","test data","fBodyAccJerk-mean()-Z",-0.690106934230769
"9193",9,"STANDING","test data","fBodyAccJerk-mean()-Z",-0.967129200444444
"9194",9,"SITTING","test data","fBodyAccJerk-mean()-Z",-0.9575269752
"9195",9,"LAYING","test data","fBodyAccJerk-mean()-Z",-0.955909215
"9196",9,"WALKING","test data","fBodyAccJerk-mean()-Z",-0.399541245192308
"9197",9,"WALKING_DOWNSTAIRS","test data","fBodyAccJerk-mean()-Z",-0.293677789595238
"9198",9,"WALKING_UPSTAIRS","test data","fBodyAccJerk-mean()-Z",-0.615125710612245
"9199",10,"STANDING","test data","fBodyAccJerk-mean()-Z",-0.972241512272727
"9200",10,"SITTING","test data","fBodyAccJerk-mean()-Z",-0.986056767777778
"9201",10,"LAYING","test data","fBodyAccJerk-mean()-Z",-0.972592212931034
"9202",10,"WALKING","test data","fBodyAccJerk-mean()-Z",-0.464020508867925
"9203",10,"WALKING_DOWNSTAIRS","test data","fBodyAccJerk-mean()-Z",-0.240679035428947
"9204",10,"WALKING_UPSTAIRS","test data","fBodyAccJerk-mean()-Z",-0.553230667234043
"9205",12,"STANDING","test data","fBodyAccJerk-mean()-Z",-0.971122527868852
"9206",12,"SITTING","test data","fBodyAccJerk-mean()-Z",-0.975551564117647
"9207",12,"LAYING","test data","fBodyAccJerk-mean()-Z",-0.967149695166667
"9208",12,"WALKING","test data","fBodyAccJerk-mean()-Z",-0.4913861728
"9209",12,"WALKING_DOWNSTAIRS","test data","fBodyAccJerk-mean()-Z",-0.451614324565217
"9210",12,"WALKING_UPSTAIRS","test data","fBodyAccJerk-mean()-Z",-0.687929868653846
"9211",13,"STANDING","test data","fBodyAccJerk-mean()-Z",-0.98460855877193
"9212",13,"SITTING","test data","fBodyAccJerk-mean()-Z",-0.985261204693878
"9213",13,"LAYING","test data","fBodyAccJerk-mean()-Z",-0.980994601935484
"9214",13,"WALKING","test data","fBodyAccJerk-mean()-Z",-0.342263716894737
"9215",13,"WALKING_DOWNSTAIRS","test data","fBodyAccJerk-mean()-Z",-0.276138039897872
"9216",13,"WALKING_UPSTAIRS","test data","fBodyAccJerk-mean()-Z",-0.631496434363636
"9217",18,"STANDING","test data","fBodyAccJerk-mean()-Z",-0.986265653561644
"9218",18,"SITTING","test data","fBodyAccJerk-mean()-Z",-0.988689671578947
"9219",18,"LAYING","test data","fBodyAccJerk-mean()-Z",-0.989116865846154
"9220",18,"WALKING","test data","fBodyAccJerk-mean()-Z",-0.601147246785714
"9221",18,"WALKING_DOWNSTAIRS","test data","fBodyAccJerk-mean()-Z",-0.622135895090909
"9222",18,"WALKING_UPSTAIRS","test data","fBodyAccJerk-mean()-Z",-0.736149274137931
"9223",20,"STANDING","test data","fBodyAccJerk-mean()-Z",-0.952741107945206
"9224",20,"SITTING","test data","fBodyAccJerk-mean()-Z",-0.973211461363636
"9225",20,"LAYING","test data","fBodyAccJerk-mean()-Z",-0.982876212058823
"9226",20,"WALKING","test data","fBodyAccJerk-mean()-Z",-0.34599447627451
"9227",20,"WALKING_DOWNSTAIRS","test data","fBodyAccJerk-mean()-Z",-0.356220245355556
"9228",20,"WALKING_UPSTAIRS","test data","fBodyAccJerk-mean()-Z",-0.492755895098039
"9229",24,"STANDING","test data","fBodyAccJerk-mean()-Z",-0.974170468405797
"9230",24,"SITTING","test data","fBodyAccJerk-mean()-Z",-0.981971300147059
"9231",24,"LAYING","test data","fBodyAccJerk-mean()-Z",-0.981549689583333
"9232",24,"WALKING","test data","fBodyAccJerk-mean()-Z",-0.469920224310345
"9233",24,"WALKING_DOWNSTAIRS","test data","fBodyAccJerk-mean()-Z",-0.250000183381818
"9234",24,"WALKING_UPSTAIRS","test data","fBodyAccJerk-mean()-Z",-0.48339098779661
"9235",1,"STANDING","training data","fBodyAccJerk-mean()-Z",-0.990752166037736
"9236",1,"SITTING","training data","fBodyAccJerk-mean()-Z",-0.986053092340425
"9237",1,"LAYING","training data","fBodyAccJerk-mean()-Z",-0.9480609042
"9238",1,"WALKING","training data","fBodyAccJerk-mean()-Z",-0.468999224631579
"9239",1,"WALKING_DOWNSTAIRS","training data","fBodyAccJerk-mean()-Z",-0.288334735714286
"9240",1,"WALKING_UPSTAIRS","training data","fBodyAccJerk-mean()-Z",-0.685474353962264
"9241",3,"STANDING","training data","fBodyAccJerk-mean()-Z",-0.969174903442623
"9242",3,"SITTING","training data","fBodyAccJerk-mean()-Z",-0.970845669423077
"9243",3,"LAYING","training data","fBodyAccJerk-mean()-Z",-0.979122344354839
"9244",3,"WALKING","training data","fBodyAccJerk-mean()-Z",-0.514137255344828
"9245",3,"WALKING_DOWNSTAIRS","training data","fBodyAccJerk-mean()-Z",-0.529059450612245
"9246",3,"WALKING_UPSTAIRS","training data","fBodyAccJerk-mean()-Z",-0.677314534067797
"9247",5,"STANDING","training data","fBodyAccJerk-mean()-Z",-0.958438726607143
"9248",5,"SITTING","training data","fBodyAccJerk-mean()-Z",-0.969501330681818
"9249",5,"LAYING","training data","fBodyAccJerk-mean()-Z",-0.983250309423077
"9250",5,"WALKING","training data","fBodyAccJerk-mean()-Z",-0.590496615535714
"9251",5,"WALKING_DOWNSTAIRS","training data","fBodyAccJerk-mean()-Z",-0.491979946170213
"9252",5,"WALKING_UPSTAIRS","training data","fBodyAccJerk-mean()-Z",-0.606717464680851
"9253",6,"STANDING","training data","fBodyAccJerk-mean()-Z",-0.963743518070175
"9254",6,"SITTING","training data","fBodyAccJerk-mean()-Z",-0.954199785636364
"9255",6,"LAYING","training data","fBodyAccJerk-mean()-Z",-0.954425844736842
"9256",6,"WALKING","training data","fBodyAccJerk-mean()-Z",-0.541438616140351
"9257",6,"WALKING_DOWNSTAIRS","training data","fBodyAccJerk-mean()-Z",-0.283086205125
"9258",6,"WALKING_UPSTAIRS","training data","fBodyAccJerk-mean()-Z",-0.549314615882353
"9259",7,"STANDING","training data","fBodyAccJerk-mean()-Z",-0.968229643018868
"9260",7,"SITTING","training data","fBodyAccJerk-mean()-Z",-0.968503504791667
"9261",7,"LAYING","training data","fBodyAccJerk-mean()-Z",-0.969524977692308
"9262",7,"WALKING","training data","fBodyAccJerk-mean()-Z",-0.106490372892632
"9263",7,"WALKING_DOWNSTAIRS","training data","fBodyAccJerk-mean()-Z",-0.296494902765957
"9264",7,"WALKING_UPSTAIRS","training data","fBodyAccJerk-mean()-Z",-0.581764526862745
"9265",8,"STANDING","training data","fBodyAccJerk-mean()-Z",-0.979477193333333
"9266",8,"SITTING","training data","fBodyAccJerk-mean()-Z",-0.982995311086956
"9267",8,"LAYING","training data","fBodyAccJerk-mean()-Z",-0.962111136666667
"9268",8,"WALKING","training data","fBodyAccJerk-mean()-Z",-0.361563262083333
"9269",8,"WALKING_DOWNSTAIRS","training data","fBodyAccJerk-mean()-Z",0.0586096890447368
"9270",8,"WALKING_UPSTAIRS","training data","fBodyAccJerk-mean()-Z",-0.386655803658537
"9271",11,"STANDING","training data","fBodyAccJerk-mean()-Z",-0.988460788085106
"9272",11,"SITTING","training data","fBodyAccJerk-mean()-Z",-0.981124861320755
"9273",11,"LAYING","training data","fBodyAccJerk-mean()-Z",-0.979564844210526
"9274",11,"WALKING","training data","fBodyAccJerk-mean()-Z",-0.69259387220339
"9275",11,"WALKING_DOWNSTAIRS","training data","fBodyAccJerk-mean()-Z",-0.530225529130435
"9276",11,"WALKING_UPSTAIRS","training data","fBodyAccJerk-mean()-Z",-0.765387905555556
"9277",14,"STANDING","training data","fBodyAccJerk-mean()-Z",-0.966718434333333
"9278",14,"SITTING","training data","fBodyAccJerk-mean()-Z",-0.97275196962963
"9279",14,"LAYING","training data","fBodyAccJerk-mean()-Z",-0.968593195686275
"9280",14,"WALKING","training data","fBodyAccJerk-mean()-Z",-0.415899179152542
"9281",14,"WALKING_DOWNSTAIRS","training data","fBodyAccJerk-mean()-Z",-0.0248789805888889
"9282",14,"WALKING_UPSTAIRS","training data","fBodyAccJerk-mean()-Z",-0.264008468333333
"9283",15,"STANDING","training data","fBodyAccJerk-mean()-Z",-0.982632302830189
"9284",15,"SITTING","training data","fBodyAccJerk-mean()-Z",-0.984908418474576
"9285",15,"LAYING","training data","fBodyAccJerk-mean()-Z",-0.97477568375
"9286",15,"WALKING","training data","fBodyAccJerk-mean()-Z",-0.648905254074074
"9287",15,"WALKING_DOWNSTAIRS","training data","fBodyAccJerk-mean()-Z",-0.345376541261905
"9288",15,"WALKING_UPSTAIRS","training data","fBodyAccJerk-mean()-Z",-0.714554172708333
"9289",16,"STANDING","training data","fBodyAccJerk-mean()-Z",-0.986091891538462
"9290",16,"SITTING","training data","fBodyAccJerk-mean()-Z",-0.981178036811594
"9291",16,"LAYING","training data","fBodyAccJerk-mean()-Z",-0.985544945285714
"9292",16,"WALKING","training data","fBodyAccJerk-mean()-Z",-0.422332394117647
"9293",16,"WALKING_DOWNSTAIRS","training data","fBodyAccJerk-mean()-Z",-0.241974080021277
"9294",16,"WALKING_UPSTAIRS","training data","fBodyAccJerk-mean()-Z",-0.565220840588235
"9295",17,"STANDING","training data","fBodyAccJerk-mean()-Z",-0.989563633076923
"9296",17,"SITTING","training data","fBodyAccJerk-mean()-Z",-0.9888280653125
"9297",17,"LAYING","training data","fBodyAccJerk-mean()-Z",-0.98038005915493
"9298",17,"WALKING","training data","fBodyAccJerk-mean()-Z",-0.523427055737705
"9299",17,"WALKING_DOWNSTAIRS","training data","fBodyAccJerk-mean()-Z",-0.498668458043478
"9300",17,"WALKING_UPSTAIRS","training data","fBodyAccJerk-mean()-Z",-0.633017707916667
"9301",19,"STANDING","training data","fBodyAccJerk-mean()-Z",-0.983463295479452
"9302",19,"SITTING","training data","fBodyAccJerk-mean()-Z",-0.98398048
"9303",19,"LAYING","training data","fBodyAccJerk-mean()-Z",-0.986506488795181
"9304",19,"WALKING","training data","fBodyAccJerk-mean()-Z",-0.129367902596154
"9305",19,"WALKING_DOWNSTAIRS","training data","fBodyAccJerk-mean()-Z",0.0595905768717949
"9306",19,"WALKING_UPSTAIRS","training data","fBodyAccJerk-mean()-Z",-0.3806571232
"9307",21,"STANDING","training data","fBodyAccJerk-mean()-Z",-0.974780645393258
"9308",21,"SITTING","training data","fBodyAccJerk-mean()-Z",-0.983434322941176
"9309",21,"LAYING","training data","fBodyAccJerk-mean()-Z",-0.981630805333333
"9310",21,"WALKING","training data","fBodyAccJerk-mean()-Z",-0.405700157884615
"9311",21,"WALKING_DOWNSTAIRS","training data","fBodyAccJerk-mean()-Z",-0.196838264546667
"9312",21,"WALKING_UPSTAIRS","training data","fBodyAccJerk-mean()-Z",-0.519815170851064
"9313",22,"STANDING","training data","fBodyAccJerk-mean()-Z",-0.977567430952381
"9314",22,"SITTING","training data","fBodyAccJerk-mean()-Z",-0.975330718709677
"9315",22,"LAYING","training data","fBodyAccJerk-mean()-Z",-0.970918941666667
"9316",22,"WALKING","training data","fBodyAccJerk-mean()-Z",-0.281973435652174
"9317",22,"WALKING_DOWNSTAIRS","training data","fBodyAccJerk-mean()-Z",-0.419534253611111
"9318",22,"WALKING_UPSTAIRS","training data","fBodyAccJerk-mean()-Z",-0.414448875714286
"9319",23,"STANDING","training data","fBodyAccJerk-mean()-Z",-0.969610229705882
"9320",23,"SITTING","training data","fBodyAccJerk-mean()-Z",-0.972656226029412
"9321",23,"LAYING","training data","fBodyAccJerk-mean()-Z",-0.982415511805556
"9322",23,"WALKING","training data","fBodyAccJerk-mean()-Z",-0.0572021324745763
"9323",23,"WALKING_DOWNSTAIRS","training data","fBodyAccJerk-mean()-Z",0.157775692377778
"9324",23,"WALKING_UPSTAIRS","training data","fBodyAccJerk-mean()-Z",-0.346605238039216
"9325",25,"STANDING","training data","fBodyAccJerk-mean()-Z",-0.984832251216216
"9326",25,"SITTING","training data","fBodyAccJerk-mean()-Z",-0.986326396461538
"9327",25,"LAYING","training data","fBodyAccJerk-mean()-Z",-0.962632674520548
"9328",25,"WALKING","training data","fBodyAccJerk-mean()-Z",-0.659286392837838
"9329",25,"WALKING_DOWNSTAIRS","training data","fBodyAccJerk-mean()-Z",-0.686843959310345
"9330",25,"WALKING_UPSTAIRS","training data","fBodyAccJerk-mean()-Z",-0.793266971230769
"9331",26,"STANDING","training data","fBodyAccJerk-mean()-Z",-0.984563921216216
"9332",26,"SITTING","training data","fBodyAccJerk-mean()-Z",-0.987989982948718
"9333",26,"LAYING","training data","fBodyAccJerk-mean()-Z",-0.987308252236842
"9334",26,"WALKING","training data","fBodyAccJerk-mean()-Z",-0.398673189830508
"9335",26,"WALKING_DOWNSTAIRS","training data","fBodyAccJerk-mean()-Z",-0.3601146078
"9336",26,"WALKING_UPSTAIRS","training data","fBodyAccJerk-mean()-Z",-0.639741264909091
"9337",27,"STANDING","training data","fBodyAccJerk-mean()-Z",-0.9851113755
"9338",27,"SITTING","training data","fBodyAccJerk-mean()-Z",-0.987087721142857
"9339",27,"LAYING","training data","fBodyAccJerk-mean()-Z",-0.988033129054054
"9340",27,"WALKING","training data","fBodyAccJerk-mean()-Z",-0.382617091578947
"9341",27,"WALKING_DOWNSTAIRS","training data","fBodyAccJerk-mean()-Z",-0.343626396295455
"9342",27,"WALKING_UPSTAIRS","training data","fBodyAccJerk-mean()-Z",-0.608544241568627
"9343",28,"STANDING","training data","fBodyAccJerk-mean()-Z",-0.964751238734177
"9344",28,"SITTING","training data","fBodyAccJerk-mean()-Z",-0.972939551944444
"9345",28,"LAYING","training data","fBodyAccJerk-mean()-Z",-0.970251565375
"9346",28,"WALKING","training data","fBodyAccJerk-mean()-Z",-0.498754491111111
"9347",28,"WALKING_DOWNSTAIRS","training data","fBodyAccJerk-mean()-Z",-0.365287434717391
"9348",28,"WALKING_UPSTAIRS","training data","fBodyAccJerk-mean()-Z",-0.587813565294118
"9349",29,"STANDING","training data","fBodyAccJerk-mean()-Z",-0.988541579384615
"9350",29,"SITTING","training data","fBodyAccJerk-mean()-Z",-0.988470241
"9351",29,"LAYING","training data","fBodyAccJerk-mean()-Z",-0.992018447826087
"9352",29,"WALKING","training data","fBodyAccJerk-mean()-Z",-0.394877826981132
"9353",29,"WALKING_DOWNSTAIRS","training data","fBodyAccJerk-mean()-Z",-0.411173451875
"9354",29,"WALKING_UPSTAIRS","training data","fBodyAccJerk-mean()-Z",-0.646198587755102
"9355",30,"STANDING","training data","fBodyAccJerk-mean()-Z",-0.962892627966102
"9356",30,"SITTING","training data","fBodyAccJerk-mean()-Z",-0.985978315322581
"9357",30,"LAYING","training data","fBodyAccJerk-mean()-Z",-0.975632420428571
"9358",30,"WALKING","training data","fBodyAccJerk-mean()-Z",-0.467030710153846
"9359",30,"WALKING_DOWNSTAIRS","training data","fBodyAccJerk-mean()-Z",-0.399688694032258
"9360",30,"WALKING_UPSTAIRS","training data","fBodyAccJerk-mean()-Z",-0.737803881230769
"9361",2,"STANDING","test data","fBodyAccJerk-std()-X",-0.983007923703704
"9362",2,"SITTING","test data","fBodyAccJerk-std()-X",-0.989459107391304
"9363",2,"LAYING","test data","fBodyAccJerk-std()-X",-0.987250255833333
"9364",2,"WALKING","test data","fBodyAccJerk-std()-X",-0.31431306340678
"9365",2,"WALKING_DOWNSTAIRS","test data","fBodyAccJerk-std()-X",0.0499590624829787
"9366",2,"WALKING_UPSTAIRS","test data","fBodyAccJerk-std()-X",-0.365415441458333
"9367",4,"STANDING","test data","fBodyAccJerk-std()-X",-0.975706723571429
"9368",4,"SITTING","test data","fBodyAccJerk-std()-X",-0.9787769122
"9369",4,"LAYING","test data","fBodyAccJerk-std()-X",-0.980079292592593
"9370",4,"WALKING","test data","fBodyAccJerk-std()-X",-0.29732607245
"9371",4,"WALKING_DOWNSTAIRS","test data","fBodyAccJerk-std()-X",-0.208250062317778
"9372",4,"WALKING_UPSTAIRS","test data","fBodyAccJerk-std()-X",-0.396762584807692
"9373",9,"STANDING","test data","fBodyAccJerk-std()-X",-0.971278823333333
"9374",9,"SITTING","test data","fBodyAccJerk-std()-X",-0.9666604036
"9375",9,"LAYING","test data","fBodyAccJerk-std()-X",-0.9686013042
"9376",9,"WALKING","test data","fBodyAccJerk-std()-X",-0.170228340134423
"9377",9,"WALKING_DOWNSTAIRS","test data","fBodyAccJerk-std()-X",0.00938224337142857
"9378",9,"WALKING_UPSTAIRS","test data","fBodyAccJerk-std()-X",-0.327421989591837
"9379",10,"STANDING","test data","fBodyAccJerk-std()-X",-0.968612135909091
"9380",10,"SITTING","test data","fBodyAccJerk-std()-X",-0.989550917407407
"9381",10,"LAYING","test data","fBodyAccJerk-std()-X",-0.978904364137931
"9382",10,"WALKING","test data","fBodyAccJerk-std()-X",-0.0791518267107547
"9383",10,"WALKING_DOWNSTAIRS","test data","fBodyAccJerk-std()-X",0.156912678626316
"9384",10,"WALKING_UPSTAIRS","test data","fBodyAccJerk-std()-X",-0.247598320858298
"9385",12,"STANDING","test data","fBodyAccJerk-std()-X",-0.975581439016393
"9386",12,"SITTING","test data","fBodyAccJerk-std()-X",-0.977980349019608
"9387",12,"LAYING","test data","fBodyAccJerk-std()-X",-0.972820011166667
"9388",12,"WALKING","test data","fBodyAccJerk-std()-X",-0.03105929456
"9389",12,"WALKING_DOWNSTAIRS","test data","fBodyAccJerk-std()-X",-0.072311431676087
"9390",12,"WALKING_UPSTAIRS","test data","fBodyAccJerk-std()-X",-0.39060122
"9391",13,"STANDING","test data","fBodyAccJerk-std()-X",-0.988185112807018
"9392",13,"SITTING","test data","fBodyAccJerk-std()-X",-0.99368217
"9393",13,"LAYING","test data","fBodyAccJerk-std()-X",-0.98707817516129
"9394",13,"WALKING","test data","fBodyAccJerk-std()-X",-0.219716159766667
"9395",13,"WALKING_DOWNSTAIRS","test data","fBodyAccJerk-std()-X",-0.114744976032191
"9396",13,"WALKING_UPSTAIRS","test data","fBodyAccJerk-std()-X",-0.514337759454545
"9397",18,"STANDING","test data","fBodyAccJerk-std()-X",-0.990287933424657
"9398",18,"SITTING","test data","fBodyAccJerk-std()-X",-0.992039060701754
"9399",18,"LAYING","test data","fBodyAccJerk-std()-X",-0.986641245846154
"9400",18,"WALKING","test data","fBodyAccJerk-std()-X",-0.375992795357143
"9401",18,"WALKING_DOWNSTAIRS","test data","fBodyAccJerk-std()-X",-0.416050500909091
"9402",18,"WALKING_UPSTAIRS","test data","fBodyAccJerk-std()-X",-0.575331252413793
"9403",20,"STANDING","test data","fBodyAccJerk-std()-X",-0.963098911506849
"9404",20,"SITTING","test data","fBodyAccJerk-std()-X",-0.983565760757576
"9405",20,"LAYING","test data","fBodyAccJerk-std()-X",-0.986213883088235
"9406",20,"WALKING","test data","fBodyAccJerk-std()-X",-0.122237205541176
"9407",20,"WALKING_DOWNSTAIRS","test data","fBodyAccJerk-std()-X",-0.147278592755556
"9408",20,"WALKING_UPSTAIRS","test data","fBodyAccJerk-std()-X",-0.187090779486275
"9409",24,"STANDING","test data","fBodyAccJerk-std()-X",-0.981721691014493
"9410",24,"SITTING","test data","fBodyAccJerk-std()-X",-0.9892888075
"9411",24,"LAYING","test data","fBodyAccJerk-std()-X",-0.988140517777778
"9412",24,"WALKING","test data","fBodyAccJerk-std()-X",-0.507640734482759
"9413",24,"WALKING_DOWNSTAIRS","test data","fBodyAccJerk-std()-X",-0.355930598
"9414",24,"WALKING_UPSTAIRS","test data","fBodyAccJerk-std()-X",-0.527104719152542
"9415",1,"STANDING","training data","fBodyAccJerk-std()-X",-0.995073759245283
"9416",1,"SITTING","training data","fBodyAccJerk-std()-X",-0.987492994468085
"9417",1,"LAYING","training data","fBodyAccJerk-std()-X",-0.9641607086
"9418",1,"WALKING","training data","fBodyAccJerk-std()-X",-0.133586606326316
"9419",1,"WALKING_DOWNSTAIRS","training data","fBodyAccJerk-std()-X",-0.0863278966402041
"9420",1,"WALKING_UPSTAIRS","training data","fBodyAccJerk-std()-X",-0.461907025849057
"9421",3,"STANDING","training data","fBodyAccJerk-std()-X",-0.960570921803279
"9422",3,"SITTING","training data","fBodyAccJerk-std()-X",-0.976283534807692
"9423",3,"LAYING","training data","fBodyAccJerk-std()-X",-0.983122615967742
"9424",3,"WALKING","training data","fBodyAccJerk-std()-X",-0.296596633103448
"9425",3,"WALKING_DOWNSTAIRS","training data","fBodyAccJerk-std()-X",-0.165442898685714
"9426",3,"WALKING_UPSTAIRS","training data","fBodyAccJerk-std()-X",-0.486446509661017
"9427",5,"STANDING","training data","fBodyAccJerk-std()-X",-0.965778920714286
"9428",5,"SITTING","training data","fBodyAccJerk-std()-X",-0.976530547272727
"9429",5,"LAYING","training data","fBodyAccJerk-std()-X",-0.985625270384615
"9430",5,"WALKING","training data","fBodyAccJerk-std()-X",-0.3213903195
"9431",5,"WALKING_DOWNSTAIRS","training data","fBodyAccJerk-std()-X",0.011055933212766
"9432",5,"WALKING_UPSTAIRS","training data","fBodyAccJerk-std()-X",-0.22532784293617
"9433",6,"STANDING","training data","fBodyAccJerk-std()-X",-0.975235677719298
"9434",6,"SITTING","training data","fBodyAccJerk-std()-X",-0.971488767454545
"9435",6,"LAYING","training data","fBodyAccJerk-std()-X",-0.968619159473684
"9436",6,"WALKING","training data","fBodyAccJerk-std()-X",-0.19269469414386
"9437",6,"WALKING_DOWNSTAIRS","training data","fBodyAccJerk-std()-X",0.0886515099394167
"9438",6,"WALKING_UPSTAIRS","training data","fBodyAccJerk-std()-X",-0.186815074235294
"9439",7,"STANDING","training data","fBodyAccJerk-std()-X",-0.978729082830189
"9440",7,"SITTING","training data","fBodyAccJerk-std()-X",-0.984026344375
"9441",7,"LAYING","training data","fBodyAccJerk-std()-X",-0.983560175384615
"9442",7,"WALKING","training data","fBodyAccJerk-std()-X",-0.365314790947368
"9443",7,"WALKING_DOWNSTAIRS","training data","fBodyAccJerk-std()-X",-0.00426289144680851
"9444",7,"WALKING_UPSTAIRS","training data","fBodyAccJerk-std()-X",-0.426974025686275
"9445",8,"STANDING","training data","fBodyAccJerk-std()-X",-0.990414086851852
"9446",8,"SITTING","training data","fBodyAccJerk-std()-X",-0.986913610652174
"9447",8,"LAYING","training data","fBodyAccJerk-std()-X",-0.975959911481481
"9448",8,"WALKING","training data","fBodyAccJerk-std()-X",-0.271448185291667
"9449",8,"WALKING_DOWNSTAIRS","training data","fBodyAccJerk-std()-X",0.172658982065789
"9450",8,"WALKING_UPSTAIRS","training data","fBodyAccJerk-std()-X",-0.24733661795122
"9451",11,"STANDING","training data","fBodyAccJerk-std()-X",-0.993414564042553
"9452",11,"SITTING","training data","fBodyAccJerk-std()-X",-0.981607942075472
"9453",11,"LAYING","training data","fBodyAccJerk-std()-X",-0.987122678245614
"9454",11,"WALKING","training data","fBodyAccJerk-std()-X",-0.45394304
"9455",11,"WALKING_DOWNSTAIRS","training data","fBodyAccJerk-std()-X",-0.12834163051087
"9456",11,"WALKING_UPSTAIRS","training data","fBodyAccJerk-std()-X",-0.458255021296296
"9457",14,"STANDING","training data","fBodyAccJerk-std()-X",-0.980396601666667
"9458",14,"SITTING","training data","fBodyAccJerk-std()-X",-0.981920831111111
"9459",14,"LAYING","training data","fBodyAccJerk-std()-X",-0.973491388039216
"9460",14,"WALKING","training data","fBodyAccJerk-std()-X",-0.484797709830508
"9461",14,"WALKING_DOWNSTAIRS","training data","fBodyAccJerk-std()-X",-0.0302396365755556
"9462",14,"WALKING_UPSTAIRS","training data","fBodyAccJerk-std()-X",-0.41096787037037
"9463",15,"STANDING","training data","fBodyAccJerk-std()-X",-0.986934133584906
"9464",15,"SITTING","training data","fBodyAccJerk-std()-X",-0.989314359661017
"9465",15,"LAYING","training data","fBodyAccJerk-std()-X",-0.983949290694444
"9466",15,"WALKING","training data","fBodyAccJerk-std()-X",-0.411500068148148
"9467",15,"WALKING_DOWNSTAIRS","training data","fBodyAccJerk-std()-X",0.108062740547619
"9468",15,"WALKING_UPSTAIRS","training data","fBodyAccJerk-std()-X",-0.207231605488542
"9469",16,"STANDING","training data","fBodyAccJerk-std()-X",-0.991847149615385
"9470",16,"SITTING","training data","fBodyAccJerk-std()-X",-0.991567867681159
"9471",16,"LAYING","training data","fBodyAccJerk-std()-X",-0.989287359142857
"9472",16,"WALKING","training data","fBodyAccJerk-std()-X",-0.402884115098039
"9473",16,"WALKING_DOWNSTAIRS","training data","fBodyAccJerk-std()-X",-0.125682818093191
"9474",16,"WALKING_UPSTAIRS","training data","fBodyAccJerk-std()-X",-0.538073090196078
"9475",17,"STANDING","training data","fBodyAccJerk-std()-X",-0.992775377692308
"9476",17,"SITTING","training data","fBodyAccJerk-std()-X",-0.9946131621875
"9477",17,"LAYING","training data","fBodyAccJerk-std()-X",-0.983213244366197
"9478",17,"WALKING","training data","fBodyAccJerk-std()-X",-0.343866129016393
"9479",17,"WALKING_DOWNSTAIRS","training data","fBodyAccJerk-std()-X",-0.0718767032673913
"9480",17,"WALKING_UPSTAIRS","training data","fBodyAccJerk-std()-X",-0.287219038291667
"9481",19,"STANDING","training data","fBodyAccJerk-std()-X",-0.985913722328767
"9482",19,"SITTING","training data","fBodyAccJerk-std()-X",-0.988576991369863
"9483",19,"LAYING","training data","fBodyAccJerk-std()-X",-0.985278006987952
"9484",19,"WALKING","training data","fBodyAccJerk-std()-X",0.0908366492173077
"9485",19,"WALKING_DOWNSTAIRS","training data","fBodyAccJerk-std()-X",0.476803887476923
"9486",19,"WALKING_UPSTAIRS","training data","fBodyAccJerk-std()-X",-0.2172651781
"9487",21,"STANDING","training data","fBodyAccJerk-std()-X",-0.979530485393258
"9488",21,"SITTING","training data","fBodyAccJerk-std()-X",-0.990027822470588
"9489",21,"LAYING","training data","fBodyAccJerk-std()-X",-0.987061376777778
"9490",21,"WALKING","training data","fBodyAccJerk-std()-X",-0.107412802661538
"9491",21,"WALKING_DOWNSTAIRS","training data","fBodyAccJerk-std()-X",-0.0463867896444444
"9492",21,"WALKING_UPSTAIRS","training data","fBodyAccJerk-std()-X",-0.462972848723404
"9493",22,"STANDING","training data","fBodyAccJerk-std()-X",-0.978773000952381
"9494",22,"SITTING","training data","fBodyAccJerk-std()-X",-0.984299609032258
"9495",22,"LAYING","training data","fBodyAccJerk-std()-X",-0.974126068055556
"9496",22,"WALKING","training data","fBodyAccJerk-std()-X",0.0180047785304348
"9497",22,"WALKING_DOWNSTAIRS","training data","fBodyAccJerk-std()-X",0.0404618458027778
"9498",22,"WALKING_UPSTAIRS","training data","fBodyAccJerk-std()-X",-0.0677978520178571
"9499",23,"STANDING","training data","fBodyAccJerk-std()-X",-0.984531642205882
"9500",23,"SITTING","training data","fBodyAccJerk-std()-X",-0.986019630441176
"9501",23,"LAYING","training data","fBodyAccJerk-std()-X",-0.987840852638889
"9502",23,"WALKING","training data","fBodyAccJerk-std()-X",-0.235172990305085
"9503",23,"WALKING_DOWNSTAIRS","training data","fBodyAccJerk-std()-X",0.0819587190574074
"9504",23,"WALKING_UPSTAIRS","training data","fBodyAccJerk-std()-X",-0.424877553333333
"9505",25,"STANDING","training data","fBodyAccJerk-std()-X",-0.989339890810811
"9506",25,"SITTING","training data","fBodyAccJerk-std()-X",-0.992750109846154
"9507",25,"LAYING","training data","fBodyAccJerk-std()-X",-0.976423984657534
"9508",25,"WALKING","training data","fBodyAccJerk-std()-X",-0.624145724594595
"9509",25,"WALKING_DOWNSTAIRS","training data","fBodyAccJerk-std()-X",-0.522153341034483
"9510",25,"WALKING_UPSTAIRS","training data","fBodyAccJerk-std()-X",-0.690213625846154
"9511",26,"STANDING","training data","fBodyAccJerk-std()-X",-0.991275662027027
"9512",26,"SITTING","training data","fBodyAccJerk-std()-X",-0.99329986051282
"9513",26,"LAYING","training data","fBodyAccJerk-std()-X",-0.990410106973684
"9514",26,"WALKING","training data","fBodyAccJerk-std()-X",-0.351065957627119
"9515",26,"WALKING_DOWNSTAIRS","training data","fBodyAccJerk-std()-X",-0.130825898392
"9516",26,"WALKING_UPSTAIRS","training data","fBodyAccJerk-std()-X",-0.342075432
"9517",27,"STANDING","training data","fBodyAccJerk-std()-X",-0.98860681
"9518",27,"SITTING","training data","fBodyAccJerk-std()-X",-0.991292270714286
"9519",27,"LAYING","training data","fBodyAccJerk-std()-X",-0.987477465405405
"9520",27,"WALKING","training data","fBodyAccJerk-std()-X",-0.346610413333333
"9521",27,"WALKING_DOWNSTAIRS","training data","fBodyAccJerk-std()-X",-0.0522811342045455
"9522",27,"WALKING_UPSTAIRS","training data","fBodyAccJerk-std()-X",-0.47892337254902
"9523",28,"STANDING","training data","fBodyAccJerk-std()-X",-0.971672796708861
"9524",28,"SITTING","training data","fBodyAccJerk-std()-X",-0.977786782222222
"9525",28,"LAYING","training data","fBodyAccJerk-std()-X",-0.98220590125
"9526",28,"WALKING","training data","fBodyAccJerk-std()-X",-0.367116416481481
"9527",28,"WALKING_DOWNSTAIRS","training data","fBodyAccJerk-std()-X",-0.0980112293695652
"9528",28,"WALKING_UPSTAIRS","training data","fBodyAccJerk-std()-X",-0.37027368
"9529",29,"STANDING","training data","fBodyAccJerk-std()-X",-0.994123423538462
"9530",29,"SITTING","training data","fBodyAccJerk-std()-X",-0.9942201755
"9531",29,"LAYING","training data","fBodyAccJerk-std()-X",-0.99254347826087
"9532",29,"WALKING","training data","fBodyAccJerk-std()-X",-0.307336669773585
"9533",29,"WALKING_DOWNSTAIRS","training data","fBodyAccJerk-std()-X",-0.0986379156229167
"9534",29,"WALKING_UPSTAIRS","training data","fBodyAccJerk-std()-X",-0.211385397877551
"9535",30,"STANDING","training data","fBodyAccJerk-std()-X",-0.972216728644068
"9536",30,"SITTING","training data","fBodyAccJerk-std()-X",-0.990017564516129
"9537",30,"LAYING","training data","fBodyAccJerk-std()-X",-0.980350748142857
"9538",30,"WALKING","training data","fBodyAccJerk-std()-X",-0.415135398
"9539",30,"WALKING_DOWNSTAIRS","training data","fBodyAccJerk-std()-X",-0.289802729403226
"9540",30,"WALKING_UPSTAIRS","training data","fBodyAccJerk-std()-X",-0.561565206615385
"9541",2,"STANDING","test data","fBodyAccJerk-std()-Y",-0.973520241111111
"9542",2,"SITTING","test data","fBodyAccJerk-std()-Y",-0.980804228478261
"9543",2,"LAYING","test data","fBodyAccJerk-std()-Y",-0.984987392916667
"9544",2,"WALKING","test data","fBodyAccJerk-std()-Y",-0.0153329520084746
"9545",2,"WALKING_DOWNSTAIRS","test data","fBodyAccJerk-std()-Y",0.0808333491276596
"9546",2,"WALKING_UPSTAIRS","test data","fBodyAccJerk-std()-Y",-0.243554146666667
"9547",4,"STANDING","test data","fBodyAccJerk-std()-Y",-0.944075308928571
"9548",4,"SITTING","test data","fBodyAccJerk-std()-Y",-0.949293158
"9549",4,"LAYING","test data","fBodyAccJerk-std()-Y",-0.944366881666667
"9550",4,"WALKING","test data","fBodyAccJerk-std()-Y",-0.2099000063
"9551",4,"WALKING_DOWNSTAIRS","test data","fBodyAccJerk-std()-Y",-0.177202094317778
"9552",4,"WALKING_UPSTAIRS","test data","fBodyAccJerk-std()-Y",-0.314525030788462
"9553",9,"STANDING","test data","fBodyAccJerk-std()-Y",-0.968234579555556
"9554",9,"SITTING","test data","fBodyAccJerk-std()-Y",-0.9585229866
"9555",9,"LAYING","test data","fBodyAccJerk-std()-Y",-0.966634136
"9556",9,"WALKING","test data","fBodyAccJerk-std()-Y",-0.228380473480769
"9557",9,"WALKING_DOWNSTAIRS","test data","fBodyAccJerk-std()-Y",-0.355981821428571
"9558",9,"WALKING_UPSTAIRS","test data","fBodyAccJerk-std()-Y",-0.590112916530612
"9559",10,"STANDING","test data","fBodyAccJerk-std()-Y",-0.944847393636364
"9560",10,"SITTING","test data","fBodyAccJerk-std()-Y",-0.982045591111111
"9561",10,"LAYING","test data","fBodyAccJerk-std()-Y",-0.968120692241379
"9562",10,"WALKING","test data","fBodyAccJerk-std()-Y",0.0484867672264151
"9563",10,"WALKING_DOWNSTAIRS","test data","fBodyAccJerk-std()-Y",-0.153355802565789
"9564",10,"WALKING_UPSTAIRS","test data","fBodyAccJerk-std()-Y",-0.202796129097872
"9565",12,"STANDING","test data","fBodyAccJerk-std()-Y",-0.95666634442623
"9566",12,"SITTING","test data","fBodyAccJerk-std()-Y",-0.966538919607843
"9567",12,"LAYING","test data","fBodyAccJerk-std()-Y",-0.964703656833333
"9568",12,"WALKING","test data","fBodyAccJerk-std()-Y",-0.094056408433
"9569",12,"WALKING_DOWNSTAIRS","test data","fBodyAccJerk-std()-Y",0.0515123126413043
"9570",12,"WALKING_UPSTAIRS","test data","fBodyAccJerk-std()-Y",-0.335926381307692
"9571",13,"STANDING","test data","fBodyAccJerk-std()-Y",-0.979412252631579
"9572",13,"SITTING","test data","fBodyAccJerk-std()-Y",-0.985908120408163
"9573",13,"LAYING","test data","fBodyAccJerk-std()-Y",-0.981394261612903
"9574",13,"WALKING","test data","fBodyAccJerk-std()-Y",0.0946741596910526
"9575",13,"WALKING_DOWNSTAIRS","test data","fBodyAccJerk-std()-Y",-0.141775116319149
"9576",13,"WALKING_UPSTAIRS","test data","fBodyAccJerk-std()-Y",-0.319400410981818
"9577",18,"STANDING","test data","fBodyAccJerk-std()-Y",-0.977179032191781
"9578",18,"SITTING","test data","fBodyAccJerk-std()-Y",-0.985694744385965
"9579",18,"LAYING","test data","fBodyAccJerk-std()-Y",-0.986210701230769
"9580",18,"WALKING","test data","fBodyAccJerk-std()-Y",-0.320264113035714
"9581",18,"WALKING_DOWNSTAIRS","test data","fBodyAccJerk-std()-Y",-0.464546054727273
"9582",18,"WALKING_UPSTAIRS","test data","fBodyAccJerk-std()-Y",-0.585531432931034
"9583",20,"STANDING","test data","fBodyAccJerk-std()-Y",-0.94047417890411
"9584",20,"SITTING","test data","fBodyAccJerk-std()-Y",-0.972776577272727
"9585",20,"LAYING","test data","fBodyAccJerk-std()-Y",-0.978451446764706
"9586",20,"WALKING","test data","fBodyAccJerk-std()-Y",0.255614062961569
"9587",20,"WALKING_DOWNSTAIRS","test data","fBodyAccJerk-std()-Y",0.293119526444444
"9588",20,"WALKING_UPSTAIRS","test data","fBodyAccJerk-std()-Y",-0.255008282372549
"9589",24,"STANDING","test data","fBodyAccJerk-std()-Y",-0.970228184202899
"9590",24,"SITTING","test data","fBodyAccJerk-std()-Y",-0.981550132794118
"9591",24,"LAYING","test data","fBodyAccJerk-std()-Y",-0.984124532361111
"9592",24,"WALKING","test data","fBodyAccJerk-std()-Y",-0.294353545672414
"9593",24,"WALKING_DOWNSTAIRS","test data","fBodyAccJerk-std()-Y",-0.163626807636364
"9594",24,"WALKING_UPSTAIRS","test data","fBodyAccJerk-std()-Y",-0.535843319152542
"9595",1,"STANDING","training data","fBodyAccJerk-std()-Y",-0.987018226792453
"9596",1,"SITTING","training data","fBodyAccJerk-std()-Y",-0.982513909574468
"9597",1,"LAYING","training data","fBodyAccJerk-std()-Y",-0.9322178704
"9598",1,"WALKING","training data","fBodyAccJerk-std()-Y",0.106739857136
"9599",1,"WALKING_DOWNSTAIRS","training data","fBodyAccJerk-std()-Y",-0.134580008877551
"9600",1,"WALKING_UPSTAIRS","training data","fBodyAccJerk-std()-Y",-0.381777065283019
"9601",3,"STANDING","training data","fBodyAccJerk-std()-Y",-0.943948547213115
"9602",3,"SITTING","training data","fBodyAccJerk-std()-Y",-0.956461756730769
"9603",3,"LAYING","training data","fBodyAccJerk-std()-Y",-0.971044012741936
"9604",3,"WALKING","training data","fBodyAccJerk-std()-Y",-0.00561498755362069
"9605",3,"WALKING_DOWNSTAIRS","training data","fBodyAccJerk-std()-Y",-0.14772824006198
"9606",3,"WALKING_UPSTAIRS","training data","fBodyAccJerk-std()-Y",-0.268191523644068
"9607",5,"STANDING","training data","fBodyAccJerk-std()-Y",-0.936202600714286
"9608",5,"SITTING","training data","fBodyAccJerk-std()-Y",-0.954464442045455
"9609",5,"LAYING","training data","fBodyAccJerk-std()-Y",-0.96624258
"9610",5,"WALKING","training data","fBodyAccJerk-std()-Y",-0.0545213604089286
"9611",5,"WALKING_DOWNSTAIRS","training data","fBodyAccJerk-std()-Y",0.0901720096791489
"9612",5,"WALKING_UPSTAIRS","training data","fBodyAccJerk-std()-Y",-0.105311152804255
"9613",6,"STANDING","training data","fBodyAccJerk-std()-Y",-0.950681450350877
"9614",6,"SITTING","training data","fBodyAccJerk-std()-Y",-0.946880042
"9615",6,"LAYING","training data","fBodyAccJerk-std()-Y",-0.935717452807018
"9616",6,"WALKING","training data","fBodyAccJerk-std()-Y",0.0314450678263158
"9617",6,"WALKING_DOWNSTAIRS","training data","fBodyAccJerk-std()-Y",0.341242392604167
"9618",6,"WALKING_UPSTAIRS","training data","fBodyAccJerk-std()-Y",-0.0169811409705882
"9619",7,"STANDING","training data","fBodyAccJerk-std()-Y",-0.966850290188679
"9620",7,"SITTING","training data","fBodyAccJerk-std()-Y",-0.971814980208333
"9621",7,"LAYING","training data","fBodyAccJerk-std()-Y",-0.975886145
"9622",7,"WALKING","training data","fBodyAccJerk-std()-Y",-0.0431917460807018
"9623",7,"WALKING_DOWNSTAIRS","training data","fBodyAccJerk-std()-Y",-0.324378560319149
"9624",7,"WALKING_UPSTAIRS","training data","fBodyAccJerk-std()-Y",-0.53419130254902
"9625",8,"STANDING","training data","fBodyAccJerk-std()-Y",-0.97858173
"9626",8,"SITTING","training data","fBodyAccJerk-std()-Y",-0.983038783478261
"9627",8,"LAYING","training data","fBodyAccJerk-std()-Y",-0.979170881666667
"9628",8,"WALKING","training data","fBodyAccJerk-std()-Y",0.315883536479167
"9629",8,"WALKING_DOWNSTAIRS","training data","fBodyAccJerk-std()-Y",0.273943791773684
"9630",8,"WALKING_UPSTAIRS","training data","fBodyAccJerk-std()-Y",-0.0700821464439024
"9631",11,"STANDING","training data","fBodyAccJerk-std()-Y",-0.981185823617021
"9632",11,"SITTING","training data","fBodyAccJerk-std()-Y",-0.968421475660377
"9633",11,"LAYING","training data","fBodyAccJerk-std()-Y",-0.973486716315789
"9634",11,"WALKING","training data","fBodyAccJerk-std()-Y",-0.170177403123729
"9635",11,"WALKING_DOWNSTAIRS","training data","fBodyAccJerk-std()-Y",-0.130443829826087
"9636",11,"WALKING_UPSTAIRS","training data","fBodyAccJerk-std()-Y",-0.437276328518518
"9637",14,"STANDING","training data","fBodyAccJerk-std()-Y",-0.967830182166667
"9638",14,"SITTING","training data","fBodyAccJerk-std()-Y",-0.968943674259259
"9639",14,"LAYING","training data","fBodyAccJerk-std()-Y",-0.969113291372549
"9640",14,"WALKING","training data","fBodyAccJerk-std()-Y",-0.353526894237288
"9641",14,"WALKING_DOWNSTAIRS","training data","fBodyAccJerk-std()-Y",0.138737970022222
"9642",14,"WALKING_UPSTAIRS","training data","fBodyAccJerk-std()-Y",-0.371572473072222
"9643",15,"STANDING","training data","fBodyAccJerk-std()-Y",-0.969934103584906
"9644",15,"SITTING","training data","fBodyAccJerk-std()-Y",-0.979713045932203
"9645",15,"LAYING","training data","fBodyAccJerk-std()-Y",-0.973215319722222
"9646",15,"WALKING","training data","fBodyAccJerk-std()-Y",-0.0606839140548148
"9647",15,"WALKING_DOWNSTAIRS","training data","fBodyAccJerk-std()-Y",-0.00722860241119048
"9648",15,"WALKING_UPSTAIRS","training data","fBodyAccJerk-std()-Y",-0.330391429583333
"9649",16,"STANDING","training data","fBodyAccJerk-std()-Y",-0.984236462179487
"9650",16,"SITTING","training data","fBodyAccJerk-std()-Y",-0.983230774492754
"9651",16,"LAYING","training data","fBodyAccJerk-std()-Y",-0.986215013
"9652",16,"WALKING","training data","fBodyAccJerk-std()-Y",-0.433612657843137
"9653",16,"WALKING_DOWNSTAIRS","training data","fBodyAccJerk-std()-Y",-0.281507406948936
"9654",16,"WALKING_UPSTAIRS","training data","fBodyAccJerk-std()-Y",-0.417127012352941
"9655",17,"STANDING","training data","fBodyAccJerk-std()-Y",-0.988200349487179
"9656",17,"SITTING","training data","fBodyAccJerk-std()-Y",-0.98991581109375
"9657",17,"LAYING","training data","fBodyAccJerk-std()-Y",-0.978343915774648
"9658",17,"WALKING","training data","fBodyAccJerk-std()-Y",-0.0470379377672131
"9659",17,"WALKING_DOWNSTAIRS","training data","fBodyAccJerk-std()-Y",-0.298931144913043
"9660",17,"WALKING_UPSTAIRS","training data","fBodyAccJerk-std()-Y",-0.365114263583333
"9661",19,"STANDING","training data","fBodyAccJerk-std()-Y",-0.973588517808219
"9662",19,"SITTING","training data","fBodyAccJerk-std()-Y",-0.980999857671233
"9663",19,"LAYING","training data","fBodyAccJerk-std()-Y",-0.975964111566265
"9664",19,"WALKING","training data","fBodyAccJerk-std()-Y",0.0854010732076923
"9665",19,"WALKING_DOWNSTAIRS","training data","fBodyAccJerk-std()-Y",0.349771285415897
"9666",19,"WALKING_UPSTAIRS","training data","fBodyAccJerk-std()-Y",-0.0131695876025
"9667",21,"STANDING","training data","fBodyAccJerk-std()-Y",-0.966024075955056
"9668",21,"SITTING","training data","fBodyAccJerk-std()-Y",-0.980347168823529
"9669",21,"LAYING","training data","fBodyAccJerk-std()-Y",-0.973164432777778
"9670",21,"WALKING","training data","fBodyAccJerk-std()-Y",-0.0148415165923077
"9671",21,"WALKING_DOWNSTAIRS","training data","fBodyAccJerk-std()-Y",-0.113161860322222
"9672",21,"WALKING_UPSTAIRS","training data","fBodyAccJerk-std()-Y",-0.261261053404255
"9673",22,"STANDING","training data","fBodyAccJerk-std()-Y",-0.956169964285714
"9674",22,"SITTING","training data","fBodyAccJerk-std()-Y",-0.969776055483871
"9675",22,"LAYING","training data","fBodyAccJerk-std()-Y",-0.9589609575
"9676",22,"WALKING","training data","fBodyAccJerk-std()-Y",0.213423556139739
"9677",22,"WALKING_DOWNSTAIRS","training data","fBodyAccJerk-std()-Y",-0.0270294444166667
"9678",22,"WALKING_UPSTAIRS","training data","fBodyAccJerk-std()-Y",-0.106099613648095
"9679",23,"STANDING","training data","fBodyAccJerk-std()-Y",-0.977157997794118
"9680",23,"SITTING","training data","fBodyAccJerk-std()-Y",-0.979564696911765
"9681",23,"LAYING","training data","fBodyAccJerk-std()-Y",-0.989995616944444
"9682",23,"WALKING","training data","fBodyAccJerk-std()-Y",-0.0609753095355932
"9683",23,"WALKING_DOWNSTAIRS","training data","fBodyAccJerk-std()-Y",-0.177697841296296
"9684",23,"WALKING_UPSTAIRS","training data","fBodyAccJerk-std()-Y",-0.380894442941176
"9685",25,"STANDING","training data","fBodyAccJerk-std()-Y",-0.974029503513513
"9686",25,"SITTING","training data","fBodyAccJerk-std()-Y",-0.984068025384615
"9687",25,"LAYING","training data","fBodyAccJerk-std()-Y",-0.948414293561644
"9688",25,"WALKING","training data","fBodyAccJerk-std()-Y",-0.367760098378378
"9689",25,"WALKING_DOWNSTAIRS","training data","fBodyAccJerk-std()-Y",-0.365719830448276
"9690",25,"WALKING_UPSTAIRS","training data","fBodyAccJerk-std()-Y",-0.638086010153846
"9691",26,"STANDING","training data","fBodyAccJerk-std()-Y",-0.977354949459459
"9692",26,"SITTING","training data","fBodyAccJerk-std()-Y",-0.987754588717949
"9693",26,"LAYING","training data","fBodyAccJerk-std()-Y",-0.988238648552632
"9694",26,"WALKING","training data","fBodyAccJerk-std()-Y",-0.271952157220339
"9695",26,"WALKING_DOWNSTAIRS","training data","fBodyAccJerk-std()-Y",-0.061537065488
"9696",26,"WALKING_UPSTAIRS","training data","fBodyAccJerk-std()-Y",-0.420055781272727
"9697",27,"STANDING","training data","fBodyAccJerk-std()-Y",-0.977605582
"9698",27,"SITTING","training data","fBodyAccJerk-std()-Y",-0.986083114
"9699",27,"LAYING","training data","fBodyAccJerk-std()-Y",-0.986116008783784
"9700",27,"WALKING","training data","fBodyAccJerk-std()-Y",-0.0655179027631579
"9701",27,"WALKING_DOWNSTAIRS","training data","fBodyAccJerk-std()-Y",-0.163243978431818
"9702",27,"WALKING_UPSTAIRS","training data","fBodyAccJerk-std()-Y",-0.450116431176471
"9703",28,"STANDING","training data","fBodyAccJerk-std()-Y",-0.936991280253165
"9704",28,"SITTING","training data","fBodyAccJerk-std()-Y",-0.96399042625
"9705",28,"LAYING","training data","fBodyAccJerk-std()-Y",-0.981117467
"9706",28,"WALKING","training data","fBodyAccJerk-std()-Y",-0.191757503603704
"9707",28,"WALKING_DOWNSTAIRS","training data","fBodyAccJerk-std()-Y",-0.00175391954565217
"9708",28,"WALKING_UPSTAIRS","training data","fBodyAccJerk-std()-Y",-0.349026567647059
"9709",29,"STANDING","training data","fBodyAccJerk-std()-Y",-0.984782782307692
"9710",29,"SITTING","training data","fBodyAccJerk-std()-Y",-0.985493318833333
"9711",29,"LAYING","training data","fBodyAccJerk-std()-Y",-0.990468082753623
"9712",29,"WALKING","training data","fBodyAccJerk-std()-Y",-0.155020660771698
"9713",29,"WALKING_DOWNSTAIRS","training data","fBodyAccJerk-std()-Y",-0.120381521220833
"9714",29,"WALKING_UPSTAIRS","training data","fBodyAccJerk-std()-Y",-0.408648946938776
"9715",30,"STANDING","training data","fBodyAccJerk-std()-Y",-0.960442360508475
"9716",30,"SITTING","training data","fBodyAccJerk-std()-Y",-0.981902116451613
"9717",30,"LAYING","training data","fBodyAccJerk-std()-Y",-0.972434196714286
"9718",30,"WALKING","training data","fBodyAccJerk-std()-Y",-0.289466095323077
"9719",30,"WALKING_DOWNSTAIRS","training data","fBodyAccJerk-std()-Y",-0.217432019258065
"9720",30,"WALKING_UPSTAIRS","training data","fBodyAccJerk-std()-Y",-0.610826602
"9721",2,"STANDING","test data","fBodyAccJerk-std()-Z",-0.984599905185185
"9722",2,"SITTING","test data","fBodyAccJerk-std()-Z",-0.988570804130435
"9723",2,"LAYING","test data","fBodyAccJerk-std()-Z",-0.989345368541667
"9724",2,"WALKING","test data","fBodyAccJerk-std()-Z",-0.615898188474576
"9725",2,"WALKING_DOWNSTAIRS","test data","fBodyAccJerk-std()-Z",-0.408227423191489
"9726",2,"WALKING_UPSTAIRS","test data","fBodyAccJerk-std()-Z",-0.625090981458333
"9727",4,"STANDING","test data","fBodyAccJerk-std()-Z",-0.976229505535714
"9728",4,"SITTING","test data","fBodyAccJerk-std()-Z",-0.9816994482
"9729",4,"LAYING","test data","fBodyAccJerk-std()-Z",-0.980261236296296
"9730",4,"WALKING","test data","fBodyAccJerk-std()-Z",-0.772359087333333
"9731",4,"WALKING_DOWNSTAIRS","test data","fBodyAccJerk-std()-Z",-0.668867334444444
"9732",4,"WALKING_UPSTAIRS","test data","fBodyAccJerk-std()-Z",-0.762772175
"9733",9,"STANDING","test data","fBodyAccJerk-std()-Z",-0.972588748666667
"9734",9,"SITTING","test data","fBodyAccJerk-std()-Z",-0.9649413418
"9735",9,"LAYING","test data","fBodyAccJerk-std()-Z",-0.9597147176
"9736",9,"WALKING","test data","fBodyAccJerk-std()-Z",-0.419104362884615
"9737",9,"WALKING_DOWNSTAIRS","test data","fBodyAccJerk-std()-Z",-0.425377408333333
"9738",9,"WALKING_UPSTAIRS","test data","fBodyAccJerk-std()-Z",-0.677831082857143
"9739",10,"STANDING","test data","fBodyAccJerk-std()-Z",-0.979428729090909
"9740",10,"SITTING","test data","fBodyAccJerk-std()-Z",-0.98911086
"9741",10,"LAYING","test data","fBodyAccJerk-std()-Z",-0.978582339137931
"9742",10,"WALKING","test data","fBodyAccJerk-std()-Z",-0.558512650188679
"9743",10,"WALKING_DOWNSTAIRS","test data","fBodyAccJerk-std()-Z",-0.396147929736842
"9744",10,"WALKING_UPSTAIRS","test data","fBodyAccJerk-std()-Z",-0.662894135319149
"9745",12,"STANDING","test data","fBodyAccJerk-std()-Z",-0.978792832786885
"9746",12,"SITTING","test data","fBodyAccJerk-std()-Z",-0.981408871764706
"9747",12,"LAYING","test data","fBodyAccJerk-std()-Z",-0.972713844666667
"9748",12,"WALKING","test data","fBodyAccJerk-std()-Z",-0.5314863218
"9749",12,"WALKING_DOWNSTAIRS","test data","fBodyAccJerk-std()-Z",-0.544461425869565
"9750",12,"WALKING_UPSTAIRS","test data","fBodyAccJerk-std()-Z",-0.750114855961538
"9751",13,"STANDING","test data","fBodyAccJerk-std()-Z",-0.987871530526316
"9752",13,"SITTING","test data","fBodyAccJerk-std()-Z",-0.988612100204082
"9753",13,"LAYING","test data","fBodyAccJerk-std()-Z",-0.983670049354839
"9754",13,"WALKING","test data","fBodyAccJerk-std()-Z",-0.406173351578947
"9755",13,"WALKING_DOWNSTAIRS","test data","fBodyAccJerk-std()-Z",-0.356579475531915
"9756",13,"WALKING_UPSTAIRS","test data","fBodyAccJerk-std()-Z",-0.689235778909091
"9757",18,"STANDING","test data","fBodyAccJerk-std()-Z",-0.989275839041096
"9758",18,"SITTING","test data","fBodyAccJerk-std()-Z",-0.990141676315789
"9759",18,"LAYING","test data","fBodyAccJerk-std()-Z",-0.990744752923077
"9760",18,"WALKING","test data","fBodyAccJerk-std()-Z",-0.664327149285714
"9761",18,"WALKING_DOWNSTAIRS","test data","fBodyAccJerk-std()-Z",-0.678751080363636
"9762",18,"WALKING_UPSTAIRS","test data","fBodyAccJerk-std()-Z",-0.784728430344828
"9763",20,"STANDING","test data","fBodyAccJerk-std()-Z",-0.963973097671233
"9764",20,"SITTING","test data","fBodyAccJerk-std()-Z",-0.978458923030303
"9765",20,"LAYING","test data","fBodyAccJerk-std()-Z",-0.985707806323529
"9766",20,"WALKING","test data","fBodyAccJerk-std()-Z",-0.427690451960784
"9767",20,"WALKING_DOWNSTAIRS","test data","fBodyAccJerk-std()-Z",-0.405294896466667
"9768",20,"WALKING_UPSTAIRS","test data","fBodyAccJerk-std()-Z",-0.533201712745098
"9769",24,"STANDING","test data","fBodyAccJerk-std()-Z",-0.979936740869565
"9770",24,"SITTING","test data","fBodyAccJerk-std()-Z",-0.986008449264706
"9771",24,"LAYING","test data","fBodyAccJerk-std()-Z",-0.983185637916667
"9772",24,"WALKING","test data","fBodyAccJerk-std()-Z",-0.511115619482759
"9773",24,"WALKING_DOWNSTAIRS","test data","fBodyAccJerk-std()-Z",-0.328569968545455
"9774",24,"WALKING_UPSTAIRS","test data","fBodyAccJerk-std()-Z",-0.562727123050847
"9775",1,"STANDING","training data","fBodyAccJerk-std()-Z",-0.992349818113208
"9776",1,"SITTING","training data","fBodyAccJerk-std()-Z",-0.988339184893617
"9777",1,"LAYING","training data","fBodyAccJerk-std()-Z",-0.9605869872
"9778",1,"WALKING","training data","fBodyAccJerk-std()-Z",-0.534713440421053
"9779",1,"WALKING_DOWNSTAIRS","training data","fBodyAccJerk-std()-Z",-0.401721464285714
"9780",1,"WALKING_UPSTAIRS","training data","fBodyAccJerk-std()-Z",-0.726040200754717
"9781",3,"STANDING","training data","fBodyAccJerk-std()-Z",-0.975595949508197
"9782",3,"SITTING","training data","fBodyAccJerk-std()-Z",-0.9771595725
"9783",3,"LAYING","training data","fBodyAccJerk-std()-Z",-0.983711904677419
"9784",3,"WALKING","training data","fBodyAccJerk-std()-Z",-0.543529108103448
"9785",3,"WALKING_DOWNSTAIRS","training data","fBodyAccJerk-std()-Z",-0.613525074285714
"9786",3,"WALKING_UPSTAIRS","training data","fBodyAccJerk-std()-Z",-0.738705863898305
"9787",5,"STANDING","training data","fBodyAccJerk-std()-Z",-0.96807230125
"9788",5,"SITTING","training data","fBodyAccJerk-std()-Z",-0.97602233
"9789",5,"LAYING","training data","fBodyAccJerk-std()-Z",-0.986135599038461
"9790",5,"WALKING","training data","fBodyAccJerk-std()-Z",-0.633429995714286
"9791",5,"WALKING_DOWNSTAIRS","training data","fBodyAccJerk-std()-Z",-0.551178075319149
"9792",5,"WALKING_UPSTAIRS","training data","fBodyAccJerk-std()-Z",-0.668825711276596
"9793",6,"STANDING","training data","fBodyAccJerk-std()-Z",-0.969895845789474
"9794",6,"SITTING","training data","fBodyAccJerk-std()-Z",-0.961636555090909
"9795",6,"LAYING","training data","fBodyAccJerk-std()-Z",-0.963567540877193
"9796",6,"WALKING","training data","fBodyAccJerk-std()-Z",-0.608624354210526
"9797",6,"WALKING_DOWNSTAIRS","training data","fBodyAccJerk-std()-Z",-0.389057047125
"9798",6,"WALKING_UPSTAIRS","training data","fBodyAccJerk-std()-Z",-0.571673957058824
"9799",7,"STANDING","training data","fBodyAccJerk-std()-Z",-0.974533710754717
"9800",7,"SITTING","training data","fBodyAccJerk-std()-Z",-0.974699194375
"9801",7,"LAYING","training data","fBodyAccJerk-std()-Z",-0.975072995192308
"9802",7,"WALKING","training data","fBodyAccJerk-std()-Z",-0.190751539207018
"9803",7,"WALKING_DOWNSTAIRS","training data","fBodyAccJerk-std()-Z",-0.397774503468085
"9804",7,"WALKING_UPSTAIRS","training data","fBodyAccJerk-std()-Z",-0.631919608823529
"9805",8,"STANDING","training data","fBodyAccJerk-std()-Z",-0.984465744444444
"9806",8,"SITTING","training data","fBodyAccJerk-std()-Z",-0.986185349347826
"9807",8,"LAYING","training data","fBodyAccJerk-std()-Z",-0.968699222962963
"9808",8,"WALKING","training data","fBodyAccJerk-std()-Z",-0.4044825094375
"9809",8,"WALKING_DOWNSTAIRS","training data","fBodyAccJerk-std()-Z",-0.0846674186842105
"9810",8,"WALKING_UPSTAIRS","training data","fBodyAccJerk-std()-Z",-0.508248316829268
"9811",11,"STANDING","training data","fBodyAccJerk-std()-Z",-0.990378149574468
"9812",11,"SITTING","training data","fBodyAccJerk-std()-Z",-0.984349606792453
"9813",11,"LAYING","training data","fBodyAccJerk-std()-Z",-0.983302949122807
"9814",11,"WALKING","training data","fBodyAccJerk-std()-Z",-0.747564612033898
"9815",11,"WALKING_DOWNSTAIRS","training data","fBodyAccJerk-std()-Z",-0.628902742826087
"9816",11,"WALKING_UPSTAIRS","training data","fBodyAccJerk-std()-Z",-0.803845087037037
"9817",14,"STANDING","training data","fBodyAccJerk-std()-Z",-0.973594305166667
"9818",14,"SITTING","training data","fBodyAccJerk-std()-Z",-0.978180020925926
"9819",14,"LAYING","training data","fBodyAccJerk-std()-Z",-0.97491443
"9820",14,"WALKING","training data","fBodyAccJerk-std()-Z",-0.528889535084746
"9821",14,"WALKING_DOWNSTAIRS","training data","fBodyAccJerk-std()-Z",-0.244857128202222
"9822",14,"WALKING_UPSTAIRS","training data","fBodyAccJerk-std()-Z",-0.391077873148148
"9823",15,"STANDING","training data","fBodyAccJerk-std()-Z",-0.986654459433962
"9824",15,"SITTING","training data","fBodyAccJerk-std()-Z",-0.987694113559322
"9825",15,"LAYING","training data","fBodyAccJerk-std()-Z",-0.980745097361111
"9826",15,"WALKING","training data","fBodyAccJerk-std()-Z",-0.723051140740741
"9827",15,"WALKING_DOWNSTAIRS","training data","fBodyAccJerk-std()-Z",-0.461599141904762
"9828",15,"WALKING_UPSTAIRS","training data","fBodyAccJerk-std()-Z",-0.783004506458333
"9829",16,"STANDING","training data","fBodyAccJerk-std()-Z",-0.98865796025641
"9830",16,"SITTING","training data","fBodyAccJerk-std()-Z",-0.984362469130435
"9831",16,"LAYING","training data","fBodyAccJerk-std()-Z",-0.988348904571429
"9832",16,"WALKING","training data","fBodyAccJerk-std()-Z",-0.45663628254902
"9833",16,"WALKING_DOWNSTAIRS","training data","fBodyAccJerk-std()-Z",-0.36402669587234
"9834",16,"WALKING_UPSTAIRS","training data","fBodyAccJerk-std()-Z",-0.620123586470588
"9835",17,"STANDING","training data","fBodyAccJerk-std()-Z",-0.991450377692308
"9836",17,"SITTING","training data","fBodyAccJerk-std()-Z",-0.99081824828125
"9837",17,"LAYING","training data","fBodyAccJerk-std()-Z",-0.983854158873239
"9838",17,"WALKING","training data","fBodyAccJerk-std()-Z",-0.543872996229508
"9839",17,"WALKING_DOWNSTAIRS","training data","fBodyAccJerk-std()-Z",-0.573043711086957
"9840",17,"WALKING_UPSTAIRS","training data","fBodyAccJerk-std()-Z",-0.680325770833333
"9841",19,"STANDING","training data","fBodyAccJerk-std()-Z",-0.987524587534247
"9842",19,"SITTING","training data","fBodyAccJerk-std()-Z",-0.988151915753425
"9843",19,"LAYING","training data","fBodyAccJerk-std()-Z",-0.988558703373494
"9844",19,"WALKING","training data","fBodyAccJerk-std()-Z",-0.227829841936346
"9845",19,"WALKING_DOWNSTAIRS","training data","fBodyAccJerk-std()-Z",-0.0983930104846154
"9846",19,"WALKING_UPSTAIRS","training data","fBodyAccJerk-std()-Z",-0.50771620575
"9847",21,"STANDING","training data","fBodyAccJerk-std()-Z",-0.979723339662921
"9848",21,"SITTING","training data","fBodyAccJerk-std()-Z",-0.986845672352941
"9849",21,"LAYING","training data","fBodyAccJerk-std()-Z",-0.984925270666667
"9850",21,"WALKING","training data","fBodyAccJerk-std()-Z",-0.443563412692308
"9851",21,"WALKING_DOWNSTAIRS","training data","fBodyAccJerk-std()-Z",-0.293237567085333
"9852",21,"WALKING_UPSTAIRS","training data","fBodyAccJerk-std()-Z",-0.603127367234043
"9853",22,"STANDING","training data","fBodyAccJerk-std()-Z",-0.984305238253968
"9854",22,"SITTING","training data","fBodyAccJerk-std()-Z",-0.981272224354839
"9855",22,"LAYING","training data","fBodyAccJerk-std()-Z",-0.976833164027778
"9856",22,"WALKING","training data","fBodyAccJerk-std()-Z",-0.343195610652174
"9857",22,"WALKING_DOWNSTAIRS","training data","fBodyAccJerk-std()-Z",-0.535893778333333
"9858",22,"WALKING_UPSTAIRS","training data","fBodyAccJerk-std()-Z",-0.528567802619048
"9859",23,"STANDING","training data","fBodyAccJerk-std()-Z",-0.976241315882353
"9860",23,"SITTING","training data","fBodyAccJerk-std()-Z",-0.977936447205882
"9861",23,"LAYING","training data","fBodyAccJerk-std()-Z",-0.985502011944444
"9862",23,"WALKING","training data","fBodyAccJerk-std()-Z",-0.00623647528983051
"9863",23,"WALKING_DOWNSTAIRS","training data","fBodyAccJerk-std()-Z",-0.09851956305
"9864",23,"WALKING_UPSTAIRS","training data","fBodyAccJerk-std()-Z",-0.46895638372549
"9865",25,"STANDING","training data","fBodyAccJerk-std()-Z",-0.987898048378378
"9866",25,"SITTING","training data","fBodyAccJerk-std()-Z",-0.989156105538462
"9867",25,"LAYING","training data","fBodyAccJerk-std()-Z",-0.971885370136986
"9868",25,"WALKING","training data","fBodyAccJerk-std()-Z",-0.690413386081081
"9869",25,"WALKING_DOWNSTAIRS","training data","fBodyAccJerk-std()-Z",-0.734990064137931
"9870",25,"WALKING_UPSTAIRS","training data","fBodyAccJerk-std()-Z",-0.830526636615385
"9871",26,"STANDING","training data","fBodyAccJerk-std()-Z",-0.987428086216216
"9872",26,"SITTING","training data","fBodyAccJerk-std()-Z",-0.990693114358974
"9873",26,"LAYING","training data","fBodyAccJerk-std()-Z",-0.989370490789474
"9874",26,"WALKING","training data","fBodyAccJerk-std()-Z",-0.396530418305085
"9875",26,"WALKING_DOWNSTAIRS","training data","fBodyAccJerk-std()-Z",-0.3967016908
"9876",26,"WALKING_UPSTAIRS","training data","fBodyAccJerk-std()-Z",-0.715726893818182
"9877",27,"STANDING","training data","fBodyAccJerk-std()-Z",-0.98820826225
"9878",27,"SITTING","training data","fBodyAccJerk-std()-Z",-0.989282516857143
"9879",27,"LAYING","training data","fBodyAccJerk-std()-Z",-0.989901169864865
"9880",27,"WALKING","training data","fBodyAccJerk-std()-Z",-0.417957993859649
"9881",27,"WALKING_DOWNSTAIRS","training data","fBodyAccJerk-std()-Z",-0.474755492045455
"9882",27,"WALKING_UPSTAIRS","training data","fBodyAccJerk-std()-Z",-0.657139420784314
"9883",28,"STANDING","training data","fBodyAccJerk-std()-Z",-0.973572051898734
"9884",28,"SITTING","training data","fBodyAccJerk-std()-Z",-0.978327769444444
"9885",28,"LAYING","training data","fBodyAccJerk-std()-Z",-0.974530843125
"9886",28,"WALKING","training data","fBodyAccJerk-std()-Z",-0.574579748518519
"9887",28,"WALKING_DOWNSTAIRS","training data","fBodyAccJerk-std()-Z",-0.48848835173913
"9888",28,"WALKING_UPSTAIRS","training data","fBodyAccJerk-std()-Z",-0.68790763372549
"9889",29,"STANDING","training data","fBodyAccJerk-std()-Z",-0.991316374615385
"9890",29,"SITTING","training data","fBodyAccJerk-std()-Z",-0.990445861666667
"9891",29,"LAYING","training data","fBodyAccJerk-std()-Z",-0.993107759855072
"9892",29,"WALKING","training data","fBodyAccJerk-std()-Z",-0.529034897169811
"9893",29,"WALKING_DOWNSTAIRS","training data","fBodyAccJerk-std()-Z",-0.547320886875
"9894",29,"WALKING_UPSTAIRS","training data","fBodyAccJerk-std()-Z",-0.710116591836735
"9895",30,"STANDING","training data","fBodyAccJerk-std()-Z",-0.973954338305085
"9896",30,"SITTING","training data","fBodyAccJerk-std()-Z",-0.988971211935484
"9897",30,"LAYING","training data","fBodyAccJerk-std()-Z",-0.982281553142857
"9898",30,"WALKING","training data","fBodyAccJerk-std()-Z",-0.575410267076923
"9899",30,"WALKING_DOWNSTAIRS","training data","fBodyAccJerk-std()-Z",-0.535515048387097
"9900",30,"WALKING_UPSTAIRS","training data","fBodyAccJerk-std()-Z",-0.78475388
"9901",2,"STANDING","test data","fBodyAccJerk-meanFreq()-X",0.331449281481482
"9902",2,"SITTING","test data","fBodyAccJerk-meanFreq()-X",0.305546818084783
"9903",2,"LAYING","test data","fBodyAccJerk-meanFreq()-X",0.159808328563875
"9904",2,"WALKING","test data","fBodyAccJerk-meanFreq()-X",-0.0727101584479661
"9905",2,"WALKING_DOWNSTAIRS","test data","fBodyAccJerk-meanFreq()-X",-0.143898149531915
"9906",2,"WALKING_UPSTAIRS","test data","fBodyAccJerk-meanFreq()-X",-0.0491142923541667
"9907",4,"STANDING","test data","fBodyAccJerk-meanFreq()-X",0.2722139805
"9908",4,"SITTING","test data","fBodyAccJerk-meanFreq()-X",0.2130199199042
"9909",4,"LAYING","test data","fBodyAccJerk-meanFreq()-X",0.182436483157407
"9910",4,"WALKING","test data","fBodyAccJerk-meanFreq()-X",-0.1352803947515
"9911",4,"WALKING_DOWNSTAIRS","test data","fBodyAccJerk-meanFreq()-X",-0.179115175957778
"9912",4,"WALKING_UPSTAIRS","test data","fBodyAccJerk-meanFreq()-X",-0.379653611346154
"9913",9,"STANDING","test data","fBodyAccJerk-meanFreq()-X",-0.0235041479111111
"9914",9,"SITTING","test data","fBodyAccJerk-meanFreq()-X",0.02039798558
"9915",9,"LAYING","test data","fBodyAccJerk-meanFreq()-X",-0.08503093738
"9916",9,"WALKING","test data","fBodyAccJerk-meanFreq()-X",-0.378291493076923
"9917",9,"WALKING_DOWNSTAIRS","test data","fBodyAccJerk-meanFreq()-X",-0.43402213
"9918",9,"WALKING_UPSTAIRS","test data","fBodyAccJerk-meanFreq()-X",-0.427211088244898
"9919",10,"STANDING","test data","fBodyAccJerk-meanFreq()-X",0.253301389636364
"9920",10,"SITTING","test data","fBodyAccJerk-meanFreq()-X",0.193449216333333
"9921",10,"LAYING","test data","fBodyAccJerk-meanFreq()-X",0.0485572099491379
"9922",10,"WALKING","test data","fBodyAccJerk-meanFreq()-X",-0.260130638807547
"9923",10,"WALKING_DOWNSTAIRS","test data","fBodyAccJerk-meanFreq()-X",-0.236779781631579
"9924",10,"WALKING_UPSTAIRS","test data","fBodyAccJerk-meanFreq()-X",-0.230337514021277
"9925",12,"STANDING","test data","fBodyAccJerk-meanFreq()-X",0.230672593114754
"9926",12,"SITTING","test data","fBodyAccJerk-meanFreq()-X",0.138129939916471
"9927",12,"LAYING","test data","fBodyAccJerk-meanFreq()-X",0.083907082125
"9928",12,"WALKING","test data","fBodyAccJerk-meanFreq()-X",-0.2811065665
"9929",12,"WALKING_DOWNSTAIRS","test data","fBodyAccJerk-meanFreq()-X",-0.212787743043478
"9930",12,"WALKING_UPSTAIRS","test data","fBodyAccJerk-meanFreq()-X",-0.331247540442308
"9931",13,"STANDING","test data","fBodyAccJerk-meanFreq()-X",0.237964693460702
"9932",13,"SITTING","test data","fBodyAccJerk-meanFreq()-X",0.264214260326531
"9933",13,"LAYING","test data","fBodyAccJerk-meanFreq()-X",0.169895805430645
"9934",13,"WALKING","test data","fBodyAccJerk-meanFreq()-X",-0.190905932631579
"9935",13,"WALKING_DOWNSTAIRS","test data","fBodyAccJerk-meanFreq()-X",-0.346608657340426
"9936",13,"WALKING_UPSTAIRS","test data","fBodyAccJerk-meanFreq()-X",-0.323344232581818
"9937",18,"STANDING","test data","fBodyAccJerk-meanFreq()-X",0.200295939657534
"9938",18,"SITTING","test data","fBodyAccJerk-meanFreq()-X",0.234747570824561
"9939",18,"LAYING","test data","fBodyAccJerk-meanFreq()-X",0.159761097664615
"9940",18,"WALKING","test data","fBodyAccJerk-meanFreq()-X",-0.34877438
"9941",18,"WALKING_DOWNSTAIRS","test data","fBodyAccJerk-meanFreq()-X",-0.334193776218182
"9942",18,"WALKING_UPSTAIRS","test data","fBodyAccJerk-meanFreq()-X",-0.442089377068966
"9943",20,"STANDING","test data","fBodyAccJerk-meanFreq()-X",0.0982414306372603
"9944",20,"SITTING","test data","fBodyAccJerk-meanFreq()-X",0.136601130674242
"9945",20,"LAYING","test data","fBodyAccJerk-meanFreq()-X",0.116642082939706
"9946",20,"WALKING","test data","fBodyAccJerk-meanFreq()-X",-0.257051149084314
"9947",20,"WALKING_DOWNSTAIRS","test data","fBodyAccJerk-meanFreq()-X",-0.450948560266667
"9948",20,"WALKING_UPSTAIRS","test data","fBodyAccJerk-meanFreq()-X",-0.475001504117647
"9949",24,"STANDING","test data","fBodyAccJerk-meanFreq()-X",0.207088443601449
"9950",24,"SITTING","test data","fBodyAccJerk-meanFreq()-X",0.187752123742647
"9951",24,"LAYING","test data","fBodyAccJerk-meanFreq()-X",0.152359886551389
"9952",24,"WALKING","test data","fBodyAccJerk-meanFreq()-X",-0.253177488803448
"9953",24,"WALKING_DOWNSTAIRS","test data","fBodyAccJerk-meanFreq()-X",-0.398144618
"9954",24,"WALKING_UPSTAIRS","test data","fBodyAccJerk-meanFreq()-X",-0.392831269898305
"9955",1,"STANDING","training data","fBodyAccJerk-meanFreq()-X",0.314182940150943
"9956",1,"SITTING","training data","fBodyAccJerk-meanFreq()-X",0.256610823568085
"9957",1,"LAYING","training data","fBodyAccJerk-meanFreq()-X",0.132419092398
"9958",1,"WALKING","training data","fBodyAccJerk-meanFreq()-X",-0.209261973376842
"9959",1,"WALKING_DOWNSTAIRS","training data","fBodyAccJerk-meanFreq()-X",-0.253164344918367
"9960",1,"WALKING_UPSTAIRS","training data","fBodyAccJerk-meanFreq()-X",-0.377023128301887
"9961",3,"STANDING","training data","fBodyAccJerk-meanFreq()-X",0.0749564403088525
"9962",3,"SITTING","training data","fBodyAccJerk-meanFreq()-X",0.215731832596154
"9963",3,"LAYING","training data","fBodyAccJerk-meanFreq()-X",0.17597855438871
"9964",3,"WALKING","training data","fBodyAccJerk-meanFreq()-X",-0.216042668103448
"9965",3,"WALKING_DOWNSTAIRS","training data","fBodyAccJerk-meanFreq()-X",-0.229599432510204
"9966",3,"WALKING_UPSTAIRS","training data","fBodyAccJerk-meanFreq()-X",-0.325151127440678
"9967",5,"STANDING","training data","fBodyAccJerk-meanFreq()-X",0.150463078469643
"9968",5,"SITTING","training data","fBodyAccJerk-meanFreq()-X",0.0757356169022727
"9969",5,"LAYING","training data","fBodyAccJerk-meanFreq()-X",0.239915157321154
"9970",5,"WALKING","training data","fBodyAccJerk-meanFreq()-X",-0.359372577678571
"9971",5,"WALKING_DOWNSTAIRS","training data","fBodyAccJerk-meanFreq()-X",-0.350911621829787
"9972",5,"WALKING_UPSTAIRS","training data","fBodyAccJerk-meanFreq()-X",-0.397835581489362
"9973",6,"STANDING","training data","fBodyAccJerk-meanFreq()-X",0.186559227035088
"9974",6,"SITTING","training data","fBodyAccJerk-meanFreq()-X",0.0999400617187273
"9975",6,"LAYING","training data","fBodyAccJerk-meanFreq()-X",0.0114731894070175
"9976",6,"WALKING","training data","fBodyAccJerk-meanFreq()-X",-0.178295181261404
"9977",6,"WALKING_DOWNSTAIRS","training data","fBodyAccJerk-meanFreq()-X",-0.315757694854167
"9978",6,"WALKING_UPSTAIRS","training data","fBodyAccJerk-meanFreq()-X",-0.441959115607843
"9979",7,"STANDING","training data","fBodyAccJerk-meanFreq()-X",0.098774853689
"9980",7,"SITTING","training data","fBodyAccJerk-meanFreq()-X",0.180132581508333
"9981",7,"LAYING","training data","fBodyAccJerk-meanFreq()-X",0.0207159202961538
"9982",7,"WALKING","training data","fBodyAccJerk-meanFreq()-X",-0.284586506210526
"9983",7,"WALKING_DOWNSTAIRS","training data","fBodyAccJerk-meanFreq()-X",-0.333627288978723
"9984",7,"WALKING_UPSTAIRS","training data","fBodyAccJerk-meanFreq()-X",-0.391182549629412
"9985",8,"STANDING","training data","fBodyAccJerk-meanFreq()-X",0.267296230824074
"9986",8,"SITTING","training data","fBodyAccJerk-meanFreq()-X",0.227828617
"9987",8,"LAYING","training data","fBodyAccJerk-meanFreq()-X",0.164984298959259
"9988",8,"WALKING","training data","fBodyAccJerk-meanFreq()-X",-0.345898115416667
"9989",8,"WALKING_DOWNSTAIRS","training data","fBodyAccJerk-meanFreq()-X",-0.170997897197368
"9990",8,"WALKING_UPSTAIRS","training data","fBodyAccJerk-meanFreq()-X",-0.115989564712683
"9991",11,"STANDING","training data","fBodyAccJerk-meanFreq()-X",0.312171839674468
"9992",11,"SITTING","training data","fBodyAccJerk-meanFreq()-X",0.153320197518868
"9993",11,"LAYING","training data","fBodyAccJerk-meanFreq()-X",0.178104551486316
"9994",11,"WALKING","training data","fBodyAccJerk-meanFreq()-X",-0.353419932627119
"9995",11,"WALKING_DOWNSTAIRS","training data","fBodyAccJerk-meanFreq()-X",-0.338849974521739
"9996",11,"WALKING_UPSTAIRS","training data","fBodyAccJerk-meanFreq()-X",-0.446992354759259
"9997",14,"STANDING","training data","fBodyAccJerk-meanFreq()-X",0.0237594244966667
"9998",14,"SITTING","training data","fBodyAccJerk-meanFreq()-X",0.00357106024444444
"9999",14,"LAYING","training data","fBodyAccJerk-meanFreq()-X",-0.158599091641176
"10000",14,"WALKING","training data","fBodyAccJerk-meanFreq()-X",-0.255900962474576
"10001",14,"WALKING_DOWNSTAIRS","training data","fBodyAccJerk-meanFreq()-X",-0.2710115324
"10002",14,"WALKING_UPSTAIRS","training data","fBodyAccJerk-meanFreq()-X",-0.263935056981481
"10003",15,"STANDING","training data","fBodyAccJerk-meanFreq()-X",0.267947792641509
"10004",15,"SITTING","training data","fBodyAccJerk-meanFreq()-X",0.240022781071475
"10005",15,"LAYING","training data","fBodyAccJerk-meanFreq()-X",0.114787481842222
"10006",15,"WALKING","training data","fBodyAccJerk-meanFreq()-X",-0.292088318740741
"10007",15,"WALKING_DOWNSTAIRS","training data","fBodyAccJerk-meanFreq()-X",-0.377130942619048
"10008",15,"WALKING_UPSTAIRS","training data","fBodyAccJerk-meanFreq()-X",-0.439499582708333
"10009",16,"STANDING","training data","fBodyAccJerk-meanFreq()-X",0.267452462051282
"10010",16,"SITTING","training data","fBodyAccJerk-meanFreq()-X",0.203452532052174
"10011",16,"LAYING","training data","fBodyAccJerk-meanFreq()-X",0.06559671734
"10012",16,"WALKING","training data","fBodyAccJerk-meanFreq()-X",-0.330912145882353
"10013",16,"WALKING_DOWNSTAIRS","training data","fBodyAccJerk-meanFreq()-X",-0.368978400468085
"10014",16,"WALKING_UPSTAIRS","training data","fBodyAccJerk-meanFreq()-X",-0.332237727509804
"10015",17,"STANDING","training data","fBodyAccJerk-meanFreq()-X",0.257118196283333
"10016",17,"SITTING","training data","fBodyAccJerk-meanFreq()-X",0.232009757914063
"10017",17,"LAYING","training data","fBodyAccJerk-meanFreq()-X",0.188447976580282
"10018",17,"WALKING","training data","fBodyAccJerk-meanFreq()-X",-0.43680842295082
"10019",17,"WALKING_DOWNSTAIRS","training data","fBodyAccJerk-meanFreq()-X",-0.508557029565217
"10020",17,"WALKING_UPSTAIRS","training data","fBodyAccJerk-meanFreq()-X",-0.576044001875
"10021",19,"STANDING","training data","fBodyAccJerk-meanFreq()-X",0.199135943480822
"10022",19,"SITTING","training data","fBodyAccJerk-meanFreq()-X",0.091700311709589
"10023",19,"LAYING","training data","fBodyAccJerk-meanFreq()-X",0.135277438
"10024",19,"WALKING","training data","fBodyAccJerk-meanFreq()-X",-0.214787048403846
"10025",19,"WALKING_DOWNSTAIRS","training data","fBodyAccJerk-meanFreq()-X",-0.240575873128205
"10026",19,"WALKING_UPSTAIRS","training data","fBodyAccJerk-meanFreq()-X",-0.273942744225
"10027",21,"STANDING","training data","fBodyAccJerk-meanFreq()-X",0.156072448511236
"10028",21,"SITTING","training data","fBodyAccJerk-meanFreq()-X",0.244349529764706
"10029",21,"LAYING","training data","fBodyAccJerk-meanFreq()-X",0.0883780669131111
"10030",21,"WALKING","training data","fBodyAccJerk-meanFreq()-X",-0.195103003780769
"10031",21,"WALKING_DOWNSTAIRS","training data","fBodyAccJerk-meanFreq()-X",-0.288856976111111
"10032",21,"WALKING_UPSTAIRS","training data","fBodyAccJerk-meanFreq()-X",-0.267817083638298
"10033",22,"STANDING","training data","fBodyAccJerk-meanFreq()-X",0.227103206142857
"10034",22,"SITTING","training data","fBodyAccJerk-meanFreq()-X",0.214704630348387
"10035",22,"LAYING","training data","fBodyAccJerk-meanFreq()-X",0.0734034055506944
"10036",22,"WALKING","training data","fBodyAccJerk-meanFreq()-X",-0.102095050734783
"10037",22,"WALKING_DOWNSTAIRS","training data","fBodyAccJerk-meanFreq()-X",-0.244503497722222
"10038",22,"WALKING_UPSTAIRS","training data","fBodyAccJerk-meanFreq()-X",0.0466071941261905
"10039",23,"STANDING","training data","fBodyAccJerk-meanFreq()-X",0.201179907463235
"10040",23,"SITTING","training data","fBodyAccJerk-meanFreq()-X",0.285643525808824
"10041",23,"LAYING","training data","fBodyAccJerk-meanFreq()-X",0.206066869445833
"10042",23,"WALKING","training data","fBodyAccJerk-meanFreq()-X",-0.269875748525424
"10043",23,"WALKING_DOWNSTAIRS","training data","fBodyAccJerk-meanFreq()-X",-0.210126610722222
"10044",23,"WALKING_UPSTAIRS","training data","fBodyAccJerk-meanFreq()-X",-0.278707884980392
"10045",25,"STANDING","training data","fBodyAccJerk-meanFreq()-X",0.186395511032432
"10046",25,"SITTING","training data","fBodyAccJerk-meanFreq()-X",0.176656276830769
"10047",25,"LAYING","training data","fBodyAccJerk-meanFreq()-X",-0.0416113196575342
"10048",25,"WALKING","training data","fBodyAccJerk-meanFreq()-X",-0.223500510481081
"10049",25,"WALKING_DOWNSTAIRS","training data","fBodyAccJerk-meanFreq()-X",-0.419732508103448
"10050",25,"WALKING_UPSTAIRS","training data","fBodyAccJerk-meanFreq()-X",-0.410294109653846
"10051",26,"STANDING","training data","fBodyAccJerk-meanFreq()-X",0.267659898704054
"10052",26,"SITTING","training data","fBodyAccJerk-meanFreq()-X",0.17657695075641
"10053",26,"LAYING","training data","fBodyAccJerk-meanFreq()-X",0.137090425315789
"10054",26,"WALKING","training data","fBodyAccJerk-meanFreq()-X",-0.254935528889831
"10055",26,"WALKING_DOWNSTAIRS","training data","fBodyAccJerk-meanFreq()-X",-0.5212878612
"10056",26,"WALKING_UPSTAIRS","training data","fBodyAccJerk-meanFreq()-X",-0.222513914852727
"10057",27,"STANDING","training data","fBodyAccJerk-meanFreq()-X",0.29614372759125
"10058",27,"SITTING","training data","fBodyAccJerk-meanFreq()-X",0.194318820804286
"10059",27,"LAYING","training data","fBodyAccJerk-meanFreq()-X",0.0961256024564865
"10060",27,"WALKING","training data","fBodyAccJerk-meanFreq()-X",-0.268722350470175
"10061",27,"WALKING_DOWNSTAIRS","training data","fBodyAccJerk-meanFreq()-X",-0.331351997727273
"10062",27,"WALKING_UPSTAIRS","training data","fBodyAccJerk-meanFreq()-X",-0.361648357411765
"10063",28,"STANDING","training data","fBodyAccJerk-meanFreq()-X",0.146890848677215
"10064",28,"SITTING","training data","fBodyAccJerk-meanFreq()-X",0.147680902402778
"10065",28,"LAYING","training data","fBodyAccJerk-meanFreq()-X",0.104292020185
"10066",28,"WALKING","training data","fBodyAccJerk-meanFreq()-X",-0.353217731666667
"10067",28,"WALKING_DOWNSTAIRS","training data","fBodyAccJerk-meanFreq()-X",-0.276941823673913
"10068",28,"WALKING_UPSTAIRS","training data","fBodyAccJerk-meanFreq()-X",-0.232074537770588
"10069",29,"STANDING","training data","fBodyAccJerk-meanFreq()-X",0.303254910076923
"10070",29,"SITTING","training data","fBodyAccJerk-meanFreq()-X",0.277955332916667
"10071",29,"LAYING","training data","fBodyAccJerk-meanFreq()-X",0.138616312664928
"10072",29,"WALKING","training data","fBodyAccJerk-meanFreq()-X",-0.201300454630189
"10073",29,"WALKING_DOWNSTAIRS","training data","fBodyAccJerk-meanFreq()-X",-0.270161022958333
"10074",29,"WALKING_UPSTAIRS","training data","fBodyAccJerk-meanFreq()-X",-0.379789331795918
"10075",30,"STANDING","training data","fBodyAccJerk-meanFreq()-X",0.0608341046813559
"10076",30,"SITTING","training data","fBodyAccJerk-meanFreq()-X",0.136689127145161
"10077",30,"LAYING","training data","fBodyAccJerk-meanFreq()-X",0.0410381510042857
"10078",30,"WALKING","training data","fBodyAccJerk-meanFreq()-X",-0.268877781692308
"10079",30,"WALKING_DOWNSTAIRS","training data","fBodyAccJerk-meanFreq()-X",-0.307116650137097
"10080",30,"WALKING_UPSTAIRS","training data","fBodyAccJerk-meanFreq()-X",-0.4436963292
"10081",2,"STANDING","test data","fBodyAccJerk-meanFreq()-Y",-0.0569368291814815
"10082",2,"SITTING","test data","fBodyAccJerk-meanFreq()-Y",0.0262448647134783
"10083",2,"LAYING","test data","fBodyAccJerk-meanFreq()-Y",0.1212064240125
"10084",2,"WALKING","test data","fBodyAccJerk-meanFreq()-Y",-0.263574018186441
"10085",2,"WALKING_DOWNSTAIRS","test data","fBodyAccJerk-meanFreq()-Y",-0.357514501744681
"10086",2,"WALKING_UPSTAIRS","test data","fBodyAccJerk-meanFreq()-Y",-0.287688885375
"10087",4,"STANDING","test data","fBodyAccJerk-meanFreq()-Y",-0.126450632983929
"10088",4,"SITTING","test data","fBodyAccJerk-meanFreq()-Y",-0.075289966262
"10089",4,"LAYING","test data","fBodyAccJerk-meanFreq()-Y",0.0987428836296296
"10090",4,"WALKING","test data","fBodyAccJerk-meanFreq()-Y",-0.385880862833333
"10091",4,"WALKING_DOWNSTAIRS","test data","fBodyAccJerk-meanFreq()-Y",-0.181293185048889
"10092",4,"WALKING_UPSTAIRS","test data","fBodyAccJerk-meanFreq()-Y",-0.39270192625
"10093",9,"STANDING","test data","fBodyAccJerk-meanFreq()-Y",-0.0981894026
"10094",9,"SITTING","test data","fBodyAccJerk-meanFreq()-Y",-0.27190085077
"10095",9,"LAYING","test data","fBodyAccJerk-meanFreq()-Y",-0.227093669698
"10096",9,"WALKING","test data","fBodyAccJerk-meanFreq()-Y",-0.389047303846154
"10097",9,"WALKING_DOWNSTAIRS","test data","fBodyAccJerk-meanFreq()-Y",-0.232042826333571
"10098",9,"WALKING_UPSTAIRS","test data","fBodyAccJerk-meanFreq()-Y",-0.52927597244898
"10099",10,"STANDING","test data","fBodyAccJerk-meanFreq()-Y",-0.187095243409091
"10100",10,"SITTING","test data","fBodyAccJerk-meanFreq()-Y",-0.0261859265331481
"10101",10,"LAYING","test data","fBodyAccJerk-meanFreq()-Y",0.0425942300482759
"10102",10,"WALKING","test data","fBodyAccJerk-meanFreq()-Y",-0.148445687402075
"10103",10,"WALKING_DOWNSTAIRS","test data","fBodyAccJerk-meanFreq()-Y",-0.297763023710526
"10104",10,"WALKING_UPSTAIRS","test data","fBodyAccJerk-meanFreq()-Y",-0.370854829787234
"10105",12,"STANDING","test data","fBodyAccJerk-meanFreq()-Y",-0.174967084639344
"10106",12,"SITTING","test data","fBodyAccJerk-meanFreq()-Y",-0.098733235372549
"10107",12,"LAYING","test data","fBodyAccJerk-meanFreq()-Y",-0.017661749435
"10108",12,"WALKING","test data","fBodyAccJerk-meanFreq()-Y",-0.22346071292
"10109",12,"WALKING_DOWNSTAIRS","test data","fBodyAccJerk-meanFreq()-Y",-0.386695904413043
"10110",12,"WALKING_UPSTAIRS","test data","fBodyAccJerk-meanFreq()-Y",-0.380249904980769
"10111",13,"STANDING","test data","fBodyAccJerk-meanFreq()-Y",-0.047896000245614
"10112",13,"SITTING","test data","fBodyAccJerk-meanFreq()-Y",-0.00193284292653061
"10113",13,"LAYING","test data","fBodyAccJerk-meanFreq()-Y",0.0656536996983871
"10114",13,"WALKING","test data","fBodyAccJerk-meanFreq()-Y",-0.447119510526316
"10115",13,"WALKING_DOWNSTAIRS","test data","fBodyAccJerk-meanFreq()-Y",-0.45664123893617
"10116",13,"WALKING_UPSTAIRS","test data","fBodyAccJerk-meanFreq()-Y",-0.586022409090909
"10117",18,"STANDING","test data","fBodyAccJerk-meanFreq()-Y",-0.157432016482192
"10118",18,"SITTING","test data","fBodyAccJerk-meanFreq()-Y",0.00687195409298246
"10119",18,"LAYING","test data","fBodyAccJerk-meanFreq()-Y",0.0551692814758462
"10120",18,"WALKING","test data","fBodyAccJerk-meanFreq()-Y",-0.337293285178571
"10121",18,"WALKING_DOWNSTAIRS","test data","fBodyAccJerk-meanFreq()-Y",-0.430209134836364
"10122",18,"WALKING_UPSTAIRS","test data","fBodyAccJerk-meanFreq()-Y",-0.466043113965517
"10123",20,"STANDING","test data","fBodyAccJerk-meanFreq()-Y",-0.316121168630137
"10124",20,"SITTING","test data","fBodyAccJerk-meanFreq()-Y",-0.124408290681364
"10125",20,"LAYING","test data","fBodyAccJerk-meanFreq()-Y",0.0212201874367647
"10126",20,"WALKING","test data","fBodyAccJerk-meanFreq()-Y",-0.475080055294118
"10127",20,"WALKING_DOWNSTAIRS","test data","fBodyAccJerk-meanFreq()-Y",-0.4985269758
"10128",20,"WALKING_UPSTAIRS","test data","fBodyAccJerk-meanFreq()-Y",-0.55340726627451
"10129",24,"STANDING","test data","fBodyAccJerk-meanFreq()-Y",-0.131947804072174
"10130",24,"SITTING","test data","fBodyAccJerk-meanFreq()-Y",-0.0884463992352941
"10131",24,"LAYING","test data","fBodyAccJerk-meanFreq()-Y",0.0753041126791667
"10132",24,"WALKING","test data","fBodyAccJerk-meanFreq()-Y",-0.439634005689655
"10133",24,"WALKING_DOWNSTAIRS","test data","fBodyAccJerk-meanFreq()-Y",-0.415305377727273
"10134",24,"WALKING_UPSTAIRS","test data","fBodyAccJerk-meanFreq()-Y",-0.508876718135593
"10135",1,"STANDING","training data","fBodyAccJerk-meanFreq()-Y",0.0391618954943396
"10136",1,"SITTING","training data","fBodyAccJerk-meanFreq()-Y",0.0475437839595745
"10137",1,"LAYING","training data","fBodyAccJerk-meanFreq()-Y",0.024513618956
"10138",1,"WALKING","training data","fBodyAccJerk-meanFreq()-Y",-0.386237143210526
"10139",1,"WALKING_DOWNSTAIRS","training data","fBodyAccJerk-meanFreq()-Y",-0.33758970122449
"10140",1,"WALKING_UPSTAIRS","training data","fBodyAccJerk-meanFreq()-Y",-0.509495531698113
"10141",3,"STANDING","training data","fBodyAccJerk-meanFreq()-Y",-0.258164810172131
"10142",3,"SITTING","training data","fBodyAccJerk-meanFreq()-Y",-0.0959148729942308
"10143",3,"LAYING","training data","fBodyAccJerk-meanFreq()-Y",-0.0131774961758065
"10144",3,"WALKING","training data","fBodyAccJerk-meanFreq()-Y",-0.258667984862069
"10145",3,"WALKING_DOWNSTAIRS","training data","fBodyAccJerk-meanFreq()-Y",-0.356023306938775
"10146",3,"WALKING_UPSTAIRS","training data","fBodyAccJerk-meanFreq()-Y",-0.453789820355932
"10147",5,"STANDING","training data","fBodyAccJerk-meanFreq()-Y",-0.143681804520893
"10148",5,"SITTING","training data","fBodyAccJerk-meanFreq()-Y",-0.131861736040909
"10149",5,"LAYING","training data","fBodyAccJerk-meanFreq()-Y",0.195677336307692
"10150",5,"WALKING","training data","fBodyAccJerk-meanFreq()-Y",-0.534049822678571
"10151",5,"WALKING_DOWNSTAIRS","training data","fBodyAccJerk-meanFreq()-Y",-0.470994737234043
"10152",5,"WALKING_UPSTAIRS","training data","fBodyAccJerk-meanFreq()-Y",-0.577009359574468
"10153",6,"STANDING","training data","fBodyAccJerk-meanFreq()-Y",-0.251013912454386
"10154",6,"SITTING","training data","fBodyAccJerk-meanFreq()-Y",-0.150934459496364
"10155",6,"LAYING","training data","fBodyAccJerk-meanFreq()-Y",-0.0222029460298246
"10156",6,"WALKING","training data","fBodyAccJerk-meanFreq()-Y",-0.466305754035088
"10157",6,"WALKING_DOWNSTAIRS","training data","fBodyAccJerk-meanFreq()-Y",-0.48434366125
"10158",6,"WALKING_UPSTAIRS","training data","fBodyAccJerk-meanFreq()-Y",-0.501170339607843
"10159",7,"STANDING","training data","fBodyAccJerk-meanFreq()-Y",-0.188479735466038
"10160",7,"SITTING","training data","fBodyAccJerk-meanFreq()-Y",-0.0815021323520833
"10161",7,"LAYING","training data","fBodyAccJerk-meanFreq()-Y",-0.0451342616019231
"10162",7,"WALKING","training data","fBodyAccJerk-meanFreq()-Y",-0.287013819157895
"10163",7,"WALKING_DOWNSTAIRS","training data","fBodyAccJerk-meanFreq()-Y",-0.414196284085106
"10164",7,"WALKING_UPSTAIRS","training data","fBodyAccJerk-meanFreq()-Y",-0.425313822294118
"10165",8,"STANDING","training data","fBodyAccJerk-meanFreq()-Y",-0.0598195579537037
"10166",8,"SITTING","training data","fBodyAccJerk-meanFreq()-Y",0.0527157003152174
"10167",8,"LAYING","training data","fBodyAccJerk-meanFreq()-Y",0.00667286421111111
"10168",8,"WALKING","training data","fBodyAccJerk-meanFreq()-Y",-0.4192779011875
"10169",8,"WALKING_DOWNSTAIRS","training data","fBodyAccJerk-meanFreq()-Y",-0.337650965236842
"10170",8,"WALKING_UPSTAIRS","training data","fBodyAccJerk-meanFreq()-Y",-0.344029932341463
"10171",11,"STANDING","training data","fBodyAccJerk-meanFreq()-Y",-0.0305094144893617
"10172",11,"SITTING","training data","fBodyAccJerk-meanFreq()-Y",-0.0805058031716981
"10173",11,"LAYING","training data","fBodyAccJerk-meanFreq()-Y",0.00344999603508772
"10174",11,"WALKING","training data","fBodyAccJerk-meanFreq()-Y",-0.427889402576271
"10175",11,"WALKING_DOWNSTAIRS","training data","fBodyAccJerk-meanFreq()-Y",-0.455972775869565
"10176",11,"WALKING_UPSTAIRS","training data","fBodyAccJerk-meanFreq()-Y",-0.461641074074074
"10177",14,"STANDING","training data","fBodyAccJerk-meanFreq()-Y",-0.212196767033333
"10178",14,"SITTING","training data","fBodyAccJerk-meanFreq()-Y",-0.232143578944444
"10179",14,"LAYING","training data","fBodyAccJerk-meanFreq()-Y",-0.231153333607843
"10180",14,"WALKING","training data","fBodyAccJerk-meanFreq()-Y",-0.363463832288136
"10181",14,"WALKING_DOWNSTAIRS","training data","fBodyAccJerk-meanFreq()-Y",-0.306938978377778
"10182",14,"WALKING_UPSTAIRS","training data","fBodyAccJerk-meanFreq()-Y",-0.487347927037037
"10183",15,"STANDING","training data","fBodyAccJerk-meanFreq()-Y",-0.173615099864151
"10184",15,"SITTING","training data","fBodyAccJerk-meanFreq()-Y",-6.7038305084726e-06
"10185",15,"LAYING","training data","fBodyAccJerk-meanFreq()-Y",0.0141056829361111
"10186",15,"WALKING","training data","fBodyAccJerk-meanFreq()-Y",-0.330560047666667
"10187",15,"WALKING_DOWNSTAIRS","training data","fBodyAccJerk-meanFreq()-Y",-0.386323443795238
"10188",15,"WALKING_UPSTAIRS","training data","fBodyAccJerk-meanFreq()-Y",-0.468496864166667
"10189",16,"STANDING","training data","fBodyAccJerk-meanFreq()-Y",-0.0110757034462821
"10190",16,"SITTING","training data","fBodyAccJerk-meanFreq()-Y",-0.027202812815942
"10191",16,"LAYING","training data","fBodyAccJerk-meanFreq()-Y",-0.0185799188572857
"10192",16,"WALKING","training data","fBodyAccJerk-meanFreq()-Y",-0.396511933696078
"10193",16,"WALKING_DOWNSTAIRS","training data","fBodyAccJerk-meanFreq()-Y",-0.417064208808511
"10194",16,"WALKING_UPSTAIRS","training data","fBodyAccJerk-meanFreq()-Y",-0.535799234509804
"10195",17,"STANDING","training data","fBodyAccJerk-meanFreq()-Y",0.0739987319439744
"10196",17,"SITTING","training data","fBodyAccJerk-meanFreq()-Y",0.0885338998796875
"10197",17,"LAYING","training data","fBodyAccJerk-meanFreq()-Y",0.0279305879725352
"10198",17,"WALKING","training data","fBodyAccJerk-meanFreq()-Y",-0.40049341595082
"10199",17,"WALKING_DOWNSTAIRS","training data","fBodyAccJerk-meanFreq()-Y",-0.559085845869565
"10200",17,"WALKING_UPSTAIRS","training data","fBodyAccJerk-meanFreq()-Y",-0.474055998333333
"10201",19,"STANDING","training data","fBodyAccJerk-meanFreq()-Y",-0.11251381169863
"10202",19,"SITTING","training data","fBodyAccJerk-meanFreq()-Y",-0.0925759101945205
"10203",19,"LAYING","training data","fBodyAccJerk-meanFreq()-Y",0.0838227031284337
"10204",19,"WALKING","training data","fBodyAccJerk-meanFreq()-Y",-0.388095890192308
"10205",19,"WALKING_DOWNSTAIRS","training data","fBodyAccJerk-meanFreq()-Y",-0.387547819487179
"10206",19,"WALKING_UPSTAIRS","training data","fBodyAccJerk-meanFreq()-Y",-0.364347950525
"10207",21,"STANDING","training data","fBodyAccJerk-meanFreq()-Y",-0.11577347441236
"10208",21,"SITTING","training data","fBodyAccJerk-meanFreq()-Y",-0.0118456245047059
"10209",21,"LAYING","training data","fBodyAccJerk-meanFreq()-Y",-0.0257551308055556
"10210",21,"WALKING","training data","fBodyAccJerk-meanFreq()-Y",-0.364918893846154
"10211",21,"WALKING_DOWNSTAIRS","training data","fBodyAccJerk-meanFreq()-Y",-0.431506656453333
"10212",21,"WALKING_UPSTAIRS","training data","fBodyAccJerk-meanFreq()-Y",-0.297830831408511
"10213",22,"STANDING","training data","fBodyAccJerk-meanFreq()-Y",-0.243211290984127
"10214",22,"SITTING","training data","fBodyAccJerk-meanFreq()-Y",-0.0605385147354839
"10215",22,"LAYING","training data","fBodyAccJerk-meanFreq()-Y",-0.12196479475
"10216",22,"WALKING","training data","fBodyAccJerk-meanFreq()-Y",-0.0787882256
"10217",22,"WALKING_DOWNSTAIRS","training data","fBodyAccJerk-meanFreq()-Y",-0.400892381111111
"10218",22,"WALKING_UPSTAIRS","training data","fBodyAccJerk-meanFreq()-Y",-0.270497675785714
"10219",23,"STANDING","training data","fBodyAccJerk-meanFreq()-Y",-0.0878295931260294
"10220",23,"SITTING","training data","fBodyAccJerk-meanFreq()-Y",-0.0438597429455882
"10221",23,"LAYING","training data","fBodyAccJerk-meanFreq()-Y",0.0982745766404167
"10222",23,"WALKING","training data","fBodyAccJerk-meanFreq()-Y",-0.278843950576271
"10223",23,"WALKING_DOWNSTAIRS","training data","fBodyAccJerk-meanFreq()-Y",-0.181909200418519
"10224",23,"WALKING_UPSTAIRS","training data","fBodyAccJerk-meanFreq()-Y",-0.357319836562745
"10225",25,"STANDING","training data","fBodyAccJerk-meanFreq()-Y",-0.108166388858784
"10226",25,"SITTING","training data","fBodyAccJerk-meanFreq()-Y",-0.0408130188664615
"10227",25,"LAYING","training data","fBodyAccJerk-meanFreq()-Y",-0.279813645884932
"10228",25,"WALKING","training data","fBodyAccJerk-meanFreq()-Y",-0.54613878577027
"10229",25,"WALKING_DOWNSTAIRS","training data","fBodyAccJerk-meanFreq()-Y",-0.544902332586207
"10230",25,"WALKING_UPSTAIRS","training data","fBodyAccJerk-meanFreq()-Y",-0.601971415384615
"10231",26,"STANDING","training data","fBodyAccJerk-meanFreq()-Y",-0.0854585422074324
"10232",26,"SITTING","training data","fBodyAccJerk-meanFreq()-Y",0.0466390168589744
"10233",26,"LAYING","training data","fBodyAccJerk-meanFreq()-Y",0.127044302263158
"10234",26,"WALKING","training data","fBodyAccJerk-meanFreq()-Y",-0.408094837118644
"10235",26,"WALKING_DOWNSTAIRS","training data","fBodyAccJerk-meanFreq()-Y",-0.4566796268
"10236",26,"WALKING_UPSTAIRS","training data","fBodyAccJerk-meanFreq()-Y",-0.477676635818182
"10237",27,"STANDING","training data","fBodyAccJerk-meanFreq()-Y",-0.03292309817125
"10238",27,"SITTING","training data","fBodyAccJerk-meanFreq()-Y",-0.0105794955342857
"10239",27,"LAYING","training data","fBodyAccJerk-meanFreq()-Y",0.0629930660081081
"10240",27,"WALKING","training data","fBodyAccJerk-meanFreq()-Y",-0.226365823631579
"10241",27,"WALKING_DOWNSTAIRS","training data","fBodyAccJerk-meanFreq()-Y",-0.294651710159091
"10242",27,"WALKING_UPSTAIRS","training data","fBodyAccJerk-meanFreq()-Y",-0.372671804901961
"10243",28,"STANDING","training data","fBodyAccJerk-meanFreq()-Y",-0.350627823255696
"10244",28,"SITTING","training data","fBodyAccJerk-meanFreq()-Y",-0.211341156344444
"10245",28,"LAYING","training data","fBodyAccJerk-meanFreq()-Y",0.0010860935176125
"10246",28,"WALKING","training data","fBodyAccJerk-meanFreq()-Y",-0.492410732962963
"10247",28,"WALKING_DOWNSTAIRS","training data","fBodyAccJerk-meanFreq()-Y",-0.393681484543478
"10248",28,"WALKING_UPSTAIRS","training data","fBodyAccJerk-meanFreq()-Y",-0.362750971627451
"10249",29,"STANDING","training data","fBodyAccJerk-meanFreq()-Y",-0.0558737239646154
"10250",29,"SITTING","training data","fBodyAccJerk-meanFreq()-Y",0.0277396724596667
"10251",29,"LAYING","training data","fBodyAccJerk-meanFreq()-Y",0.134734984846377
"10252",29,"WALKING","training data","fBodyAccJerk-meanFreq()-Y",-0.0699038849622642
"10253",29,"WALKING_DOWNSTAIRS","training data","fBodyAccJerk-meanFreq()-Y",-0.206525790529167
"10254",29,"WALKING_UPSTAIRS","training data","fBodyAccJerk-meanFreq()-Y",-0.444248720204082
"10255",30,"STANDING","training data","fBodyAccJerk-meanFreq()-Y",-0.265980374040678
"10256",30,"SITTING","training data","fBodyAccJerk-meanFreq()-Y",-0.127783839180645
"10257",30,"LAYING","training data","fBodyAccJerk-meanFreq()-Y",-0.141961208041714
"10258",30,"WALKING","training data","fBodyAccJerk-meanFreq()-Y",-0.274838924907692
"10259",30,"WALKING_DOWNSTAIRS","training data","fBodyAccJerk-meanFreq()-Y",-0.425051654887097
"10260",30,"WALKING_UPSTAIRS","training data","fBodyAccJerk-meanFreq()-Y",-0.536743839846154
"10261",2,"STANDING","test data","fBodyAccJerk-meanFreq()-Z",0.0396498183462963
"10262",2,"SITTING","test data","fBodyAccJerk-meanFreq()-Z",0.0929030630369565
"10263",2,"LAYING","test data","fBodyAccJerk-meanFreq()-Z",0.190558218145833
"10264",2,"WALKING","test data","fBodyAccJerk-meanFreq()-Z",-0.254846438755932
"10265",2,"WALKING_DOWNSTAIRS","test data","fBodyAccJerk-meanFreq()-Z",-0.234703932446809
"10266",2,"WALKING_UPSTAIRS","test data","fBodyAccJerk-meanFreq()-Z",-0.374218484791667
"10267",4,"STANDING","test data","fBodyAccJerk-meanFreq()-Z",0.0711056632839286
"10268",4,"SITTING","test data","fBodyAccJerk-meanFreq()-Z",0.012245576986
"10269",4,"LAYING","test data","fBodyAccJerk-meanFreq()-Z",0.0770211165
"10270",4,"WALKING","test data","fBodyAccJerk-meanFreq()-Z",-0.325737503675
"10271",4,"WALKING_DOWNSTAIRS","test data","fBodyAccJerk-meanFreq()-Z",-0.169702261222222
"10272",4,"WALKING_UPSTAIRS","test data","fBodyAccJerk-meanFreq()-Z",-0.319649297096154
"10273",9,"STANDING","test data","fBodyAccJerk-meanFreq()-Z",-0.128067958244444
"10274",9,"SITTING","test data","fBodyAccJerk-meanFreq()-Z",-0.267665734806
"10275",9,"LAYING","test data","fBodyAccJerk-meanFreq()-Z",-0.094374360132
"10276",9,"WALKING","test data","fBodyAccJerk-meanFreq()-Z",-0.366570477826923
"10277",9,"WALKING_DOWNSTAIRS","test data","fBodyAccJerk-meanFreq()-Z",-0.330318261928571
"10278",9,"WALKING_UPSTAIRS","test data","fBodyAccJerk-meanFreq()-Z",-0.547022216326531
"10279",10,"STANDING","test data","fBodyAccJerk-meanFreq()-Z",0.00562873853409091
"10280",10,"SITTING","test data","fBodyAccJerk-meanFreq()-Z",0.117530736503704
"10281",10,"LAYING","test data","fBodyAccJerk-meanFreq()-Z",0.146112721943103
"10282",10,"WALKING","test data","fBodyAccJerk-meanFreq()-Z",0.0557990906603774
"10283",10,"WALKING_DOWNSTAIRS","test data","fBodyAccJerk-meanFreq()-Z",0.0189821663447368
"10284",10,"WALKING_UPSTAIRS","test data","fBodyAccJerk-meanFreq()-Z",-0.328583308468085
"10285",12,"STANDING","test data","fBodyAccJerk-meanFreq()-Z",0.0113820599131148
"10286",12,"SITTING","test data","fBodyAccJerk-meanFreq()-Z",-0.0568306535470588
"10287",12,"LAYING","test data","fBodyAccJerk-meanFreq()-Z",0.0239504464626667
"10288",12,"WALKING","test data","fBodyAccJerk-meanFreq()-Z",-0.18200755164
"10289",12,"WALKING_DOWNSTAIRS","test data","fBodyAccJerk-meanFreq()-Z",-0.0985623112521739
"10290",12,"WALKING_UPSTAIRS","test data","fBodyAccJerk-meanFreq()-Z",-0.323446377115385
"10291",13,"STANDING","test data","fBodyAccJerk-meanFreq()-Z",0.106886230594386
"10292",13,"SITTING","test data","fBodyAccJerk-meanFreq()-Z",0.0921106028122449
"10293",13,"LAYING","test data","fBodyAccJerk-meanFreq()-Z",0.0584183074479032
"10294",13,"WALKING","test data","fBodyAccJerk-meanFreq()-Z",-0.204509715375614
"10295",13,"WALKING_DOWNSTAIRS","test data","fBodyAccJerk-meanFreq()-Z",-0.304013848034043
"10296",13,"WALKING_UPSTAIRS","test data","fBodyAccJerk-meanFreq()-Z",-0.504002904418182
"10297",18,"STANDING","test data","fBodyAccJerk-meanFreq()-Z",0.00408966055068493
"10298",18,"SITTING","test data","fBodyAccJerk-meanFreq()-Z",0.0437438879403509
"10299",18,"LAYING","test data","fBodyAccJerk-meanFreq()-Z",0.166856209441538
"10300",18,"WALKING","test data","fBodyAccJerk-meanFreq()-Z",-0.206330044373214
"10301",18,"WALKING_DOWNSTAIRS","test data","fBodyAccJerk-meanFreq()-Z",-0.313077962145455
"10302",18,"WALKING_UPSTAIRS","test data","fBodyAccJerk-meanFreq()-Z",-0.512443088275862
"10303",20,"STANDING","test data","fBodyAccJerk-meanFreq()-Z",-0.0782931602976712
"10304",20,"SITTING","test data","fBodyAccJerk-meanFreq()-Z",-0.0831229746409091
"10305",20,"LAYING","test data","fBodyAccJerk-meanFreq()-Z",0.0284929205607353
"10306",20,"WALKING","test data","fBodyAccJerk-meanFreq()-Z",-0.152723042398039
"10307",20,"WALKING_DOWNSTAIRS","test data","fBodyAccJerk-meanFreq()-Z",-0.480248953555556
"10308",20,"WALKING_UPSTAIRS","test data","fBodyAccJerk-meanFreq()-Z",-0.448063672745098
"10309",24,"STANDING","test data","fBodyAccJerk-meanFreq()-Z",0.081477374984058
"10310",24,"SITTING","test data","fBodyAccJerk-meanFreq()-Z",-0.00446178350882353
"10311",24,"LAYING","test data","fBodyAccJerk-meanFreq()-Z",0.0862692032513889
"10312",24,"WALKING","test data","fBodyAccJerk-meanFreq()-Z",-0.400928133965517
"10313",24,"WALKING_DOWNSTAIRS","test data","fBodyAccJerk-meanFreq()-Z",-0.297520697545455
"10314",24,"WALKING_UPSTAIRS","test data","fBodyAccJerk-meanFreq()-Z",-0.426530074576271
"10315",1,"STANDING","training data","fBodyAccJerk-meanFreq()-Z",0.138581478749057
"10316",1,"SITTING","training data","fBodyAccJerk-meanFreq()-Z",0.0923920032553192
"10317",1,"LAYING","training data","fBodyAccJerk-meanFreq()-Z",0.02438794528
"10318",1,"WALKING","training data","fBodyAccJerk-meanFreq()-Z",-0.185530281244211
"10319",1,"WALKING_DOWNSTAIRS","training data","fBodyAccJerk-meanFreq()-Z",0.00937223889183673
"10320",1,"WALKING_UPSTAIRS","training data","fBodyAccJerk-meanFreq()-Z",-0.551104284150943
"10321",3,"STANDING","training data","fBodyAccJerk-meanFreq()-Z",-0.112367641836066
"10322",3,"SITTING","training data","fBodyAccJerk-meanFreq()-Z",-0.0437473433390385
"10323",3,"LAYING","training data","fBodyAccJerk-meanFreq()-Z",0.0448196905903226
"10324",3,"WALKING","training data","fBodyAccJerk-meanFreq()-Z",-0.346946648103448
"10325",3,"WALKING_DOWNSTAIRS","training data","fBodyAccJerk-meanFreq()-Z",-0.274421716
"10326",3,"WALKING_UPSTAIRS","training data","fBodyAccJerk-meanFreq()-Z",-0.442664136271186
"10327",5,"STANDING","training data","fBodyAccJerk-meanFreq()-Z",-0.0333637020357143
"10328",5,"SITTING","training data","fBodyAccJerk-meanFreq()-Z",-0.0644960732795455
"10329",5,"LAYING","training data","fBodyAccJerk-meanFreq()-Z",0.0916938788480769
"10330",5,"WALKING","training data","fBodyAccJerk-meanFreq()-Z",-0.3441509245
"10331",5,"WALKING_DOWNSTAIRS","training data","fBodyAccJerk-meanFreq()-Z",-0.303523360659574
"10332",5,"WALKING_UPSTAIRS","training data","fBodyAccJerk-meanFreq()-Z",-0.339640932702128
"10333",6,"STANDING","training data","fBodyAccJerk-meanFreq()-Z",-0.0715339890175439
"10334",6,"SITTING","training data","fBodyAccJerk-meanFreq()-Z",-0.0913484667963636
"10335",6,"LAYING","training data","fBodyAccJerk-meanFreq()-Z",0.0784684032122807
"10336",6,"WALKING","training data","fBodyAccJerk-meanFreq()-Z",-0.104129449033509
"10337",6,"WALKING_DOWNSTAIRS","training data","fBodyAccJerk-meanFreq()-Z",-0.0348254245729167
"10338",6,"WALKING_UPSTAIRS","training data","fBodyAccJerk-meanFreq()-Z",-0.401683801941176
"10339",7,"STANDING","training data","fBodyAccJerk-meanFreq()-Z",-0.0891602062907547
"10340",7,"SITTING","training data","fBodyAccJerk-meanFreq()-Z",-0.0857527580416667
"10341",7,"LAYING","training data","fBodyAccJerk-meanFreq()-Z",0.0945605852
"10342",7,"WALKING","training data","fBodyAccJerk-meanFreq()-Z",-0.244831719878947
"10343",7,"WALKING_DOWNSTAIRS","training data","fBodyAccJerk-meanFreq()-Z",-0.382024151510638
"10344",7,"WALKING_UPSTAIRS","training data","fBodyAccJerk-meanFreq()-Z",-0.62755547372549
"10345",8,"STANDING","training data","fBodyAccJerk-meanFreq()-Z",0.0692831244296296
"10346",8,"SITTING","training data","fBodyAccJerk-meanFreq()-Z",0.00883768081521739
"10347",8,"LAYING","training data","fBodyAccJerk-meanFreq()-Z",0.120248739635185
"10348",8,"WALKING","training data","fBodyAccJerk-meanFreq()-Z",-0.2474853992125
"10349",8,"WALKING_DOWNSTAIRS","training data","fBodyAccJerk-meanFreq()-Z",-0.180391338523684
"10350",8,"WALKING_UPSTAIRS","training data","fBodyAccJerk-meanFreq()-Z",-0.368783012195122
"10351",11,"STANDING","training data","fBodyAccJerk-meanFreq()-Z",0.120740566368085
"10352",11,"SITTING","training data","fBodyAccJerk-meanFreq()-Z",0.0755982625849057
"10353",11,"LAYING","training data","fBodyAccJerk-meanFreq()-Z",0.0300169449866667
"10354",11,"WALKING","training data","fBodyAccJerk-meanFreq()-Z",-0.0923919508661017
"10355",11,"WALKING_DOWNSTAIRS","training data","fBodyAccJerk-meanFreq()-Z",-0.244414661282609
"10356",11,"WALKING_UPSTAIRS","training data","fBodyAccJerk-meanFreq()-Z",-0.482497119833333
"10357",14,"STANDING","training data","fBodyAccJerk-meanFreq()-Z",-0.0690826053566667
"10358",14,"SITTING","training data","fBodyAccJerk-meanFreq()-Z",-0.149511316833333
"10359",14,"LAYING","training data","fBodyAccJerk-meanFreq()-Z",-0.0887922483196078
"10360",14,"WALKING","training data","fBodyAccJerk-meanFreq()-Z",-0.323114421728814
"10361",14,"WALKING_DOWNSTAIRS","training data","fBodyAccJerk-meanFreq()-Z",-0.295300085844444
"10362",14,"WALKING_UPSTAIRS","training data","fBodyAccJerk-meanFreq()-Z",-0.52152949537037
"10363",15,"STANDING","training data","fBodyAccJerk-meanFreq()-Z",0.0650475083622642
"10364",15,"SITTING","training data","fBodyAccJerk-meanFreq()-Z",0.039756001679661
"10365",15,"LAYING","training data","fBodyAccJerk-meanFreq()-Z",0.00103397312222222
"10366",15,"WALKING","training data","fBodyAccJerk-meanFreq()-Z",-0.186832027011111
"10367",15,"WALKING_DOWNSTAIRS","training data","fBodyAccJerk-meanFreq()-Z",-0.117402352561905
"10368",15,"WALKING_UPSTAIRS","training data","fBodyAccJerk-meanFreq()-Z",-0.313514801541667
"10369",16,"STANDING","training data","fBodyAccJerk-meanFreq()-Z",-0.00527777880897436
"10370",16,"SITTING","training data","fBodyAccJerk-meanFreq()-Z",0.0110173707550725
"10371",16,"LAYING","training data","fBodyAccJerk-meanFreq()-Z",0.0652078600842857
"10372",16,"WALKING","training data","fBodyAccJerk-meanFreq()-Z",-0.453928997882353
"10373",16,"WALKING_DOWNSTAIRS","training data","fBodyAccJerk-meanFreq()-Z",-0.376637686702128
"10374",16,"WALKING_UPSTAIRS","training data","fBodyAccJerk-meanFreq()-Z",-0.519560112156863
"10375",17,"STANDING","training data","fBodyAccJerk-meanFreq()-Z",0.0847226210125641
"10376",17,"SITTING","training data","fBodyAccJerk-meanFreq()-Z",0.099508166859375
"10377",17,"LAYING","training data","fBodyAccJerk-meanFreq()-Z",0.0265752327492958
"10378",17,"WALKING","training data","fBodyAccJerk-meanFreq()-Z",-0.446731876721311
"10379",17,"WALKING_DOWNSTAIRS","training data","fBodyAccJerk-meanFreq()-Z",-0.452939005217391
"10380",17,"WALKING_UPSTAIRS","training data","fBodyAccJerk-meanFreq()-Z",-0.552822976041667
"10381",19,"STANDING","training data","fBodyAccJerk-meanFreq()-Z",0.0286308635315068
"10382",19,"SITTING","training data","fBodyAccJerk-meanFreq()-Z",0.0185381853307808
"10383",19,"LAYING","training data","fBodyAccJerk-meanFreq()-Z",0.117028928487952
"10384",19,"WALKING","training data","fBodyAccJerk-meanFreq()-Z",-0.0054044236
"10385",19,"WALKING_DOWNSTAIRS","training data","fBodyAccJerk-meanFreq()-Z",-0.116947001820513
"10386",19,"WALKING_UPSTAIRS","training data","fBodyAccJerk-meanFreq()-Z",-0.187567271425
"10387",21,"STANDING","training data","fBodyAccJerk-meanFreq()-Z",-0.0494048593741573
"10388",21,"SITTING","training data","fBodyAccJerk-meanFreq()-Z",0.0250360370447059
"10389",21,"LAYING","training data","fBodyAccJerk-meanFreq()-Z",0.043929421471
"10390",21,"WALKING","training data","fBodyAccJerk-meanFreq()-Z",-0.296175012211538
"10391",21,"WALKING_DOWNSTAIRS","training data","fBodyAccJerk-meanFreq()-Z",-0.304566054624444
"10392",21,"WALKING_UPSTAIRS","training data","fBodyAccJerk-meanFreq()-Z",-0.395904943744681
"10393",22,"STANDING","training data","fBodyAccJerk-meanFreq()-Z",-0.0266151295539683
"10394",22,"SITTING","training data","fBodyAccJerk-meanFreq()-Z",-0.0355355531241935
"10395",22,"LAYING","training data","fBodyAccJerk-meanFreq()-Z",0.0415523452236111
"10396",22,"WALKING","training data","fBodyAccJerk-meanFreq()-Z",-0.00391608825652174
"10397",22,"WALKING_DOWNSTAIRS","training data","fBodyAccJerk-meanFreq()-Z",-0.198861107138889
"10398",22,"WALKING_UPSTAIRS","training data","fBodyAccJerk-meanFreq()-Z",-0.161561379016667
"10399",23,"STANDING","training data","fBodyAccJerk-meanFreq()-Z",-0.0988283243558824
"10400",23,"SITTING","training data","fBodyAccJerk-meanFreq()-Z",0.0323132713205882
"10401",23,"LAYING","training data","fBodyAccJerk-meanFreq()-Z",0.230107945944444
"10402",23,"WALKING","training data","fBodyAccJerk-meanFreq()-Z",-0.366737656932203
"10403",23,"WALKING_DOWNSTAIRS","training data","fBodyAccJerk-meanFreq()-Z",-0.179004310844444
"10404",23,"WALKING_UPSTAIRS","training data","fBodyAccJerk-meanFreq()-Z",-0.443171315294118
"10405",25,"STANDING","training data","fBodyAccJerk-meanFreq()-Z",0.0868078890175676
"10406",25,"SITTING","training data","fBodyAccJerk-meanFreq()-Z",0.0587166219230769
"10407",25,"LAYING","training data","fBodyAccJerk-meanFreq()-Z",-0.109253586720137
"10408",25,"WALKING","training data","fBodyAccJerk-meanFreq()-Z",-0.463291946486486
"10409",25,"WALKING_DOWNSTAIRS","training data","fBodyAccJerk-meanFreq()-Z",-0.423798006068966
"10410",25,"WALKING_UPSTAIRS","training data","fBodyAccJerk-meanFreq()-Z",-0.612389227538462
"10411",26,"STANDING","training data","fBodyAccJerk-meanFreq()-Z",0.0492957974902703
"10412",26,"SITTING","training data","fBodyAccJerk-meanFreq()-Z",0.0548784456073077
"10413",26,"LAYING","training data","fBodyAccJerk-meanFreq()-Z",0.148820983839737
"10414",26,"WALKING","training data","fBodyAccJerk-meanFreq()-Z",-0.245889004932203
"10415",26,"WALKING_DOWNSTAIRS","training data","fBodyAccJerk-meanFreq()-Z",-0.3450157917
"10416",26,"WALKING_UPSTAIRS","training data","fBodyAccJerk-meanFreq()-Z",-0.378521914981818
"10417",27,"STANDING","training data","fBodyAccJerk-meanFreq()-Z",0.055479501535
"10418",27,"SITTING","training data","fBodyAccJerk-meanFreq()-Z",0.03477278444
"10419",27,"LAYING","training data","fBodyAccJerk-meanFreq()-Z",0.148092918859459
"10420",27,"WALKING","training data","fBodyAccJerk-meanFreq()-Z",-0.199017301947368
"10421",27,"WALKING_DOWNSTAIRS","training data","fBodyAccJerk-meanFreq()-Z",-0.20334131025
"10422",27,"WALKING_UPSTAIRS","training data","fBodyAccJerk-meanFreq()-Z",-0.454277803078431
"10423",28,"STANDING","training data","fBodyAccJerk-meanFreq()-Z",-0.119606462673418
"10424",28,"SITTING","training data","fBodyAccJerk-meanFreq()-Z",-0.0896276806138889
"10425",28,"LAYING","training data","fBodyAccJerk-meanFreq()-Z",0.038219081345
"10426",28,"WALKING","training data","fBodyAccJerk-meanFreq()-Z",-0.301043747996296
"10427",28,"WALKING_DOWNSTAIRS","training data","fBodyAccJerk-meanFreq()-Z",-0.073632510748913
"10428",28,"WALKING_UPSTAIRS","training data","fBodyAccJerk-meanFreq()-Z",-0.30720151845098
"10429",29,"STANDING","training data","fBodyAccJerk-meanFreq()-Z",0.148596745
"10430",29,"SITTING","training data","fBodyAccJerk-meanFreq()-Z",0.11719232372
"10431",29,"LAYING","training data","fBodyAccJerk-meanFreq()-Z",0.165235128105797
"10432",29,"WALKING","training data","fBodyAccJerk-meanFreq()-Z",0.00648587851509434
"10433",29,"WALKING_DOWNSTAIRS","training data","fBodyAccJerk-meanFreq()-Z",-0.135910897154167
"10434",29,"WALKING_UPSTAIRS","training data","fBodyAccJerk-meanFreq()-Z",-0.514054756122449
"10435",30,"STANDING","training data","fBodyAccJerk-meanFreq()-Z",-0.0606641528305085
"10436",30,"SITTING","training data","fBodyAccJerk-meanFreq()-Z",-0.021487476616129
"10437",30,"LAYING","training data","fBodyAccJerk-meanFreq()-Z",0.0650536847772571
"10438",30,"WALKING","training data","fBodyAccJerk-meanFreq()-Z",-0.201229692864615
"10439",30,"WALKING_DOWNSTAIRS","training data","fBodyAccJerk-meanFreq()-Z",-0.168340698203226
"10440",30,"WALKING_UPSTAIRS","training data","fBodyAccJerk-meanFreq()-Z",-0.626167597384615
"10441",2,"STANDING","test data","fBodyGyro-mean()-X",-0.967037112037037
"10442",2,"SITTING","test data","fBodyGyro-mean()-X",-0.982621389565217
"10443",2,"LAYING","test data","fBodyGyro-mean()-X",-0.9864311425
"10444",2,"WALKING","test data","fBodyGyro-mean()-X",-0.429713536101695
"10445",2,"WALKING_DOWNSTAIRS","test data","fBodyGyro-mean()-X",-0.145775970406383
"10446",2,"WALKING_UPSTAIRS","test data","fBodyGyro-mean()-X",-0.331643577458333
"10447",4,"STANDING","test data","fBodyGyro-mean()-X",-0.905464161964286
"10448",4,"SITTING","test data","fBodyGyro-mean()-X",-0.9605896358
"10449",4,"LAYING","test data","fBodyGyro-mean()-X",-0.967203736481482
"10450",4,"WALKING","test data","fBodyGyro-mean()-X",-0.373384540666667
"10451",4,"WALKING_DOWNSTAIRS","test data","fBodyGyro-mean()-X",-0.240298893435556
"10452",4,"WALKING_UPSTAIRS","test data","fBodyGyro-mean()-X",-0.3710689925
"10453",9,"STANDING","test data","fBodyGyro-mean()-X",-0.916974437555556
"10454",9,"SITTING","test data","fBodyGyro-mean()-X",-0.950315237
"10455",9,"LAYING","test data","fBodyGyro-mean()-X",-0.930297921
"10456",9,"WALKING","test data","fBodyGyro-mean()-X",-0.383676120961538
"10457",9,"WALKING_DOWNSTAIRS","test data","fBodyGyro-mean()-X",-0.325042890904762
"10458",9,"WALKING_UPSTAIRS","test data","fBodyGyro-mean()-X",-0.313941631326531
"10459",10,"STANDING","test data","fBodyGyro-mean()-X",-0.924005912954545
"10460",10,"SITTING","test data","fBodyGyro-mean()-X",-0.986477363333333
"10461",10,"LAYING","test data","fBodyGyro-mean()-X",-0.953793912068965
"10462",10,"WALKING","test data","fBodyGyro-mean()-X",-0.277913780754717
"10463",10,"WALKING_DOWNSTAIRS","test data","fBodyGyro-mean()-X",-0.214350280079211
"10464",10,"WALKING_UPSTAIRS","test data","fBodyGyro-mean()-X",-0.218524716912766
"10465",12,"STANDING","test data","fBodyGyro-mean()-X",-0.890292711147541
"10466",12,"SITTING","test data","fBodyGyro-mean()-X",-0.968528985294118
"10467",12,"LAYING","test data","fBodyGyro-mean()-X",-0.9566538865
"10468",12,"WALKING","test data","fBodyGyro-mean()-X",-0.4019759318
"10469",12,"WALKING_DOWNSTAIRS","test data","fBodyGyro-mean()-X",-0.178856167345652
"10470",12,"WALKING_UPSTAIRS","test data","fBodyGyro-mean()-X",-0.426360331538462
"10471",13,"STANDING","test data","fBodyGyro-mean()-X",-0.957154108421053
"10472",13,"SITTING","test data","fBodyGyro-mean()-X",-0.983218202857143
"10473",13,"LAYING","test data","fBodyGyro-mean()-X",-0.96946349
"10474",13,"WALKING","test data","fBodyGyro-mean()-X",-0.192856474047368
"10475",13,"WALKING_DOWNSTAIRS","test data","fBodyGyro-mean()-X",-0.319677124659574
"10476",13,"WALKING_UPSTAIRS","test data","fBodyGyro-mean()-X",-0.482113007636364
"10477",18,"STANDING","test data","fBodyGyro-mean()-X",-0.964428926438356
"10478",18,"SITTING","test data","fBodyGyro-mean()-X",-0.989961500350877
"10479",18,"LAYING","test data","fBodyGyro-mean()-X",-0.992436927692308
"10480",18,"WALKING","test data","fBodyGyro-mean()-X",-0.609673434464286
"10481",18,"WALKING_DOWNSTAIRS","test data","fBodyGyro-mean()-X",-0.489232274509091
"10482",18,"WALKING_UPSTAIRS","test data","fBodyGyro-mean()-X",-0.59232371
"10483",20,"STANDING","test data","fBodyGyro-mean()-X",-0.881019424794521
"10484",20,"SITTING","test data","fBodyGyro-mean()-X",-0.969913284393939
"10485",20,"LAYING","test data","fBodyGyro-mean()-X",-0.982619403529412
"10486",20,"WALKING","test data","fBodyGyro-mean()-X",-0.0936248686019608
"10487",20,"WALKING_DOWNSTAIRS","test data","fBodyGyro-mean()-X",-0.0629572600911111
"10488",20,"WALKING_UPSTAIRS","test data","fBodyGyro-mean()-X",-0.372684353921569
"10489",24,"STANDING","test data","fBodyGyro-mean()-X",-0.958540187246377
"10490",24,"SITTING","test data","fBodyGyro-mean()-X",-0.985676523823529
"10491",24,"LAYING","test data","fBodyGyro-mean()-X",-0.976570564027778
"10492",24,"WALKING","test data","fBodyGyro-mean()-X",-0.468295081206897
"10493",24,"WALKING_DOWNSTAIRS","test data","fBodyGyro-mean()-X",-0.272469211854545
"10494",24,"WALKING_UPSTAIRS","test data","fBodyGyro-mean()-X",-0.503188684915254
"10495",1,"STANDING","training data","fBodyGyro-mean()-X",-0.986386786037736
"10496",1,"SITTING","training data","fBodyGyro-mean()-X",-0.976161464042553
"10497",1,"LAYING","training data","fBodyGyro-mean()-X",-0.850249174586
"10498",1,"WALKING","training data","fBodyGyro-mean()-X",-0.339032197115789
"10499",1,"WALKING_DOWNSTAIRS","training data","fBodyGyro-mean()-X",-0.352449631363265
"10500",1,"WALKING_UPSTAIRS","training data","fBodyGyro-mean()-X",-0.492611667924528
"10501",3,"STANDING","training data","fBodyGyro-mean()-X",-0.901282267540984
"10502",3,"SITTING","training data","fBodyGyro-mean()-X",-0.957550637692308
"10503",3,"LAYING","training data","fBodyGyro-mean()-X",-0.970167262903226
"10504",3,"WALKING","training data","fBodyGyro-mean()-X",-0.437845763793103
"10505",3,"WALKING_DOWNSTAIRS","training data","fBodyGyro-mean()-X",-0.129066574295918
"10506",3,"WALKING_UPSTAIRS","training data","fBodyGyro-mean()-X",-0.378216681762712
"10507",5,"STANDING","training data","fBodyGyro-mean()-X",-0.909661802321429
"10508",5,"SITTING","training data","fBodyGyro-mean()-X",-0.957117251818182
"10509",5,"LAYING","training data","fBodyGyro-mean()-X",-0.975797491730769
"10510",5,"WALKING","training data","fBodyGyro-mean()-X",-0.372668749642857
"10511",5,"WALKING_DOWNSTAIRS","training data","fBodyGyro-mean()-X",-0.295345101425532
"10512",5,"WALKING_UPSTAIRS","training data","fBodyGyro-mean()-X",-0.263615096246809
"10513",6,"STANDING","training data","fBodyGyro-mean()-X",-0.931612384385965
"10514",6,"SITTING","training data","fBodyGyro-mean()-X",-0.939671400545455
"10515",6,"LAYING","training data","fBodyGyro-mean()-X",-0.935439769649123
"10516",6,"WALKING","training data","fBodyGyro-mean()-X",-0.239650710533333
"10517",6,"WALKING_DOWNSTAIRS","training data","fBodyGyro-mean()-X",0.0633716052854167
"10518",6,"WALKING_UPSTAIRS","training data","fBodyGyro-mean()-X",-0.115065008156863
"10519",7,"STANDING","training data","fBodyGyro-mean()-X",-0.938121637735849
"10520",7,"SITTING","training data","fBodyGyro-mean()-X",-0.9436317575
"10521",7,"LAYING","training data","fBodyGyro-mean()-X",-0.953684547692308
"10522",7,"WALKING","training data","fBodyGyro-mean()-X",-0.318395104666667
"10523",7,"WALKING_DOWNSTAIRS","training data","fBodyGyro-mean()-X",-0.33930147
"10524",7,"WALKING_UPSTAIRS","training data","fBodyGyro-mean()-X",-0.383889342745098
"10525",8,"STANDING","training data","fBodyGyro-mean()-X",-0.969677435925926
"10526",8,"SITTING","training data","fBodyGyro-mean()-X",-0.982200309782609
"10527",8,"LAYING","training data","fBodyGyro-mean()-X",-0.957903886111111
"10528",8,"WALKING","training data","fBodyGyro-mean()-X",-0.102063053808333
"10529",8,"WALKING_DOWNSTAIRS","training data","fBodyGyro-mean()-X",-0.130740445236842
"10530",8,"WALKING_UPSTAIRS","training data","fBodyGyro-mean()-X",-0.240260761682927
"10531",11,"STANDING","training data","fBodyGyro-mean()-X",-0.978301717234043
"10532",11,"SITTING","training data","fBodyGyro-mean()-X",-0.985106875471698
"10533",11,"LAYING","training data","fBodyGyro-mean()-X",-0.97618747122807
"10534",11,"WALKING","training data","fBodyGyro-mean()-X",-0.514753307627119
"10535",11,"WALKING_DOWNSTAIRS","training data","fBodyGyro-mean()-X",-0.318777012804348
"10536",11,"WALKING_UPSTAIRS","training data","fBodyGyro-mean()-X",-0.471782782222222
"10537",14,"STANDING","training data","fBodyGyro-mean()-X",-0.957111767
"10538",14,"SITTING","training data","fBodyGyro-mean()-X",-0.978577117592593
"10539",14,"LAYING","training data","fBodyGyro-mean()-X",-0.949959040588235
"10540",14,"WALKING","training data","fBodyGyro-mean()-X",-0.508595851864407
"10541",14,"WALKING_DOWNSTAIRS","training data","fBodyGyro-mean()-X",-0.295315541666667
"10542",14,"WALKING_UPSTAIRS","training data","fBodyGyro-mean()-X",-0.441048358648148
"10543",15,"STANDING","training data","fBodyGyro-mean()-X",-0.950380286226415
"10544",15,"SITTING","training data","fBodyGyro-mean()-X",-0.986152580338983
"10545",15,"LAYING","training data","fBodyGyro-mean()-X",-0.955413596111111
"10546",15,"WALKING","training data","fBodyGyro-mean()-X",-0.253399360296296
"10547",15,"WALKING_DOWNSTAIRS","training data","fBodyGyro-mean()-X",-0.22735956545
"10548",15,"WALKING_UPSTAIRS","training data","fBodyGyro-mean()-X",-0.361096856875
"10549",16,"STANDING","training data","fBodyGyro-mean()-X",-0.973157351666667
"10550",16,"SITTING","training data","fBodyGyro-mean()-X",-0.978632856956522
"10551",16,"LAYING","training data","fBodyGyro-mean()-X",-0.975892407428571
"10552",16,"WALKING","training data","fBodyGyro-mean()-X",-0.59574648627451
"10553",16,"WALKING_DOWNSTAIRS","training data","fBodyGyro-mean()-X",-0.420844008625532
"10554",16,"WALKING_UPSTAIRS","training data","fBodyGyro-mean()-X",-0.53239971627451
"10555",17,"STANDING","training data","fBodyGyro-mean()-X",-0.980696264102564
"10556",17,"SITTING","training data","fBodyGyro-mean()-X",-0.98841106765625
"10557",17,"LAYING","training data","fBodyGyro-mean()-X",-0.971949211126761
"10558",17,"WALKING","training data","fBodyGyro-mean()-X",-0.40771670852459
"10559",17,"WALKING_DOWNSTAIRS","training data","fBodyGyro-mean()-X",-0.316412962967391
"10560",17,"WALKING_UPSTAIRS","training data","fBodyGyro-mean()-X",-0.416223018291667
"10561",19,"STANDING","training data","fBodyGyro-mean()-X",-0.947865639178082
"10562",19,"SITTING","training data","fBodyGyro-mean()-X",-0.981743664931507
"10563",19,"LAYING","training data","fBodyGyro-mean()-X",-0.974196217590361
"10564",19,"WALKING","training data","fBodyGyro-mean()-X",0.228142361865385
"10565",19,"WALKING_DOWNSTAIRS","training data","fBodyGyro-mean()-X",0.474962448333333
"10566",19,"WALKING_UPSTAIRS","training data","fBodyGyro-mean()-X",-0.194485509535
"10567",21,"STANDING","training data","fBodyGyro-mean()-X",-0.956989964269663
"10568",21,"SITTING","training data","fBodyGyro-mean()-X",-0.984893559764706
"10569",21,"LAYING","training data","fBodyGyro-mean()-X",-0.973410473
"10570",21,"WALKING","training data","fBodyGyro-mean()-X",-0.246657382884615
"10571",21,"WALKING_DOWNSTAIRS","training data","fBodyGyro-mean()-X",-0.366748752888889
"10572",21,"WALKING_UPSTAIRS","training data","fBodyGyro-mean()-X",-0.446974007021277
"10573",22,"STANDING","training data","fBodyGyro-mean()-X",-0.917018098571429
"10574",22,"SITTING","training data","fBodyGyro-mean()-X",-0.977266731129032
"10575",22,"LAYING","training data","fBodyGyro-mean()-X",-0.95336692
"10576",22,"WALKING","training data","fBodyGyro-mean()-X",-0.144648652152174
"10577",22,"WALKING_DOWNSTAIRS","training data","fBodyGyro-mean()-X",-0.0954349339722222
"10578",22,"WALKING_UPSTAIRS","training data","fBodyGyro-mean()-X",-0.19545699252381
"10579",23,"STANDING","training data","fBodyGyro-mean()-X",-0.947510436323529
"10580",23,"SITTING","training data","fBodyGyro-mean()-X",-0.977149986617647
"10581",23,"LAYING","training data","fBodyGyro-mean()-X",-0.979676078055556
"10582",23,"WALKING","training data","fBodyGyro-mean()-X",-0.337619203050847
"10583",23,"WALKING_DOWNSTAIRS","training data","fBodyGyro-mean()-X",-0.214730713222222
"10584",23,"WALKING_UPSTAIRS","training data","fBodyGyro-mean()-X",-0.430239229235294
"10585",25,"STANDING","training data","fBodyGyro-mean()-X",-0.96807852527027
"10586",25,"SITTING","training data","fBodyGyro-mean()-X",-0.988002552461538
"10587",25,"LAYING","training data","fBodyGyro-mean()-X",-0.890517539315068
"10588",25,"WALKING","training data","fBodyGyro-mean()-X",-0.411909719594595
"10589",25,"WALKING_DOWNSTAIRS","training data","fBodyGyro-mean()-X",-0.217799723931034
"10590",25,"WALKING_UPSTAIRS","training data","fBodyGyro-mean()-X",-0.476144998846154
"10591",26,"STANDING","training data","fBodyGyro-mean()-X",-0.969364268513514
"10592",26,"SITTING","training data","fBodyGyro-mean()-X",-0.990144882307692
"10593",26,"LAYING","training data","fBodyGyro-mean()-X",-0.988386324868421
"10594",26,"WALKING","training data","fBodyGyro-mean()-X",-0.368112905762712
"10595",26,"WALKING_DOWNSTAIRS","training data","fBodyGyro-mean()-X",-0.12591815458
"10596",26,"WALKING_UPSTAIRS","training data","fBodyGyro-mean()-X",-0.427686570727273
"10597",27,"STANDING","training data","fBodyGyro-mean()-X",-0.970149628875
"10598",27,"SITTING","training data","fBodyGyro-mean()-X",-0.987207904714286
"10599",27,"LAYING","training data","fBodyGyro-mean()-X",-0.987028539054054
"10600",27,"WALKING","training data","fBodyGyro-mean()-X",-0.498017935263158
"10601",27,"WALKING_DOWNSTAIRS","training data","fBodyGyro-mean()-X",-0.2966286115
"10602",27,"WALKING_UPSTAIRS","training data","fBodyGyro-mean()-X",-0.544369229411765
"10603",28,"STANDING","training data","fBodyGyro-mean()-X",-0.880426103164557
"10604",28,"SITTING","training data","fBodyGyro-mean()-X",-0.973724326388889
"10605",28,"LAYING","training data","fBodyGyro-mean()-X",-0.946804234625
"10606",28,"WALKING","training data","fBodyGyro-mean()-X",-0.374681071666667
"10607",28,"WALKING_DOWNSTAIRS","training data","fBodyGyro-mean()-X",-0.0299969963043478
"10608",28,"WALKING_UPSTAIRS","training data","fBodyGyro-mean()-X",-0.403636283921569
"10609",29,"STANDING","training data","fBodyGyro-mean()-X",-0.974485449538462
"10610",29,"SITTING","training data","fBodyGyro-mean()-X",-0.988393569
"10611",29,"LAYING","training data","fBodyGyro-mean()-X",-0.99312260884058
"10612",29,"WALKING","training data","fBodyGyro-mean()-X",-0.431490048490566
"10613",29,"WALKING_DOWNSTAIRS","training data","fBodyGyro-mean()-X",-0.18941800145
"10614",29,"WALKING_UPSTAIRS","training data","fBodyGyro-mean()-X",-0.260519290404082
"10615",30,"STANDING","training data","fBodyGyro-mean()-X",-0.915742855084746
"10616",30,"SITTING","training data","fBodyGyro-mean()-X",-0.987034626451613
"10617",30,"LAYING","training data","fBodyGyro-mean()-X",-0.971789052714286
"10618",30,"WALKING","training data","fBodyGyro-mean()-X",-0.374440300461538
"10619",30,"WALKING_DOWNSTAIRS","training data","fBodyGyro-mean()-X",-0.263061628069355
"10620",30,"WALKING_UPSTAIRS","training data","fBodyGyro-mean()-X",-0.488039003123077
"10621",2,"STANDING","test data","fBodyGyro-mean()-Y",-0.972576152962963
"10622",2,"SITTING","test data","fBodyGyro-mean()-Y",-0.982100923695652
"10623",2,"LAYING","test data","fBodyGyro-mean()-Y",-0.983321635416667
"10624",2,"WALKING","test data","fBodyGyro-mean()-Y",-0.55477211220339
"10625",2,"WALKING_DOWNSTAIRS","test data","fBodyGyro-mean()-Y",-0.361913824
"10626",2,"WALKING_UPSTAIRS","test data","fBodyGyro-mean()-Y",-0.488086123958333
"10627",4,"STANDING","test data","fBodyGyro-mean()-Y",-0.955992945178571
"10628",4,"SITTING","test data","fBodyGyro-mean()-Y",-0.9675836478
"10629",4,"LAYING","test data","fBodyGyro-mean()-Y",-0.972187839074074
"10630",4,"WALKING","test data","fBodyGyro-mean()-Y",-0.688460056666667
"10631",4,"WALKING_DOWNSTAIRS","test data","fBodyGyro-mean()-Y",-0.717545840444444
"10632",4,"WALKING_UPSTAIRS","test data","fBodyGyro-mean()-Y",-0.684310201538462
"10633",9,"STANDING","test data","fBodyGyro-mean()-Y",-0.954514301555556
"10634",9,"SITTING","test data","fBodyGyro-mean()-Y",-0.9396930078
"10635",9,"LAYING","test data","fBodyGyro-mean()-Y",-0.9345796594
"10636",9,"WALKING","test data","fBodyGyro-mean()-Y",-0.436905860576923
"10637",9,"WALKING_DOWNSTAIRS","test data","fBodyGyro-mean()-Y",-0.312512195452381
"10638",9,"WALKING_UPSTAIRS","test data","fBodyGyro-mean()-Y",-0.499159202857143
"10639",10,"STANDING","test data","fBodyGyro-mean()-Y",-0.960323800909091
"10640",10,"SITTING","test data","fBodyGyro-mean()-Y",-0.986179215555556
"10641",10,"LAYING","test data","fBodyGyro-mean()-Y",-0.954670034482759
"10642",10,"WALKING","test data","fBodyGyro-mean()-Y",-0.345209034528302
"10643",10,"WALKING_DOWNSTAIRS","test data","fBodyGyro-mean()-Y",-0.272495710342105
"10644",10,"WALKING_UPSTAIRS","test data","fBodyGyro-mean()-Y",-0.235858986212766
"10645",12,"STANDING","test data","fBodyGyro-mean()-Y",-0.948251856721312
"10646",12,"SITTING","test data","fBodyGyro-mean()-Y",-0.963725248823529
"10647",12,"LAYING","test data","fBodyGyro-mean()-Y",-0.95256172
"10648",12,"WALKING","test data","fBodyGyro-mean()-Y",-0.4678863378
"10649",12,"WALKING_DOWNSTAIRS","test data","fBodyGyro-mean()-Y",-0.420631474130435
"10650",12,"WALKING_UPSTAIRS","test data","fBodyGyro-mean()-Y",-0.604711316153846
"10651",13,"STANDING","test data","fBodyGyro-mean()-Y",-0.97291308
"10652",13,"SITTING","test data","fBodyGyro-mean()-Y",-0.982456053877551
"10653",13,"LAYING","test data","fBodyGyro-mean()-Y",-0.968689729193548
"10654",13,"WALKING","test data","fBodyGyro-mean()-Y",-0.256213554508772
"10655",13,"WALKING_DOWNSTAIRS","test data","fBodyGyro-mean()-Y",-0.133828886725532
"10656",13,"WALKING_UPSTAIRS","test data","fBodyGyro-mean()-Y",-0.492176104727273
"10657",18,"STANDING","test data","fBodyGyro-mean()-Y",-0.983561159726027
"10658",18,"SITTING","test data","fBodyGyro-mean()-Y",-0.988702701403509
"10659",18,"LAYING","test data","fBodyGyro-mean()-Y",-0.985611171384615
"10660",18,"WALKING","test data","fBodyGyro-mean()-Y",-0.570898150714286
"10661",18,"WALKING_DOWNSTAIRS","test data","fBodyGyro-mean()-Y",-0.641527595090909
"10662",18,"WALKING_UPSTAIRS","test data","fBodyGyro-mean()-Y",-0.649817266551724
"10663",20,"STANDING","test data","fBodyGyro-mean()-Y",-0.91064914109589
"10664",20,"SITTING","test data","fBodyGyro-mean()-Y",-0.964643068787879
"10665",20,"LAYING","test data","fBodyGyro-mean()-Y",-0.973120029558823
"10666",20,"WALKING","test data","fBodyGyro-mean()-Y",0.0310145965868627
"10667",20,"WALKING_DOWNSTAIRS","test data","fBodyGyro-mean()-Y",-0.138097945555556
"10668",20,"WALKING_UPSTAIRS","test data","fBodyGyro-mean()-Y",-0.162341385629412
"10669",24,"STANDING","test data","fBodyGyro-mean()-Y",-0.970426493768116
"10670",24,"SITTING","test data","fBodyGyro-mean()-Y",-0.981200181176471
"10671",24,"LAYING","test data","fBodyGyro-mean()-Y",-0.966111980277778
"10672",24,"WALKING","test data","fBodyGyro-mean()-Y",-0.479841432931034
"10673",24,"WALKING_DOWNSTAIRS","test data","fBodyGyro-mean()-Y",-0.433475431818182
"10674",24,"WALKING_UPSTAIRS","test data","fBodyGyro-mean()-Y",-0.546620981186441
"10675",1,"STANDING","training data","fBodyGyro-mean()-Y",-0.988984455849057
"10676",1,"SITTING","training data","fBodyGyro-mean()-Y",-0.975838585319149
"10677",1,"LAYING","training data","fBodyGyro-mean()-Y",-0.9521914948
"10678",1,"WALKING","training data","fBodyGyro-mean()-Y",-0.103059416434737
"10679",1,"WALKING_DOWNSTAIRS","training data","fBodyGyro-mean()-Y",-0.0557022524693878
"10680",1,"WALKING_UPSTAIRS","training data","fBodyGyro-mean()-Y",-0.319474609056604
"10681",3,"STANDING","training data","fBodyGyro-mean()-Y",-0.937711157213115
"10682",3,"SITTING","training data","fBodyGyro-mean()-Y",-0.95617355
"10683",3,"LAYING","training data","fBodyGyro-mean()-Y",-0.978099682258065
"10684",3,"WALKING","training data","fBodyGyro-mean()-Y",-0.561526265344828
"10685",3,"WALKING_DOWNSTAIRS","training data","fBodyGyro-mean()-Y",-0.542694164081633
"10686",3,"WALKING_UPSTAIRS","training data","fBodyGyro-mean()-Y",-0.637293508305085
"10687",5,"STANDING","training data","fBodyGyro-mean()-Y",-0.939373524464286
"10688",5,"SITTING","training data","fBodyGyro-mean()-Y",-0.955460359318182
"10689",5,"LAYING","training data","fBodyGyro-mean()-Y",-0.978249645769231
"10690",5,"WALKING","training data","fBodyGyro-mean()-Y",-0.513951718392857
"10691",5,"WALKING_DOWNSTAIRS","training data","fBodyGyro-mean()-Y",-0.382483075106383
"10692",5,"WALKING_UPSTAIRS","training data","fBodyGyro-mean()-Y",-0.516609046808511
"10693",6,"STANDING","training data","fBodyGyro-mean()-Y",-0.943273146140351
"10694",6,"SITTING","training data","fBodyGyro-mean()-Y",-0.943857393090909
"10695",6,"LAYING","training data","fBodyGyro-mean()-Y",-0.941771544385965
"10696",6,"WALKING","training data","fBodyGyro-mean()-Y",-0.341378429473684
"10697",6,"WALKING_DOWNSTAIRS","training data","fBodyGyro-mean()-Y",-0.130327465789583
"10698",6,"WALKING_UPSTAIRS","training data","fBodyGyro-mean()-Y",-0.329653779629412
"10699",7,"STANDING","training data","fBodyGyro-mean()-Y",-0.957548671320755
"10700",7,"SITTING","training data","fBodyGyro-mean()-Y",-0.956678065
"10701",7,"LAYING","training data","fBodyGyro-mean()-Y",-0.957570207692308
"10702",7,"WALKING","training data","fBodyGyro-mean()-Y",-0.151966687436842
"10703",7,"WALKING_DOWNSTAIRS","training data","fBodyGyro-mean()-Y",-0.21444307293617
"10704",7,"WALKING_UPSTAIRS","training data","fBodyGyro-mean()-Y",-0.567920266470588
"10705",8,"STANDING","training data","fBodyGyro-mean()-Y",-0.972595487037037
"10706",8,"SITTING","training data","fBodyGyro-mean()-Y",-0.97658989
"10707",8,"LAYING","training data","fBodyGyro-mean()-Y",-0.957411160185185
"10708",8,"WALKING","training data","fBodyGyro-mean()-Y",-0.259729692333333
"10709",8,"WALKING_DOWNSTAIRS","training data","fBodyGyro-mean()-Y",0.116090879026316
"10710",8,"WALKING_UPSTAIRS","training data","fBodyGyro-mean()-Y",-0.113162144460976
"10711",11,"STANDING","training data","fBodyGyro-mean()-Y",-0.994025488297872
"10712",11,"SITTING","training data","fBodyGyro-mean()-Y",-0.98263664490566
"10713",11,"LAYING","training data","fBodyGyro-mean()-Y",-0.982640271929825
"10714",11,"WALKING","training data","fBodyGyro-mean()-Y",-0.593107398474576
"10715",11,"WALKING_DOWNSTAIRS","training data","fBodyGyro-mean()-Y",-0.528254524130435
"10716",11,"WALKING_UPSTAIRS","training data","fBodyGyro-mean()-Y",-0.581167154444444
"10717",14,"STANDING","training data","fBodyGyro-mean()-Y",-0.9508361945
"10718",14,"SITTING","training data","fBodyGyro-mean()-Y",-0.969806729814815
"10719",14,"LAYING","training data","fBodyGyro-mean()-Y",-0.938087898235294
"10720",14,"WALKING","training data","fBodyGyro-mean()-Y",-0.215894949525424
"10721",14,"WALKING_DOWNSTAIRS","training data","fBodyGyro-mean()-Y",0.0132082347333333
"10722",14,"WALKING_UPSTAIRS","training data","fBodyGyro-mean()-Y",0.118687692187963
"10723",15,"STANDING","training data","fBodyGyro-mean()-Y",-0.975133868867925
"10724",15,"SITTING","training data","fBodyGyro-mean()-Y",-0.979201724745763
"10725",15,"LAYING","training data","fBodyGyro-mean()-Y",-0.964310893611111
"10726",15,"WALKING","training data","fBodyGyro-mean()-Y",-0.535422096111111
"10727",15,"WALKING_DOWNSTAIRS","training data","fBodyGyro-mean()-Y",-0.402332301666667
"10728",15,"WALKING_UPSTAIRS","training data","fBodyGyro-mean()-Y",-0.517025245833333
"10729",16,"STANDING","training data","fBodyGyro-mean()-Y",-0.983594244615385
"10730",16,"SITTING","training data","fBodyGyro-mean()-Y",-0.96679600173913
"10731",16,"LAYING","training data","fBodyGyro-mean()-Y",-0.976092920571429
"10732",16,"WALKING","training data","fBodyGyro-mean()-Y",-0.619731930392157
"10733",16,"WALKING_DOWNSTAIRS","training data","fBodyGyro-mean()-Y",-0.479512983617021
"10734",16,"WALKING_UPSTAIRS","training data","fBodyGyro-mean()-Y",-0.642018064117647
"10735",17,"STANDING","training data","fBodyGyro-mean()-Y",-0.987334041282051
"10736",17,"SITTING","training data","fBodyGyro-mean()-Y",-0.98879397953125
"10737",17,"LAYING","training data","fBodyGyro-mean()-Y",-0.973669098591549
"10738",17,"WALKING","training data","fBodyGyro-mean()-Y",-0.490166286557377
"10739",17,"WALKING_DOWNSTAIRS","training data","fBodyGyro-mean()-Y",-0.451126869347826
"10740",17,"WALKING_UPSTAIRS","training data","fBodyGyro-mean()-Y",-0.521435415208333
"10741",19,"STANDING","training data","fBodyGyro-mean()-Y",-0.975061671643836
"10742",19,"SITTING","training data","fBodyGyro-mean()-Y",-0.968188675753425
"10743",19,"LAYING","training data","fBodyGyro-mean()-Y",-0.972061003493976
"10744",19,"WALKING","training data","fBodyGyro-mean()-Y",-0.0973549846596154
"10745",19,"WALKING_DOWNSTAIRS","training data","fBodyGyro-mean()-Y",0.147083143564103
"10746",19,"WALKING_UPSTAIRS","training data","fBodyGyro-mean()-Y",-0.2254218170275
"10747",21,"STANDING","training data","fBodyGyro-mean()-Y",-0.960082591123596
"10748",21,"SITTING","training data","fBodyGyro-mean()-Y",-0.979830938
"10749",21,"LAYING","training data","fBodyGyro-mean()-Y",-0.964968005222222
"10750",21,"WALKING","training data","fBodyGyro-mean()-Y",-0.371744086730769
"10751",21,"WALKING_DOWNSTAIRS","training data","fBodyGyro-mean()-Y",-0.308879866288889
"10752",21,"WALKING_UPSTAIRS","training data","fBodyGyro-mean()-Y",-0.446691581702128
"10753",22,"STANDING","training data","fBodyGyro-mean()-Y",-0.97068244031746
"10754",22,"SITTING","training data","fBodyGyro-mean()-Y",-0.959161754193548
"10755",22,"LAYING","training data","fBodyGyro-mean()-Y",-0.964698258611111
"10756",22,"WALKING","training data","fBodyGyro-mean()-Y",-0.501176901956522
"10757",22,"WALKING_DOWNSTAIRS","training data","fBodyGyro-mean()-Y",-0.525006840277778
"10758",22,"WALKING_UPSTAIRS","training data","fBodyGyro-mean()-Y",-0.523943751666667
"10759",23,"STANDING","training data","fBodyGyro-mean()-Y",-0.952781164558824
"10760",23,"SITTING","training data","fBodyGyro-mean()-Y",-0.957920288823529
"10761",23,"LAYING","training data","fBodyGyro-mean()-Y",-0.96846913625
"10762",23,"WALKING","training data","fBodyGyro-mean()-Y",0.195569461920339
"10763",23,"WALKING_DOWNSTAIRS","training data","fBodyGyro-mean()-Y",0.328817010088889
"10764",23,"WALKING_UPSTAIRS","training data","fBodyGyro-mean()-Y",-0.290447408901961
"10765",25,"STANDING","training data","fBodyGyro-mean()-Y",-0.97839988527027
"10766",25,"SITTING","training data","fBodyGyro-mean()-Y",-0.983827801076923
"10767",25,"LAYING","training data","fBodyGyro-mean()-Y",-0.946259639315069
"10768",25,"WALKING","training data","fBodyGyro-mean()-Y",-0.678750350135135
"10769",25,"WALKING_DOWNSTAIRS","training data","fBodyGyro-mean()-Y",-0.632916352241379
"10770",25,"WALKING_UPSTAIRS","training data","fBodyGyro-mean()-Y",-0.618579913384615
"10771",26,"STANDING","training data","fBodyGyro-mean()-Y",-0.98388591027027
"10772",26,"SITTING","training data","fBodyGyro-mean()-Y",-0.981740793333333
"10773",26,"LAYING","training data","fBodyGyro-mean()-Y",-0.983127999342105
"10774",26,"WALKING","training data","fBodyGyro-mean()-Y",-0.56182776559322
"10775",26,"WALKING_DOWNSTAIRS","training data","fBodyGyro-mean()-Y",-0.44312621
"10776",26,"WALKING_UPSTAIRS","training data","fBodyGyro-mean()-Y",-0.617112539636364
"10777",27,"STANDING","training data","fBodyGyro-mean()-Y",-0.983731873
"10778",27,"SITTING","training data","fBodyGyro-mean()-Y",-0.984141119142857
"10779",27,"LAYING","training data","fBodyGyro-mean()-Y",-0.986795837297297
"10780",27,"WALKING","training data","fBodyGyro-mean()-Y",-0.534724231403509
"10781",27,"WALKING_DOWNSTAIRS","training data","fBodyGyro-mean()-Y",-0.402132810611364
"10782",27,"WALKING_UPSTAIRS","training data","fBodyGyro-mean()-Y",-0.594092579607843
"10783",28,"STANDING","training data","fBodyGyro-mean()-Y",-0.948160785316456
"10784",28,"SITTING","training data","fBodyGyro-mean()-Y",-0.963117633611111
"10785",28,"LAYING","training data","fBodyGyro-mean()-Y",-0.9658244555
"10786",28,"WALKING","training data","fBodyGyro-mean()-Y",-0.50468173962963
"10787",28,"WALKING_DOWNSTAIRS","training data","fBodyGyro-mean()-Y",-0.217100157608696
"10788",28,"WALKING_UPSTAIRS","training data","fBodyGyro-mean()-Y",-0.522066500784314
"10789",29,"STANDING","training data","fBodyGyro-mean()-Y",-0.991586674
"10790",29,"SITTING","training data","fBodyGyro-mean()-Y",-0.990329245333333
"10791",29,"LAYING","training data","fBodyGyro-mean()-Y",-0.993696336521739
"10792",29,"WALKING","training data","fBodyGyro-mean()-Y",-0.362232316226415
"10793",29,"WALKING_DOWNSTAIRS","training data","fBodyGyro-mean()-Y",-0.463125032083333
"10794",29,"WALKING_UPSTAIRS","training data","fBodyGyro-mean()-Y",-0.39404534122449
"10795",30,"STANDING","training data","fBodyGyro-mean()-Y",-0.945628836949153
"10796",30,"SITTING","training data","fBodyGyro-mean()-Y",-0.982005883387097
"10797",30,"LAYING","training data","fBodyGyro-mean()-Y",-0.968170332428571
"10798",30,"WALKING","training data","fBodyGyro-mean()-Y",-0.175900924040154
"10799",30,"WALKING_DOWNSTAIRS","training data","fBodyGyro-mean()-Y",-0.348065119677419
"10800",30,"WALKING_UPSTAIRS","training data","fBodyGyro-mean()-Y",-0.366058433230769
"10801",2,"STANDING","test data","fBodyGyro-mean()-Z",-0.960627696111111
"10802",2,"SITTING","test data","fBodyGyro-mean()-Z",-0.959814822391304
"10803",2,"LAYING","test data","fBodyGyro-mean()-Z",-0.9626718875
"10804",2,"WALKING","test data","fBodyGyro-mean()-Z",-0.396659907457627
"10805",2,"WALKING_DOWNSTAIRS","test data","fBodyGyro-mean()-Z",-0.0874944736085106
"10806",2,"WALKING_UPSTAIRS","test data","fBodyGyro-mean()-Z",-0.248601122
"10807",4,"STANDING","test data","fBodyGyro-mean()-Z",-0.915280955357143
"10808",4,"SITTING","test data","fBodyGyro-mean()-Z",-0.9337768922
"10809",4,"LAYING","test data","fBodyGyro-mean()-Z",-0.961479262592593
"10810",4,"WALKING","test data","fBodyGyro-mean()-Z",-0.601381129166667
"10811",4,"WALKING_DOWNSTAIRS","test data","fBodyGyro-mean()-Z",-0.318306481022222
"10812",4,"WALKING_UPSTAIRS","test data","fBodyGyro-mean()-Z",-0.350765737115385
"10813",9,"STANDING","test data","fBodyGyro-mean()-Z",-0.941510336
"10814",9,"SITTING","test data","fBodyGyro-mean()-Z",-0.940312313
"10815",9,"LAYING","test data","fBodyGyro-mean()-Z",-0.9598150092
"10816",9,"WALKING","test data","fBodyGyro-mean()-Z",-0.240222512134615
"10817",9,"WALKING_DOWNSTAIRS","test data","fBodyGyro-mean()-Z",-0.250686586719048
"10818",9,"WALKING_UPSTAIRS","test data","fBodyGyro-mean()-Z",-0.327698671183673
"10819",10,"STANDING","test data","fBodyGyro-mean()-Z",-0.950915730909091
"10820",10,"SITTING","test data","fBodyGyro-mean()-Z",-0.96539546962963
"10821",10,"LAYING","test data","fBodyGyro-mean()-Z",-0.969755777241379
"10822",10,"WALKING","test data","fBodyGyro-mean()-Z",-0.108530029881132
"10823",10,"WALKING_DOWNSTAIRS","test data","fBodyGyro-mean()-Z",0.0391366814342105
"10824",10,"WALKING_UPSTAIRS","test data","fBodyGyro-mean()-Z",-0.262763367170213
"10825",12,"STANDING","test data","fBodyGyro-mean()-Z",-0.95260195295082
"10826",12,"SITTING","test data","fBodyGyro-mean()-Z",-0.955718183921569
"10827",12,"LAYING","test data","fBodyGyro-mean()-Z",-0.9456732415
"10828",12,"WALKING","test data","fBodyGyro-mean()-Z",-0.31728248436
"10829",12,"WALKING_DOWNSTAIRS","test data","fBodyGyro-mean()-Z",-0.212767364326087
"10830",12,"WALKING_UPSTAIRS","test data","fBodyGyro-mean()-Z",-0.406080936346154
"10831",13,"STANDING","test data","fBodyGyro-mean()-Z",-0.974394378070175
"10832",13,"SITTING","test data","fBodyGyro-mean()-Z",-0.968384415510204
"10833",13,"LAYING","test data","fBodyGyro-mean()-Z",-0.969126880322581
"10834",13,"WALKING","test data","fBodyGyro-mean()-Z",-0.276607954736842
"10835",13,"WALKING_DOWNSTAIRS","test data","fBodyGyro-mean()-Z",-0.212906662531915
"10836",13,"WALKING_UPSTAIRS","test data","fBodyGyro-mean()-Z",-0.255338945927273
"10837",18,"STANDING","test data","fBodyGyro-mean()-Z",-0.974294413013699
"10838",18,"SITTING","test data","fBodyGyro-mean()-Z",-0.983027386491228
"10839",18,"LAYING","test data","fBodyGyro-mean()-Z",-0.984999291538462
"10840",18,"WALKING","test data","fBodyGyro-mean()-Z",-0.538152344821429
"10841",18,"WALKING_DOWNSTAIRS","test data","fBodyGyro-mean()-Z",-0.447030699454545
"10842",18,"WALKING_UPSTAIRS","test data","fBodyGyro-mean()-Z",-0.504364096896552
"10843",20,"STANDING","test data","fBodyGyro-mean()-Z",-0.911409911643836
"10844",20,"SITTING","test data","fBodyGyro-mean()-Z",-0.950963363939394
"10845",20,"LAYING","test data","fBodyGyro-mean()-Z",-0.972278603529412
"10846",20,"WALKING","test data","fBodyGyro-mean()-Z",-0.108892495684314
"10847",20,"WALKING_DOWNSTAIRS","test data","fBodyGyro-mean()-Z",0.257037841093333
"10848",20,"WALKING_UPSTAIRS","test data","fBodyGyro-mean()-Z",0.115076640798039
"10849",24,"STANDING","test data","fBodyGyro-mean()-Z",-0.970133388405797
"10850",24,"SITTING","test data","fBodyGyro-mean()-Z",-0.974686891029412
"10851",24,"LAYING","test data","fBodyGyro-mean()-Z",-0.981093036111111
"10852",24,"WALKING","test data","fBodyGyro-mean()-Z",-0.39144792137931
"10853",24,"WALKING_DOWNSTAIRS","test data","fBodyGyro-mean()-Z",-0.396286646363636
"10854",24,"WALKING_UPSTAIRS","test data","fBodyGyro-mean()-Z",-0.372182912033898
"10855",1,"STANDING","training data","fBodyGyro-mean()-Z",-0.980773122830189
"10856",1,"SITTING","training data","fBodyGyro-mean()-Z",-0.951315544468085
"10857",1,"LAYING","training data","fBodyGyro-mean()-Z",-0.909302721
"10858",1,"WALKING","training data","fBodyGyro-mean()-Z",-0.255940940315789
"10859",1,"WALKING_DOWNSTAIRS","training data","fBodyGyro-mean()-Z",-0.0318694271979592
"10860",1,"WALKING_UPSTAIRS","training data","fBodyGyro-mean()-Z",-0.453597213018868
"10861",3,"STANDING","training data","fBodyGyro-mean()-Z",-0.916172537704918
"10862",3,"SITTING","training data","fBodyGyro-mean()-Z",-0.934967958846154
"10863",3,"LAYING","training data","fBodyGyro-mean()-Z",-0.962341960806452
"10864",3,"WALKING","training data","fBodyGyro-mean()-Z",-0.418126217413793
"10865",3,"WALKING_DOWNSTAIRS","training data","fBodyGyro-mean()-Z",-0.302866461179592
"10866",3,"WALKING_UPSTAIRS","training data","fBodyGyro-mean()-Z",-0.431503361525424
"10867",5,"STANDING","training data","fBodyGyro-mean()-Z",-0.907190836607143
"10868",5,"SITTING","training data","fBodyGyro-mean()-Z",-0.938003425909091
"10869",5,"LAYING","training data","fBodyGyro-mean()-Z",-0.963202948461538
"10870",5,"WALKING","training data","fBodyGyro-mean()-Z",-0.213127031035714
"10871",5,"WALKING_DOWNSTAIRS","training data","fBodyGyro-mean()-Z",-0.034175027916383
"10872",5,"WALKING_UPSTAIRS","training data","fBodyGyro-mean()-Z",-0.139801393244681
"10873",6,"STANDING","training data","fBodyGyro-mean()-Z",-0.943239602105263
"10874",6,"SITTING","training data","fBodyGyro-mean()-Z",-0.934764895454545
"10875",6,"LAYING","training data","fBodyGyro-mean()-Z",-0.932636612807018
"10876",6,"WALKING","training data","fBodyGyro-mean()-Z",-0.203575458733333
"10877",6,"WALKING_DOWNSTAIRS","training data","fBodyGyro-mean()-Z",0.15284524938125
"10878",6,"WALKING_UPSTAIRS","training data","fBodyGyro-mean()-Z",-0.0464142110215686
"10879",7,"STANDING","training data","fBodyGyro-mean()-Z",-0.957165056226415
"10880",7,"SITTING","training data","fBodyGyro-mean()-Z",-0.9474199325
"10881",7,"LAYING","training data","fBodyGyro-mean()-Z",-0.956905310961538
"10882",7,"WALKING","training data","fBodyGyro-mean()-Z",-0.366733617894737
"10883",7,"WALKING_DOWNSTAIRS","training data","fBodyGyro-mean()-Z",-0.299600267680851
"10884",7,"WALKING_UPSTAIRS","training data","fBodyGyro-mean()-Z",-0.408150266666667
"10885",8,"STANDING","training data","fBodyGyro-mean()-Z",-0.975512276666667
"10886",8,"SITTING","training data","fBodyGyro-mean()-Z",-0.961798676956522
"10887",8,"LAYING","training data","fBodyGyro-mean()-Z",-0.967461239074074
"10888",8,"WALKING","training data","fBodyGyro-mean()-Z",-0.132902199479167
"10889",8,"WALKING_DOWNSTAIRS","training data","fBodyGyro-mean()-Z",0.0277498065176316
"10890",8,"WALKING_UPSTAIRS","training data","fBodyGyro-mean()-Z",0.16597418695122
"10891",11,"STANDING","training data","fBodyGyro-mean()-Z",-0.980762968085106
"10892",11,"SITTING","training data","fBodyGyro-mean()-Z",-0.954453821132075
"10893",11,"LAYING","training data","fBodyGyro-mean()-Z",-0.961434420701754
"10894",11,"WALKING","training data","fBodyGyro-mean()-Z",-0.398293336610169
"10895",11,"WALKING_DOWNSTAIRS","training data","fBodyGyro-mean()-Z",-0.273459111956522
"10896",11,"WALKING_UPSTAIRS","training data","fBodyGyro-mean()-Z",-0.674671878518519
"10897",14,"STANDING","training data","fBodyGyro-mean()-Z",-0.950999877833333
"10898",14,"SITTING","training data","fBodyGyro-mean()-Z",-0.957020858888889
"10899",14,"LAYING","training data","fBodyGyro-mean()-Z",-0.949107162941176
"10900",14,"WALKING","training data","fBodyGyro-mean()-Z",-0.212925759152542
"10901",14,"WALKING_DOWNSTAIRS","training data","fBodyGyro-mean()-Z",0.492414379822222
"10902",14,"WALKING_UPSTAIRS","training data","fBodyGyro-mean()-Z",0.196703218737037
"10903",15,"STANDING","training data","fBodyGyro-mean()-Z",-0.96826485509434
"10904",15,"SITTING","training data","fBodyGyro-mean()-Z",-0.966731518305085
"10905",15,"LAYING","training data","fBodyGyro-mean()-Z",-0.958190099861111
"10906",15,"WALKING","training data","fBodyGyro-mean()-Z",-0.461464065555556
"10907",15,"WALKING_DOWNSTAIRS","training data","fBodyGyro-mean()-Z",-0.18319480152381
"10908",15,"WALKING_UPSTAIRS","training data","fBodyGyro-mean()-Z",-0.485701745833333
"10909",16,"STANDING","training data","fBodyGyro-mean()-Z",-0.98363927
"10910",16,"SITTING","training data","fBodyGyro-mean()-Z",-0.960058264057971
"10911",16,"LAYING","training data","fBodyGyro-mean()-Z",-0.985957788
"10912",16,"WALKING","training data","fBodyGyro-mean()-Z",-0.432885310980392
"10913",16,"WALKING_DOWNSTAIRS","training data","fBodyGyro-mean()-Z",-0.375000625531915
"10914",16,"WALKING_UPSTAIRS","training data","fBodyGyro-mean()-Z",-0.492427493529412
"10915",17,"STANDING","training data","fBodyGyro-mean()-Z",-0.985954978205128
"10916",17,"SITTING","training data","fBodyGyro-mean()-Z",-0.98161709828125
"10917",17,"LAYING","training data","fBodyGyro-mean()-Z",-0.976164852112676
"10918",17,"WALKING","training data","fBodyGyro-mean()-Z",-0.398809217540984
"10919",17,"WALKING_DOWNSTAIRS","training data","fBodyGyro-mean()-Z",-0.403380386086957
"10920",17,"WALKING_UPSTAIRS","training data","fBodyGyro-mean()-Z",-0.324273713333333
"10921",19,"STANDING","training data","fBodyGyro-mean()-Z",-0.965100636164384
"10922",19,"SITTING","training data","fBodyGyro-mean()-Z",-0.968235777945205
"10923",19,"LAYING","training data","fBodyGyro-mean()-Z",-0.97393233253012
"10924",19,"WALKING","training data","fBodyGyro-mean()-Z",-0.01050470716
"10925",19,"WALKING_DOWNSTAIRS","training data","fBodyGyro-mean()-Z",0.210673073192308
"10926",19,"WALKING_UPSTAIRS","training data","fBodyGyro-mean()-Z",-0.06612935167
"10927",21,"STANDING","training data","fBodyGyro-mean()-Z",-0.959432562359551
"10928",21,"SITTING","training data","fBodyGyro-mean()-Z",-0.976839728941176
"10929",21,"LAYING","training data","fBodyGyro-mean()-Z",-0.980811216111111
"10930",21,"WALKING","training data","fBodyGyro-mean()-Z",-0.283262474865385
"10931",21,"WALKING_DOWNSTAIRS","training data","fBodyGyro-mean()-Z",-0.238221682666667
"10932",21,"WALKING_UPSTAIRS","training data","fBodyGyro-mean()-Z",-0.155762354829787
"10933",22,"STANDING","training data","fBodyGyro-mean()-Z",-0.962327765238095
"10934",22,"SITTING","training data","fBodyGyro-mean()-Z",-0.948367052258065
"10935",22,"LAYING","training data","fBodyGyro-mean()-Z",-0.942570240416667
"10936",22,"WALKING","training data","fBodyGyro-mean()-Z",-0.083501182326087
"10937",22,"WALKING_DOWNSTAIRS","training data","fBodyGyro-mean()-Z",-0.194915698805556
"10938",22,"WALKING_UPSTAIRS","training data","fBodyGyro-mean()-Z",-0.199313066142857
"10939",23,"STANDING","training data","fBodyGyro-mean()-Z",-0.967939565
"10940",23,"SITTING","training data","fBodyGyro-mean()-Z",-0.965428833529412
"10941",23,"LAYING","training data","fBodyGyro-mean()-Z",-0.984238807777778
"10942",23,"WALKING","training data","fBodyGyro-mean()-Z",-0.194970369294915
"10943",23,"WALKING_DOWNSTAIRS","training data","fBodyGyro-mean()-Z",-0.141266888477778
"10944",23,"WALKING_UPSTAIRS","training data","fBodyGyro-mean()-Z",-0.163001294113725
"10945",25,"STANDING","training data","fBodyGyro-mean()-Z",-0.970456862567568
"10946",25,"SITTING","training data","fBodyGyro-mean()-Z",-0.975805890153846
"10947",25,"LAYING","training data","fBodyGyro-mean()-Z",-0.924536860547945
"10948",25,"WALKING","training data","fBodyGyro-mean()-Z",-0.561322950945946
"10949",25,"WALKING_DOWNSTAIRS","training data","fBodyGyro-mean()-Z",-0.410311447586207
"10950",25,"WALKING_UPSTAIRS","training data","fBodyGyro-mean()-Z",-0.575169715692308
"10951",26,"STANDING","training data","fBodyGyro-mean()-Z",-0.974459323783784
"10952",26,"SITTING","training data","fBodyGyro-mean()-Z",-0.970423693717949
"10953",26,"LAYING","training data","fBodyGyro-mean()-Z",-0.970171219605263
"10954",26,"WALKING","training data","fBodyGyro-mean()-Z",-0.318516813050847
"10955",26,"WALKING_DOWNSTAIRS","training data","fBodyGyro-mean()-Z",-0.22138882542
"10956",26,"WALKING_UPSTAIRS","training data","fBodyGyro-mean()-Z",-0.342703926363636
"10957",27,"STANDING","training data","fBodyGyro-mean()-Z",-0.980862493125
"10958",27,"SITTING","training data","fBodyGyro-mean()-Z",-0.976848134285714
"10959",27,"LAYING","training data","fBodyGyro-mean()-Z",-0.979202019189189
"10960",27,"WALKING","training data","fBodyGyro-mean()-Z",-0.318182379824561
"10961",27,"WALKING_DOWNSTAIRS","training data","fBodyGyro-mean()-Z",-0.144904904113636
"10962",27,"WALKING_UPSTAIRS","training data","fBodyGyro-mean()-Z",-0.400528455490196
"10963",28,"STANDING","training data","fBodyGyro-mean()-Z",-0.926655192405063
"10964",28,"SITTING","training data","fBodyGyro-mean()-Z",-0.954180279027778
"10965",28,"LAYING","training data","fBodyGyro-mean()-Z",-0.961164844875
"10966",28,"WALKING","training data","fBodyGyro-mean()-Z",-0.255029045018519
"10967",28,"WALKING_DOWNSTAIRS","training data","fBodyGyro-mean()-Z",-0.184392337071739
"10968",28,"WALKING_UPSTAIRS","training data","fBodyGyro-mean()-Z",-0.318210999529412
"10969",29,"STANDING","training data","fBodyGyro-mean()-Z",-0.983654714461538
"10970",29,"SITTING","training data","fBodyGyro-mean()-Z",-0.9739335945
"10971",29,"LAYING","training data","fBodyGyro-mean()-Z",-0.976184322608696
"10972",29,"WALKING","training data","fBodyGyro-mean()-Z",-0.397277495471698
"10973",29,"WALKING_DOWNSTAIRS","training data","fBodyGyro-mean()-Z",-0.199225894479167
"10974",29,"WALKING_UPSTAIRS","training data","fBodyGyro-mean()-Z",-0.34170013244898
"10975",30,"STANDING","training data","fBodyGyro-mean()-Z",-0.937798124576271
"10976",30,"SITTING","training data","fBodyGyro-mean()-Z",-0.961177109516129
"10977",30,"LAYING","training data","fBodyGyro-mean()-Z",-0.967577361142857
"10978",30,"WALKING","training data","fBodyGyro-mean()-Z",-0.247350343692308
"10979",30,"WALKING_DOWNSTAIRS","training data","fBodyGyro-mean()-Z",-0.263720763854839
"10980",30,"WALKING_UPSTAIRS","training data","fBodyGyro-mean()-Z",-0.318937001538462
"10981",2,"STANDING","test data","fBodyGyro-std()-X",-0.97498812462963
"10982",2,"SITTING","test data","fBodyGyro-std()-X",-0.986808501521739
"10983",2,"LAYING","test data","fBodyGyro-std()-X",-0.988860685833333
"10984",2,"WALKING","test data","fBodyGyro-std()-X",-0.604053019152542
"10985",2,"WALKING_DOWNSTAIRS","test data","fBodyGyro-std()-X",-0.379436674361702
"10986",2,"WALKING_UPSTAIRS","test data","fBodyGyro-std()-X",-0.476358845625
"10987",4,"STANDING","test data","fBodyGyro-std()-X",-0.912464793928571
"10988",4,"SITTING","test data","fBodyGyro-std()-X",-0.973333107
"10989",4,"LAYING","test data","fBodyGyro-std()-X",-0.975094739444444
"10990",4,"WALKING","test data","fBodyGyro-std()-X",-0.542646759
"10991",4,"WALKING_DOWNSTAIRS","test data","fBodyGyro-std()-X",-0.414919000955556
"10992",4,"WALKING_UPSTAIRS","test data","fBodyGyro-std()-X",-0.483548693461538
"10993",9,"STANDING","test data","fBodyGyro-std()-X",-0.924738576444444
"10994",9,"SITTING","test data","fBodyGyro-std()-X",-0.9618360162
"10995",9,"LAYING","test data","fBodyGyro-std()-X",-0.9463891504
"10996",9,"WALKING","test data","fBodyGyro-std()-X",-0.507404512692308
"10997",9,"WALKING_DOWNSTAIRS","test data","fBodyGyro-std()-X",-0.423558773952381
"10998",9,"WALKING_UPSTAIRS","test data","fBodyGyro-std()-X",-0.361626377102041
"10999",10,"STANDING","test data","fBodyGyro-std()-X",-0.932273942727273
"11000",10,"SITTING","test data","fBodyGyro-std()-X",-0.989712360740741
"11001",10,"LAYING","test data","fBodyGyro-std()-X",-0.96454456637931
"11002",10,"WALKING","test data","fBodyGyro-std()-X",-0.458292932830189
"11003",10,"WALKING_DOWNSTAIRS","test data","fBodyGyro-std()-X",-0.339514358157895
"11004",10,"WALKING_UPSTAIRS","test data","fBodyGyro-std()-X",-0.34130162006383
"11005",12,"STANDING","test data","fBodyGyro-std()-X",-0.884385204098361
"11006",12,"SITTING","test data","fBodyGyro-std()-X",-0.976339901372549
"11007",12,"LAYING","test data","fBodyGyro-std()-X",-0.969254585333333
"11008",12,"WALKING","test data","fBodyGyro-std()-X",-0.5931428818
"11009",12,"WALKING_DOWNSTAIRS","test data","fBodyGyro-std()-X",-0.4223632375
"11010",12,"WALKING_UPSTAIRS","test data","fBodyGyro-std()-X",-0.5604629635
"11011",13,"STANDING","test data","fBodyGyro-std()-X",-0.955818411578947
"11012",13,"SITTING","test data","fBodyGyro-std()-X",-0.986714694081633
"11013",13,"LAYING","test data","fBodyGyro-std()-X",-0.973446792419355
"11014",13,"WALKING","test data","fBodyGyro-std()-X",-0.435714710526316
"11015",13,"WALKING_DOWNSTAIRS","test data","fBodyGyro-std()-X",-0.452190386808511
"11016",13,"WALKING_UPSTAIRS","test data","fBodyGyro-std()-X",-0.562911002545455
"11017",18,"STANDING","test data","fBodyGyro-std()-X",-0.962272711643836
"11018",18,"SITTING","test data","fBodyGyro-std()-X",-0.992575399473684
"11019",18,"LAYING","test data","fBodyGyro-std()-X",-0.993019371692308
"11020",18,"WALKING","test data","fBodyGyro-std()-X",-0.734901390178571
"11021",18,"WALKING_DOWNSTAIRS","test data","fBodyGyro-std()-X",-0.513947089545455
"11022",18,"WALKING_UPSTAIRS","test data","fBodyGyro-std()-X",-0.60071129637931
"11023",20,"STANDING","test data","fBodyGyro-std()-X",-0.890525705068493
"11024",20,"SITTING","test data","fBodyGyro-std()-X",-0.978433538484848
"11025",20,"LAYING","test data","fBodyGyro-std()-X",-0.985154588529412
"11026",20,"WALKING","test data","fBodyGyro-std()-X",-0.279931528352941
"11027",20,"WALKING_DOWNSTAIRS","test data","fBodyGyro-std()-X",-0.253365630644444
"11028",20,"WALKING_UPSTAIRS","test data","fBodyGyro-std()-X",-0.532021733921569
"11029",24,"STANDING","test data","fBodyGyro-std()-X",-0.961885695217391
"11030",24,"SITTING","test data","fBodyGyro-std()-X",-0.988891551764706
"11031",24,"LAYING","test data","fBodyGyro-std()-X",-0.984713284166667
"11032",24,"WALKING","test data","fBodyGyro-std()-X",-0.616915839310345
"11033",24,"WALKING_DOWNSTAIRS","test data","fBodyGyro-std()-X",-0.484894683818182
"11034",24,"WALKING_UPSTAIRS","test data","fBodyGyro-std()-X",-0.602945480677966
"11035",1,"STANDING","training data","fBodyGyro-std()-X",-0.987497128679245
"11036",1,"SITTING","training data","fBodyGyro-std()-X",-0.977904227021277
"11037",1,"LAYING","training data","fBodyGyro-std()-X",-0.8822964508
"11038",1,"WALKING","training data","fBodyGyro-std()-X",-0.516691938736842
"11039",1,"WALKING_DOWNSTAIRS","training data","fBodyGyro-std()-X",-0.495422486102041
"11040",1,"WALKING_UPSTAIRS","training data","fBodyGyro-std()-X",-0.565892490754717
"11041",3,"STANDING","training data","fBodyGyro-std()-X",-0.901985672459016
"11042",3,"SITTING","training data","fBodyGyro-std()-X",-0.968013062884615
"11043",3,"LAYING","training data","fBodyGyro-std()-X",-0.975986433709677
"11044",3,"WALKING","training data","fBodyGyro-std()-X",-0.615121369827586
"11045",3,"WALKING_DOWNSTAIRS","training data","fBodyGyro-std()-X",-0.30863033105102
"11046",3,"WALKING_UPSTAIRS","training data","fBodyGyro-std()-X",-0.484820991355932
"11047",5,"STANDING","training data","fBodyGyro-std()-X",-0.912780915714286
"11048",5,"SITTING","training data","fBodyGyro-std()-X",-0.969390369318182
"11049",5,"LAYING","training data","fBodyGyro-std()-X",-0.980705769807692
"11050",5,"WALKING","training data","fBodyGyro-std()-X",-0.529392790178571
"11051",5,"WALKING_DOWNSTAIRS","training data","fBodyGyro-std()-X",-0.51494094106383
"11052",5,"WALKING_UPSTAIRS","training data","fBodyGyro-std()-X",-0.501685580212766
"11053",6,"STANDING","training data","fBodyGyro-std()-X",-0.952817395263158
"11054",6,"SITTING","training data","fBodyGyro-std()-X",-0.963407046545455
"11055",6,"LAYING","training data","fBodyGyro-std()-X",-0.962164978596491
"11056",6,"WALKING","training data","fBodyGyro-std()-X",-0.515323854385965
"11057",6,"WALKING_DOWNSTAIRS","training data","fBodyGyro-std()-X",-0.286724914610417
"11058",6,"WALKING_UPSTAIRS","training data","fBodyGyro-std()-X",-0.390248128039216
"11059",7,"STANDING","training data","fBodyGyro-std()-X",-0.947891986226415
"11060",7,"SITTING","training data","fBodyGyro-std()-X",-0.9427264225
"11061",7,"LAYING","training data","fBodyGyro-std()-X",-0.962348254423077
"11062",7,"WALKING","training data","fBodyGyro-std()-X",-0.563615256666667
"11063",7,"WALKING_DOWNSTAIRS","training data","fBodyGyro-std()-X",-0.432730974446809
"11064",7,"WALKING_UPSTAIRS","training data","fBodyGyro-std()-X",-0.368636961470588
"11065",8,"STANDING","training data","fBodyGyro-std()-X",-0.974200997592593
"11066",8,"SITTING","training data","fBodyGyro-std()-X",-0.985339301521739
"11067",8,"LAYING","training data","fBodyGyro-std()-X",-0.967846360740741
"11068",8,"WALKING","training data","fBodyGyro-std()-X",-0.234252005895833
"11069",8,"WALKING_DOWNSTAIRS","training data","fBodyGyro-std()-X",-0.302735102631579
"11070",8,"WALKING_UPSTAIRS","training data","fBodyGyro-std()-X",-0.409955580780488
"11071",11,"STANDING","training data","fBodyGyro-std()-X",-0.981009115744681
"11072",11,"SITTING","training data","fBodyGyro-std()-X",-0.989189512641509
"11073",11,"LAYING","training data","fBodyGyro-std()-X",-0.982424585438596
"11074",11,"WALKING","training data","fBodyGyro-std()-X",-0.623150268983051
"11075",11,"WALKING_DOWNSTAIRS","training data","fBodyGyro-std()-X",-0.397722757934783
"11076",11,"WALKING_UPSTAIRS","training data","fBodyGyro-std()-X",-0.517811645740741
"11077",14,"STANDING","training data","fBodyGyro-std()-X",-0.962741032833333
"11078",14,"SITTING","training data","fBodyGyro-std()-X",-0.981573087222222
"11079",14,"LAYING","training data","fBodyGyro-std()-X",-0.959740488627451
"11080",14,"WALKING","training data","fBodyGyro-std()-X",-0.630082075932203
"11081",14,"WALKING_DOWNSTAIRS","training data","fBodyGyro-std()-X",-0.378882872733333
"11082",14,"WALKING_UPSTAIRS","training data","fBodyGyro-std()-X",-0.464742933888889
"11083",15,"STANDING","training data","fBodyGyro-std()-X",-0.948275234150943
"11084",15,"SITTING","training data","fBodyGyro-std()-X",-0.988881930508475
"11085",15,"LAYING","training data","fBodyGyro-std()-X",-0.958224495416667
"11086",15,"WALKING","training data","fBodyGyro-std()-X",-0.357633378703704
"11087",15,"WALKING_DOWNSTAIRS","training data","fBodyGyro-std()-X",-0.351630000285714
"11088",15,"WALKING_UPSTAIRS","training data","fBodyGyro-std()-X",-0.4372253275
"11089",16,"STANDING","training data","fBodyGyro-std()-X",-0.973926885
"11090",16,"SITTING","training data","fBodyGyro-std()-X",-0.982057861449275
"11091",16,"LAYING","training data","fBodyGyro-std()-X",-0.977509583571429
"11092",16,"WALKING","training data","fBodyGyro-std()-X",-0.673741136862745
"11093",16,"WALKING_DOWNSTAIRS","training data","fBodyGyro-std()-X",-0.470373498510638
"11094",16,"WALKING_UPSTAIRS","training data","fBodyGyro-std()-X",-0.509896031372549
"11095",17,"STANDING","training data","fBodyGyro-std()-X",-0.981791318076923
"11096",17,"SITTING","training data","fBodyGyro-std()-X",-0.99004126046875
"11097",17,"LAYING","training data","fBodyGyro-std()-X",-0.977203498309859
"11098",17,"WALKING","training data","fBodyGyro-std()-X",-0.504849290819672
"11099",17,"WALKING_DOWNSTAIRS","training data","fBodyGyro-std()-X",-0.393194731747826
"11100",17,"WALKING_UPSTAIRS","training data","fBodyGyro-std()-X",-0.5244683916875
"11101",19,"STANDING","training data","fBodyGyro-std()-X",-0.946607045616438
"11102",19,"SITTING","training data","fBodyGyro-std()-X",-0.985576048219178
"11103",19,"LAYING","training data","fBodyGyro-std()-X",-0.983944795060241
"11104",19,"WALKING","training data","fBodyGyro-std()-X",-0.108388809533846
"11105",19,"WALKING_DOWNSTAIRS","training data","fBodyGyro-std()-X",0.196613286661538
"11106",19,"WALKING_UPSTAIRS","training data","fBodyGyro-std()-X",-0.4775147465
"11107",21,"STANDING","training data","fBodyGyro-std()-X",-0.964530315842697
"11108",21,"SITTING","training data","fBodyGyro-std()-X",-0.98955931
"11109",21,"LAYING","training data","fBodyGyro-std()-X",-0.976226919888889
"11110",21,"WALKING","training data","fBodyGyro-std()-X",-0.491859244230769
"11111",21,"WALKING_DOWNSTAIRS","training data","fBodyGyro-std()-X",-0.469790144111111
"11112",21,"WALKING_UPSTAIRS","training data","fBodyGyro-std()-X",-0.560968048723404
"11113",22,"STANDING","training data","fBodyGyro-std()-X",-0.919851782380952
"11114",22,"SITTING","training data","fBodyGyro-std()-X",-0.982373346290323
"11115",22,"LAYING","training data","fBodyGyro-std()-X",-0.958030986944444
"11116",22,"WALKING","training data","fBodyGyro-std()-X",-0.374496318695652
"11117",22,"WALKING_DOWNSTAIRS","training data","fBodyGyro-std()-X",-0.284532358444444
"11118",22,"WALKING_UPSTAIRS","training data","fBodyGyro-std()-X",-0.338139776690476
"11119",23,"STANDING","training data","fBodyGyro-std()-X",-0.941698515588235
"11120",23,"SITTING","training data","fBodyGyro-std()-X",-0.981523241176471
"11121",23,"LAYING","training data","fBodyGyro-std()-X",-0.982665212638889
"11122",23,"WALKING","training data","fBodyGyro-std()-X",-0.545051691694915
"11123",23,"WALKING_DOWNSTAIRS","training data","fBodyGyro-std()-X",-0.482598325037037
"11124",23,"WALKING_UPSTAIRS","training data","fBodyGyro-std()-X",-0.590430783921569
"11125",25,"STANDING","training data","fBodyGyro-std()-X",-0.97266417
"11126",25,"SITTING","training data","fBodyGyro-std()-X",-0.990550003076923
"11127",25,"LAYING","training data","fBodyGyro-std()-X",-0.891308069041096
"11128",25,"WALKING","training data","fBodyGyro-std()-X",-0.406678108108108
"11129",25,"WALKING_DOWNSTAIRS","training data","fBodyGyro-std()-X",-0.316252107741379
"11130",25,"WALKING_UPSTAIRS","training data","fBodyGyro-std()-X",-0.500119831476923
"11131",26,"STANDING","training data","fBodyGyro-std()-X",-0.975321645675676
"11132",26,"SITTING","training data","fBodyGyro-std()-X",-0.991318436410256
"11133",26,"LAYING","training data","fBodyGyro-std()-X",-0.990970119605263
"11134",26,"WALKING","training data","fBodyGyro-std()-X",-0.532999609491525
"11135",26,"WALKING_DOWNSTAIRS","training data","fBodyGyro-std()-X",-0.3981998635
"11136",26,"WALKING_UPSTAIRS","training data","fBodyGyro-std()-X",-0.590812298
"11137",27,"STANDING","training data","fBodyGyro-std()-X",-0.970221836375
"11138",27,"SITTING","training data","fBodyGyro-std()-X",-0.988984618428571
"11139",27,"LAYING","training data","fBodyGyro-std()-X",-0.989382328918919
"11140",27,"WALKING","training data","fBodyGyro-std()-X",-0.642349125614035
"11141",27,"WALKING_DOWNSTAIRS","training data","fBodyGyro-std()-X",-0.390968436431818
"11142",27,"WALKING_UPSTAIRS","training data","fBodyGyro-std()-X",-0.574254281745098
"11143",28,"STANDING","training data","fBodyGyro-std()-X",-0.886706768227848
"11144",28,"SITTING","training data","fBodyGyro-std()-X",-0.98161514125
"11145",28,"LAYING","training data","fBodyGyro-std()-X",-0.958092114
"11146",28,"WALKING","training data","fBodyGyro-std()-X",-0.545480217777778
"11147",28,"WALKING_DOWNSTAIRS","training data","fBodyGyro-std()-X",-0.345453346086957
"11148",28,"WALKING_UPSTAIRS","training data","fBodyGyro-std()-X",-0.556383410588235
"11149",29,"STANDING","training data","fBodyGyro-std()-X",-0.979162564923077
"11150",29,"SITTING","training data","fBodyGyro-std()-X",-0.990727755166667
"11151",29,"LAYING","training data","fBodyGyro-std()-X",-0.994652185217391
"11152",29,"WALKING","training data","fBodyGyro-std()-X",-0.654313559056604
"11153",29,"WALKING_DOWNSTAIRS","training data","fBodyGyro-std()-X",-0.319123137947917
"11154",29,"WALKING_UPSTAIRS","training data","fBodyGyro-std()-X",-0.350338205020408
"11155",30,"STANDING","training data","fBodyGyro-std()-X",-0.911718163220339
"11156",30,"SITTING","training data","fBodyGyro-std()-X",-0.988484803225806
"11157",30,"LAYING","training data","fBodyGyro-std()-X",-0.974488400714286
"11158",30,"WALKING","training data","fBodyGyro-std()-X",-0.399032346
"11159",30,"WALKING_DOWNSTAIRS","training data","fBodyGyro-std()-X",-0.278386596338226
"11160",30,"WALKING_UPSTAIRS","training data","fBodyGyro-std()-X",-0.503484236964615
"11161",2,"STANDING","test data","fBodyGyro-std()-Y",-0.97103605037037
"11162",2,"SITTING","test data","fBodyGyro-std()-Y",-0.977356188695652
"11163",2,"LAYING","test data","fBodyGyro-std()-Y",-0.981910616458333
"11164",2,"WALKING","test data","fBodyGyro-std()-Y",-0.533046952542373
"11165",2,"WALKING_DOWNSTAIRS","test data","fBodyGyro-std()-Y",-0.458732747446809
"11166",2,"WALKING_UPSTAIRS","test data","fBodyGyro-std()-Y",-0.459758488958333
"11167",4,"STANDING","test data","fBodyGyro-std()-Y",-0.945825840178571
"11168",4,"SITTING","test data","fBodyGyro-std()-Y",-0.954120419
"11169",4,"LAYING","test data","fBodyGyro-std()-Y",-0.956182500185185
"11170",4,"WALKING","test data","fBodyGyro-std()-Y",-0.654657770166667
"11171",4,"WALKING_DOWNSTAIRS","test data","fBodyGyro-std()-Y",-0.691518367333333
"11172",4,"WALKING_UPSTAIRS","test data","fBodyGyro-std()-Y",-0.489824279230769
"11173",9,"STANDING","test data","fBodyGyro-std()-Y",-0.941950576888889
"11174",9,"SITTING","test data","fBodyGyro-std()-Y",-0.910583361
"11175",9,"LAYING","test data","fBodyGyro-std()-Y",-0.9231319366
"11176",9,"WALKING","test data","fBodyGyro-std()-Y",-0.490990336346154
"11177",9,"WALKING_DOWNSTAIRS","test data","fBodyGyro-std()-Y",-0.364282565714286
"11178",9,"WALKING_UPSTAIRS","test data","fBodyGyro-std()-Y",-0.352033091612245
"11179",10,"STANDING","test data","fBodyGyro-std()-Y",-0.958399857954545
"11180",10,"SITTING","test data","fBodyGyro-std()-Y",-0.983579646666667
"11181",10,"LAYING","test data","fBodyGyro-std()-Y",-0.953453496551724
"11182",10,"WALKING","test data","fBodyGyro-std()-Y",-0.204392821584906
"11183",10,"WALKING_DOWNSTAIRS","test data","fBodyGyro-std()-Y",-0.343237004473684
"11184",10,"WALKING_UPSTAIRS","test data","fBodyGyro-std()-Y",0.171735785297872
"11185",12,"STANDING","test data","fBodyGyro-std()-Y",-0.938529853770492
"11186",12,"SITTING","test data","fBodyGyro-std()-Y",-0.959040695686274
"11187",12,"LAYING","test data","fBodyGyro-std()-Y",-0.955343675666667
"11188",12,"WALKING","test data","fBodyGyro-std()-Y",-0.4437983296
"11189",12,"WALKING_DOWNSTAIRS","test data","fBodyGyro-std()-Y",-0.518923134565217
"11190",12,"WALKING_UPSTAIRS","test data","fBodyGyro-std()-Y",-0.483918390576923
"11191",13,"STANDING","test data","fBodyGyro-std()-Y",-0.97142515122807
"11192",13,"SITTING","test data","fBodyGyro-std()-Y",-0.97827070877551
"11193",13,"LAYING","test data","fBodyGyro-std()-Y",-0.959944126451613
"11194",13,"WALKING","test data","fBodyGyro-std()-Y",-0.318618506122807
"11195",13,"WALKING_DOWNSTAIRS","test data","fBodyGyro-std()-Y",-0.24966032923617
"11196",13,"WALKING_UPSTAIRS","test data","fBodyGyro-std()-Y",-0.364283258727273
"11197",18,"STANDING","test data","fBodyGyro-std()-Y",-0.978801848493151
"11198",18,"SITTING","test data","fBodyGyro-std()-Y",-0.985710087894737
"11199",18,"LAYING","test data","fBodyGyro-std()-Y",-0.983457774923077
"11200",18,"WALKING","test data","fBodyGyro-std()-Y",-0.460890661785714
"11201",18,"WALKING_DOWNSTAIRS","test data","fBodyGyro-std()-Y",-0.607757979272727
"11202",18,"WALKING_UPSTAIRS","test data","fBodyGyro-std()-Y",-0.443429836896552
"11203",20,"STANDING","test data","fBodyGyro-std()-Y",-0.901237499589041
"11204",20,"SITTING","test data","fBodyGyro-std()-Y",-0.958015696363636
"11205",20,"LAYING","test data","fBodyGyro-std()-Y",-0.973092518088235
"11206",20,"WALKING","test data","fBodyGyro-std()-Y",0.107704805445098
"11207",20,"WALKING_DOWNSTAIRS","test data","fBodyGyro-std()-Y",-0.159961424355556
"11208",20,"WALKING_UPSTAIRS","test data","fBodyGyro-std()-Y",-0.079046721372549
"11209",24,"STANDING","test data","fBodyGyro-std()-Y",-0.965798055507246
"11210",24,"SITTING","test data","fBodyGyro-std()-Y",-0.976252427794118
"11211",24,"LAYING","test data","fBodyGyro-std()-Y",-0.95779294875
"11212",24,"WALKING","test data","fBodyGyro-std()-Y",-0.495896271896552
"11213",24,"WALKING_DOWNSTAIRS","test data","fBodyGyro-std()-Y",-0.523412701636364
"11214",24,"WALKING_UPSTAIRS","test data","fBodyGyro-std()-Y",-0.586177824237288
"11215",1,"STANDING","training data","fBodyGyro-std()-Y",-0.987107727735849
"11216",1,"SITTING","training data","fBodyGyro-std()-Y",-0.962345042553192
"11217",1,"LAYING","training data","fBodyGyro-std()-Y",-0.9512320494
"11218",1,"WALKING","training data","fBodyGyro-std()-Y",-0.0335081597884211
"11219",1,"WALKING_DOWNSTAIRS","training data","fBodyGyro-std()-Y",-0.181414728657143
"11220",1,"WALKING_UPSTAIRS","training data","fBodyGyro-std()-Y",0.151538905566038
"11221",3,"STANDING","training data","fBodyGyro-std()-Y",-0.923125941147541
"11222",3,"SITTING","training data","fBodyGyro-std()-Y",-0.939609988461538
"11223",3,"LAYING","training data","fBodyGyro-std()-Y",-0.977032495483871
"11224",3,"WALKING","training data","fBodyGyro-std()-Y",-0.568888673448276
"11225",3,"WALKING_DOWNSTAIRS","training data","fBodyGyro-std()-Y",-0.553094540204082
"11226",3,"WALKING_UPSTAIRS","training data","fBodyGyro-std()-Y",-0.556045947118644
"11227",5,"STANDING","training data","fBodyGyro-std()-Y",-0.931857811428571
"11228",5,"SITTING","training data","fBodyGyro-std()-Y",-0.947571471590909
"11229",5,"LAYING","training data","fBodyGyro-std()-Y",-0.977257800961538
"11230",5,"WALKING","training data","fBodyGyro-std()-Y",-0.502683380535714
"11231",5,"WALKING_DOWNSTAIRS","training data","fBodyGyro-std()-Y",-0.431552775319149
"11232",5,"WALKING_UPSTAIRS","training data","fBodyGyro-std()-Y",-0.403486393191489
"11233",6,"STANDING","training data","fBodyGyro-std()-Y",-0.942539174210526
"11234",6,"SITTING","training data","fBodyGyro-std()-Y",-0.944901470363636
"11235",6,"LAYING","training data","fBodyGyro-std()-Y",-0.945365097894737
"11236",6,"WALKING","training data","fBodyGyro-std()-Y",-0.332008706842105
"11237",6,"WALKING_DOWNSTAIRS","training data","fBodyGyro-std()-Y",-0.235470976166667
"11238",6,"WALKING_UPSTAIRS","training data","fBodyGyro-std()-Y",-0.31361857145098
"11239",7,"STANDING","training data","fBodyGyro-std()-Y",-0.945818157735849
"11240",7,"SITTING","training data","fBodyGyro-std()-Y",-0.93824472
"11241",7,"LAYING","training data","fBodyGyro-std()-Y",-0.939727873653846
"11242",7,"WALKING","training data","fBodyGyro-std()-Y",-0.290859379017544
"11243",7,"WALKING_DOWNSTAIRS","training data","fBodyGyro-std()-Y",-0.351717743191489
"11244",7,"WALKING_UPSTAIRS","training data","fBodyGyro-std()-Y",-0.579964614705882
"11245",8,"STANDING","training data","fBodyGyro-std()-Y",-0.968055495925926
"11246",8,"SITTING","training data","fBodyGyro-std()-Y",-0.96892443326087
"11247",8,"LAYING","training data","fBodyGyro-std()-Y",-0.950316470925926
"11248",8,"WALKING","training data","fBodyGyro-std()-Y",-0.1908057215
"11249",8,"WALKING_DOWNSTAIRS","training data","fBodyGyro-std()-Y",-0.0461356322868421
"11250",8,"WALKING_UPSTAIRS","training data","fBodyGyro-std()-Y",-0.0478802512585366
"11251",11,"STANDING","training data","fBodyGyro-std()-Y",-0.994353086595745
"11252",11,"SITTING","training data","fBodyGyro-std()-Y",-0.982137919056604
"11253",11,"LAYING","training data","fBodyGyro-std()-Y",-0.982660631754386
"11254",11,"WALKING","training data","fBodyGyro-std()-Y",-0.453663184067797
"11255",11,"WALKING_DOWNSTAIRS","training data","fBodyGyro-std()-Y",-0.481127494565217
"11256",11,"WALKING_UPSTAIRS","training data","fBodyGyro-std()-Y",-0.153787850538889
"11257",14,"STANDING","training data","fBodyGyro-std()-Y",-0.944306864
"11258",14,"SITTING","training data","fBodyGyro-std()-Y",-0.958227403148148
"11259",14,"LAYING","training data","fBodyGyro-std()-Y",-0.929955407058824
"11260",14,"WALKING","training data","fBodyGyro-std()-Y",0.0832950551222034
"11261",14,"WALKING_DOWNSTAIRS","training data","fBodyGyro-std()-Y",0.0741391154937778
"11262",14,"WALKING_UPSTAIRS","training data","fBodyGyro-std()-Y",0.646233637037037
"11263",15,"STANDING","training data","fBodyGyro-std()-Y",-0.969442882075472
"11264",15,"SITTING","training data","fBodyGyro-std()-Y",-0.973456092372881
"11265",15,"LAYING","training data","fBodyGyro-std()-Y",-0.959991907083333
"11266",15,"WALKING","training data","fBodyGyro-std()-Y",-0.365361208555556
"11267",15,"WALKING_DOWNSTAIRS","training data","fBodyGyro-std()-Y",-0.360972848571429
"11268",15,"WALKING_UPSTAIRS","training data","fBodyGyro-std()-Y",-0.243612269004167
"11269",16,"STANDING","training data","fBodyGyro-std()-Y",-0.978402418717949
"11270",16,"SITTING","training data","fBodyGyro-std()-Y",-0.954343752463768
"11271",16,"LAYING","training data","fBodyGyro-std()-Y",-0.968135251857143
"11272",16,"WALKING","training data","fBodyGyro-std()-Y",-0.61194087745098
"11273",16,"WALKING_DOWNSTAIRS","training data","fBodyGyro-std()-Y",-0.565214032765957
"11274",16,"WALKING_UPSTAIRS","training data","fBodyGyro-std()-Y",-0.559600598431373
"11275",17,"STANDING","training data","fBodyGyro-std()-Y",-0.983946584871795
"11276",17,"SITTING","training data","fBodyGyro-std()-Y",-0.984813098125
"11277",17,"LAYING","training data","fBodyGyro-std()-Y",-0.970627806901408
"11278",17,"WALKING","training data","fBodyGyro-std()-Y",-0.439238787704918
"11279",17,"WALKING_DOWNSTAIRS","training data","fBodyGyro-std()-Y",-0.469390428043478
"11280",17,"WALKING_UPSTAIRS","training data","fBodyGyro-std()-Y",-0.481154119791667
"11281",19,"STANDING","training data","fBodyGyro-std()-Y",-0.966967238082192
"11282",19,"SITTING","training data","fBodyGyro-std()-Y",-0.955598610136986
"11283",19,"LAYING","training data","fBodyGyro-std()-Y",-0.959831365783133
"11284",19,"WALKING","training data","fBodyGyro-std()-Y",-0.133010285461538
"11285",19,"WALKING_DOWNSTAIRS","training data","fBodyGyro-std()-Y",-0.028489571974359
"11286",19,"WALKING_UPSTAIRS","training data","fBodyGyro-std()-Y",-0.149925160355
"11287",21,"STANDING","training data","fBodyGyro-std()-Y",-0.954080913707865
"11288",21,"SITTING","training data","fBodyGyro-std()-Y",-0.974723217647059
"11289",21,"LAYING","training data","fBodyGyro-std()-Y",-0.946599855444444
"11290",21,"WALKING","training data","fBodyGyro-std()-Y",-0.419400879423077
"11291",21,"WALKING_DOWNSTAIRS","training data","fBodyGyro-std()-Y",-0.388418746666667
"11292",21,"WALKING_UPSTAIRS","training data","fBodyGyro-std()-Y",-0.478299637021277
"11293",22,"STANDING","training data","fBodyGyro-std()-Y",-0.962172736666667
"11294",22,"SITTING","training data","fBodyGyro-std()-Y",-0.946107943548387
"11295",22,"LAYING","training data","fBodyGyro-std()-Y",-0.960711254583333
"11296",22,"WALKING","training data","fBodyGyro-std()-Y",-0.481624411086957
"11297",22,"WALKING_DOWNSTAIRS","training data","fBodyGyro-std()-Y",-0.570339899444444
"11298",22,"WALKING_UPSTAIRS","training data","fBodyGyro-std()-Y",-0.473882071666667
"11299",23,"STANDING","training data","fBodyGyro-std()-Y",-0.945871186029412
"11300",23,"SITTING","training data","fBodyGyro-std()-Y",-0.943733421029412
"11301",23,"LAYING","training data","fBodyGyro-std()-Y",-0.954997309583333
"11302",23,"WALKING","training data","fBodyGyro-std()-Y",0.286581518449153
"11303",23,"WALKING_DOWNSTAIRS","training data","fBodyGyro-std()-Y",0.12605231802963
"11304",23,"WALKING_UPSTAIRS","training data","fBodyGyro-std()-Y",-0.301619977058824
"11305",25,"STANDING","training data","fBodyGyro-std()-Y",-0.975960666081081
"11306",25,"SITTING","training data","fBodyGyro-std()-Y",-0.979828883230769
"11307",25,"LAYING","training data","fBodyGyro-std()-Y",-0.932293334794521
"11308",25,"WALKING","training data","fBodyGyro-std()-Y",-0.567201282027027
"11309",25,"WALKING_DOWNSTAIRS","training data","fBodyGyro-std()-Y",-0.470641125
"11310",25,"WALKING_UPSTAIRS","training data","fBodyGyro-std()-Y",-0.349362687538462
"11311",26,"STANDING","training data","fBodyGyro-std()-Y",-0.981740873108108
"11312",26,"SITTING","training data","fBodyGyro-std()-Y",-0.969488188974359
"11313",26,"LAYING","training data","fBodyGyro-std()-Y",-0.977491843421053
"11314",26,"WALKING","training data","fBodyGyro-std()-Y",-0.587939604576271
"11315",26,"WALKING_DOWNSTAIRS","training data","fBodyGyro-std()-Y",-0.4975063388
"11316",26,"WALKING_UPSTAIRS","training data","fBodyGyro-std()-Y",-0.598236639818182
"11317",27,"STANDING","training data","fBodyGyro-std()-Y",-0.98185775725
"11318",27,"SITTING","training data","fBodyGyro-std()-Y",-0.981037690285714
"11319",27,"LAYING","training data","fBodyGyro-std()-Y",-0.983052318513513
"11320",27,"WALKING","training data","fBodyGyro-std()-Y",-0.530943838421053
"11321",27,"WALKING_DOWNSTAIRS","training data","fBodyGyro-std()-Y",-0.543033246590909
"11322",27,"WALKING_UPSTAIRS","training data","fBodyGyro-std()-Y",-0.587869474313725
"11323",28,"STANDING","training data","fBodyGyro-std()-Y",-0.936101609113924
"11324",28,"SITTING","training data","fBodyGyro-std()-Y",-0.953207017222222
"11325",28,"LAYING","training data","fBodyGyro-std()-Y",-0.957552988125
"11326",28,"WALKING","training data","fBodyGyro-std()-Y",-0.497470739444444
"11327",28,"WALKING_DOWNSTAIRS","training data","fBodyGyro-std()-Y",-0.293108364565217
"11328",28,"WALKING_UPSTAIRS","training data","fBodyGyro-std()-Y",-0.459989315686274
"11329",29,"STANDING","training data","fBodyGyro-std()-Y",-0.989643721230769
"11330",29,"SITTING","training data","fBodyGyro-std()-Y",-0.987259808666667
"11331",29,"LAYING","training data","fBodyGyro-std()-Y",-0.992240785652174
"11332",29,"WALKING","training data","fBodyGyro-std()-Y",-0.0941359695075472
"11333",29,"WALKING_DOWNSTAIRS","training data","fBodyGyro-std()-Y",-0.354872689583333
"11334",29,"WALKING_UPSTAIRS","training data","fBodyGyro-std()-Y",0.234346783653061
"11335",30,"STANDING","training data","fBodyGyro-std()-Y",-0.939469774067797
"11336",30,"SITTING","training data","fBodyGyro-std()-Y",-0.973804950806452
"11337",30,"LAYING","training data","fBodyGyro-std()-Y",-0.965134152428571
"11338",30,"WALKING","training data","fBodyGyro-std()-Y",0.0955456046230769
"11339",30,"WALKING_DOWNSTAIRS","training data","fBodyGyro-std()-Y",-0.255732054951613
"11340",30,"WALKING_UPSTAIRS","training data","fBodyGyro-std()-Y",0.0449545535584615
"11341",2,"STANDING","test data","fBodyGyro-std()-Z",-0.969754295740741
"11342",2,"SITTING","test data","fBodyGyro-std()-Z",-0.963522659782609
"11343",2,"LAYING","test data","fBodyGyro-std()-Z",-0.963174222291667
"11344",2,"WALKING","test data","fBodyGyro-std()-Z",-0.559856635084746
"11345",2,"WALKING_DOWNSTAIRS","test data","fBodyGyro-std()-Z",-0.422987665106383
"11346",2,"WALKING_UPSTAIRS","test data","fBodyGyro-std()-Z",-0.218072471479167
"11347",4,"STANDING","test data","fBodyGyro-std()-Z",-0.91665163125
"11348",4,"SITTING","test data","fBodyGyro-std()-Z",-0.9328683544
"11349",4,"LAYING","test data","fBodyGyro-std()-Z",-0.965807466666667
"11350",4,"WALKING","test data","fBodyGyro-std()-Z",-0.716458475166667
"11351",4,"WALKING_DOWNSTAIRS","test data","fBodyGyro-std()-Z",-0.621658471333333
"11352",4,"WALKING_UPSTAIRS","test data","fBodyGyro-std()-Z",-0.424533512307692
"11353",9,"STANDING","test data","fBodyGyro-std()-Z",-0.944942811777778
"11354",9,"SITTING","test data","fBodyGyro-std()-Z",-0.9341874784
"11355",9,"LAYING","test data","fBodyGyro-std()-Z",-0.965686312
"11356",9,"WALKING","test data","fBodyGyro-std()-Z",-0.342367223269231
"11357",9,"WALKING_DOWNSTAIRS","test data","fBodyGyro-std()-Z",-0.356561471714286
"11358",9,"WALKING_UPSTAIRS","test data","fBodyGyro-std()-Z",-0.165554554220408
"11359",10,"STANDING","test data","fBodyGyro-std()-Z",-0.958901257272727
"11360",10,"SITTING","test data","fBodyGyro-std()-Z",-0.962418559814815
"11361",10,"LAYING","test data","fBodyGyro-std()-Z",-0.975298797068965
"11362",10,"WALKING","test data","fBodyGyro-std()-Z",-0.273292866226415
"11363",10,"WALKING_DOWNSTAIRS","test data","fBodyGyro-std()-Z",-0.1503916379
"11364",10,"WALKING_UPSTAIRS","test data","fBodyGyro-std()-Z",-0.403822082765957
"11365",12,"STANDING","test data","fBodyGyro-std()-Z",-0.954335764426229
"11366",12,"SITTING","test data","fBodyGyro-std()-Z",-0.954769877647059
"11367",12,"LAYING","test data","fBodyGyro-std()-Z",-0.956424382333333
"11368",12,"WALKING","test data","fBodyGyro-std()-Z",-0.4222565212
"11369",12,"WALKING_DOWNSTAIRS","test data","fBodyGyro-std()-Z",-0.448512990434783
"11370",12,"WALKING_UPSTAIRS","test data","fBodyGyro-std()-Z",-0.396095719423077
"11371",13,"STANDING","test data","fBodyGyro-std()-Z",-0.97553326754386
"11372",13,"SITTING","test data","fBodyGyro-std()-Z",-0.969451754693878
"11373",13,"LAYING","test data","fBodyGyro-std()-Z",-0.969797214516129
"11374",13,"WALKING","test data","fBodyGyro-std()-Z",-0.455333900526316
"11375",13,"WALKING_DOWNSTAIRS","test data","fBodyGyro-std()-Z",-0.427008254255319
"11376",13,"WALKING_UPSTAIRS","test data","fBodyGyro-std()-Z",-0.272525011818182
"11377",18,"STANDING","test data","fBodyGyro-std()-Z",-0.974822589589041
"11378",18,"SITTING","test data","fBodyGyro-std()-Z",-0.98279727631579
"11379",18,"LAYING","test data","fBodyGyro-std()-Z",-0.986483048153846
"11380",18,"WALKING","test data","fBodyGyro-std()-Z",-0.54840977125
"11381",18,"WALKING_DOWNSTAIRS","test data","fBodyGyro-std()-Z",-0.543996110545454
"11382",18,"WALKING_UPSTAIRS","test data","fBodyGyro-std()-Z",-0.466022431206897
"11383",20,"STANDING","test data","fBodyGyro-std()-Z",-0.914872014383562
"11384",20,"SITTING","test data","fBodyGyro-std()-Z",-0.949176822121212
"11385",20,"LAYING","test data","fBodyGyro-std()-Z",-0.974995267058824
"11386",20,"WALKING","test data","fBodyGyro-std()-Z",-0.264957205764706
"11387",20,"WALKING_DOWNSTAIRS","test data","fBodyGyro-std()-Z",0.0183050845333333
"11388",20,"WALKING_UPSTAIRS","test data","fBodyGyro-std()-Z",0.095476833245098
"11389",24,"STANDING","test data","fBodyGyro-std()-Z",-0.972688652173913
"11390",24,"SITTING","test data","fBodyGyro-std()-Z",-0.972851787647059
"11391",24,"LAYING","test data","fBodyGyro-std()-Z",-0.983602745694445
"11392",24,"WALKING","test data","fBodyGyro-std()-Z",-0.453337858448276
"11393",24,"WALKING_DOWNSTAIRS","test data","fBodyGyro-std()-Z",-0.573281905454545
"11394",24,"WALKING_UPSTAIRS","test data","fBodyGyro-std()-Z",-0.311996408983051
"11395",1,"STANDING","training data","fBodyGyro-std()-Z",-0.98234533
"11396",1,"SITTING","training data","fBodyGyro-std()-Z",-0.94391784106383
"11397",1,"LAYING","training data","fBodyGyro-std()-Z",-0.9165825082
"11398",1,"WALKING","training data","fBodyGyro-std()-Z",-0.436562227473684
"11399",1,"WALKING_DOWNSTAIRS","training data","fBodyGyro-std()-Z",-0.238443565306122
"11400",1,"WALKING_UPSTAIRS","training data","fBodyGyro-std()-Z",-0.57170784
"11401",3,"STANDING","training data","fBodyGyro-std()-Z",-0.919743846065574
"11402",3,"SITTING","training data","fBodyGyro-std()-Z",-0.930633150769231
"11403",3,"LAYING","training data","fBodyGyro-std()-Z",-0.967256854193548
"11404",3,"WALKING","training data","fBodyGyro-std()-Z",-0.545896388103448
"11405",3,"WALKING_DOWNSTAIRS","training data","fBodyGyro-std()-Z",-0.548164313265306
"11406",3,"WALKING_UPSTAIRS","training data","fBodyGyro-std()-Z",-0.561097649661017
"11407",5,"STANDING","training data","fBodyGyro-std()-Z",-0.91678935625
"11408",5,"SITTING","training data","fBodyGyro-std()-Z",-0.947346476590909
"11409",5,"LAYING","training data","fBodyGyro-std()-Z",-0.963305738076923
"11410",5,"WALKING","training data","fBodyGyro-std()-Z",-0.420367075178571
"11411",5,"WALKING_DOWNSTAIRS","training data","fBodyGyro-std()-Z",-0.374705187021277
"11412",5,"WALKING_UPSTAIRS","training data","fBodyGyro-std()-Z",-0.380378006808511
"11413",6,"STANDING","training data","fBodyGyro-std()-Z",-0.95445570245614
"11414",6,"SITTING","training data","fBodyGyro-std()-Z",-0.947326797818182
"11415",6,"LAYING","training data","fBodyGyro-std()-Z",-0.947136774385965
"11416",6,"WALKING","training data","fBodyGyro-std()-Z",-0.512209233508772
"11417",6,"WALKING_DOWNSTAIRS","training data","fBodyGyro-std()-Z",-0.275667262770833
"11418",6,"WALKING_UPSTAIRS","training data","fBodyGyro-std()-Z",-0.309998085098039
"11419",7,"STANDING","training data","fBodyGyro-std()-Z",-0.954339406415094
"11420",7,"SITTING","training data","fBodyGyro-std()-Z",-0.939826018125
"11421",7,"LAYING","training data","fBodyGyro-std()-Z",-0.9588764125
"11422",7,"WALKING","training data","fBodyGyro-std()-Z",-0.463270018245614
"11423",7,"WALKING_DOWNSTAIRS","training data","fBodyGyro-std()-Z",-0.495120053191489
"11424",7,"WALKING_UPSTAIRS","training data","fBodyGyro-std()-Z",-0.393062890647059
"11425",8,"STANDING","training data","fBodyGyro-std()-Z",-0.975976456111111
"11426",8,"SITTING","training data","fBodyGyro-std()-Z",-0.962632253913044
"11427",8,"LAYING","training data","fBodyGyro-std()-Z",-0.970671966481481
"11428",8,"WALKING","training data","fBodyGyro-std()-Z",-0.1429742348125
"11429",8,"WALKING_DOWNSTAIRS","training data","fBodyGyro-std()-Z",-0.268253406210526
"11430",8,"WALKING_UPSTAIRS","training data","fBodyGyro-std()-Z",0.263202878429268
"11431",11,"STANDING","training data","fBodyGyro-std()-Z",-0.98230878106383
"11432",11,"SITTING","training data","fBodyGyro-std()-Z",-0.956802766792453
"11433",11,"LAYING","training data","fBodyGyro-std()-Z",-0.963183902982456
"11434",11,"WALKING","training data","fBodyGyro-std()-Z",-0.498554639491525
"11435",11,"WALKING_DOWNSTAIRS","training data","fBodyGyro-std()-Z",-0.397220471086957
"11436",11,"WALKING_UPSTAIRS","training data","fBodyGyro-std()-Z",-0.729928728518519
"11437",14,"STANDING","training data","fBodyGyro-std()-Z",-0.950162705166667
"11438",14,"SITTING","training data","fBodyGyro-std()-Z",-0.956028807962963
"11439",14,"LAYING","training data","fBodyGyro-std()-Z",-0.957790479803922
"11440",14,"WALKING","training data","fBodyGyro-std()-Z",-0.180232949016949
"11441",14,"WALKING_DOWNSTAIRS","training data","fBodyGyro-std()-Z",0.182794696328889
"11442",14,"WALKING_UPSTAIRS","training data","fBodyGyro-std()-Z",0.522454216314815
"11443",15,"STANDING","training data","fBodyGyro-std()-Z",-0.971282183584906
"11444",15,"SITTING","training data","fBodyGyro-std()-Z",-0.966228648305085
"11445",15,"LAYING","training data","fBodyGyro-std()-Z",-0.960015831111111
"11446",15,"WALKING","training data","fBodyGyro-std()-Z",-0.543997593703704
"11447",15,"WALKING_DOWNSTAIRS","training data","fBodyGyro-std()-Z",-0.3436733
"11448",15,"WALKING_UPSTAIRS","training data","fBodyGyro-std()-Z",-0.523744300833333
"11449",16,"STANDING","training data","fBodyGyro-std()-Z",-0.983527402051282
"11450",16,"SITTING","training data","fBodyGyro-std()-Z",-0.964270052318841
"11451",16,"LAYING","training data","fBodyGyro-std()-Z",-0.985730995857143
"11452",16,"WALKING","training data","fBodyGyro-std()-Z",-0.403219791372549
"11453",16,"WALKING_DOWNSTAIRS","training data","fBodyGyro-std()-Z",-0.521100818723404
"11454",16,"WALKING_UPSTAIRS","training data","fBodyGyro-std()-Z",-0.387309489901961
"11455",17,"STANDING","training data","fBodyGyro-std()-Z",-0.986725274871795
"11456",17,"SITTING","training data","fBodyGyro-std()-Z",-0.9809696453125
"11457",17,"LAYING","training data","fBodyGyro-std()-Z",-0.978357126056338
"11458",17,"WALKING","training data","fBodyGyro-std()-Z",-0.438768699508197
"11459",17,"WALKING_DOWNSTAIRS","training data","fBodyGyro-std()-Z",-0.540949520217391
"11460",17,"WALKING_UPSTAIRS","training data","fBodyGyro-std()-Z",-0.2778914704375
"11461",19,"STANDING","training data","fBodyGyro-std()-Z",-0.963212791780822
"11462",19,"SITTING","training data","fBodyGyro-std()-Z",-0.967869249178082
"11463",19,"LAYING","training data","fBodyGyro-std()-Z",-0.975417523855422
"11464",19,"WALKING","training data","fBodyGyro-std()-Z",-0.220271190807692
"11465",19,"WALKING_DOWNSTAIRS","training data","fBodyGyro-std()-Z",-0.215892226769231
"11466",19,"WALKING_UPSTAIRS","training data","fBodyGyro-std()-Z",-0.207498123525
"11467",21,"STANDING","training data","fBodyGyro-std()-Z",-0.963124572134831
"11468",21,"SITTING","training data","fBodyGyro-std()-Z",-0.979130678470588
"11469",21,"LAYING","training data","fBodyGyro-std()-Z",-0.983270707333333
"11470",21,"WALKING","training data","fBodyGyro-std()-Z",-0.385505359038462
"11471",21,"WALKING_DOWNSTAIRS","training data","fBodyGyro-std()-Z",-0.450772139111111
"11472",21,"WALKING_UPSTAIRS","training data","fBodyGyro-std()-Z",0.0130916351042553
"11473",22,"STANDING","training data","fBodyGyro-std()-Z",-0.963652778888889
"11474",22,"SITTING","training data","fBodyGyro-std()-Z",-0.951045695483871
"11475",22,"LAYING","training data","fBodyGyro-std()-Z",-0.936965638611111
"11476",22,"WALKING","training data","fBodyGyro-std()-Z",-0.253173876956522
"11477",22,"WALKING_DOWNSTAIRS","training data","fBodyGyro-std()-Z",-0.377319033611111
"11478",22,"WALKING_UPSTAIRS","training data","fBodyGyro-std()-Z",-0.222431794690476
"11479",23,"STANDING","training data","fBodyGyro-std()-Z",-0.9642499225
"11480",23,"SITTING","training data","fBodyGyro-std()-Z",-0.961914054264706
"11481",23,"LAYING","training data","fBodyGyro-std()-Z",-0.98531784125
"11482",23,"WALKING","training data","fBodyGyro-std()-Z",-0.287820868152542
"11483",23,"WALKING_DOWNSTAIRS","training data","fBodyGyro-std()-Z",-0.305896699222222
"11484",23,"WALKING_UPSTAIRS","training data","fBodyGyro-std()-Z",-0.0822521122215686
"11485",25,"STANDING","training data","fBodyGyro-std()-Z",-0.974982088108108
"11486",25,"SITTING","training data","fBodyGyro-std()-Z",-0.974172870615385
"11487",25,"LAYING","training data","fBodyGyro-std()-Z",-0.915467504246575
"11488",25,"WALKING","training data","fBodyGyro-std()-Z",-0.603544209459459
"11489",25,"WALKING_DOWNSTAIRS","training data","fBodyGyro-std()-Z",-0.506738306724138
"11490",25,"WALKING_UPSTAIRS","training data","fBodyGyro-std()-Z",-0.601112612153846
"11491",26,"STANDING","training data","fBodyGyro-std()-Z",-0.977351005
"11492",26,"SITTING","training data","fBodyGyro-std()-Z",-0.968266666923077
"11493",26,"LAYING","training data","fBodyGyro-std()-Z",-0.971789046710526
"11494",26,"WALKING","training data","fBodyGyro-std()-Z",-0.426232090508475
"11495",26,"WALKING_DOWNSTAIRS","training data","fBodyGyro-std()-Z",-0.434482187
"11496",26,"WALKING_UPSTAIRS","training data","fBodyGyro-std()-Z",-0.362052183090909
"11497",27,"STANDING","training data","fBodyGyro-std()-Z",-0.983105048875
"11498",27,"SITTING","training data","fBodyGyro-std()-Z",-0.977595519142857
"11499",27,"LAYING","training data","fBodyGyro-std()-Z",-0.980096438108108
"11500",27,"WALKING","training data","fBodyGyro-std()-Z",-0.297847512280702
"11501",27,"WALKING_DOWNSTAIRS","training data","fBodyGyro-std()-Z",-0.367816046590909
"11502",27,"WALKING_UPSTAIRS","training data","fBodyGyro-std()-Z",-0.183508696647059
"11503",28,"STANDING","training data","fBodyGyro-std()-Z",-0.932039083037975
"11504",28,"SITTING","training data","fBodyGyro-std()-Z",-0.961561036111111
"11505",28,"LAYING","training data","fBodyGyro-std()-Z",-0.966312024
"11506",28,"WALKING","training data","fBodyGyro-std()-Z",-0.308243390425926
"11507",28,"WALKING_DOWNSTAIRS","training data","fBodyGyro-std()-Z",-0.416505886304348
"11508",28,"WALKING_UPSTAIRS","training data","fBodyGyro-std()-Z",-0.22624337505098
"11509",29,"STANDING","training data","fBodyGyro-std()-Z",-0.984714226461538
"11510",29,"SITTING","training data","fBodyGyro-std()-Z",-0.972912517166667
"11511",29,"LAYING","training data","fBodyGyro-std()-Z",-0.976858964492754
"11512",29,"WALKING","training data","fBodyGyro-std()-Z",-0.494117483018868
"11513",29,"WALKING_DOWNSTAIRS","training data","fBodyGyro-std()-Z",-0.416165845833333
"11514",29,"WALKING_UPSTAIRS","training data","fBodyGyro-std()-Z",-0.444153056530612
"11515",30,"STANDING","training data","fBodyGyro-std()-Z",-0.935176884915254
"11516",30,"SITTING","training data","fBodyGyro-std()-Z",-0.95730868516129
"11517",30,"LAYING","training data","fBodyGyro-std()-Z",-0.972199238
"11518",30,"WALKING","training data","fBodyGyro-std()-Z",-0.237941473615385
"11519",30,"WALKING_DOWNSTAIRS","training data","fBodyGyro-std()-Z",-0.371541476129032
"11520",30,"WALKING_UPSTAIRS","training data","fBodyGyro-std()-Z",-0.253427074984615
"11521",2,"STANDING","test data","fBodyGyro-meanFreq()-X",-0.107416045074074
"11522",2,"SITTING","test data","fBodyGyro-meanFreq()-X",0.130523120891304
"11523",2,"LAYING","test data","fBodyGyro-meanFreq()-X",0.10261131938125
"11524",2,"WALKING","test data","fBodyGyro-meanFreq()-X",0.00727967988474576
"11525",2,"WALKING_DOWNSTAIRS","test data","fBodyGyro-meanFreq()-X",-0.0375298023191489
"11526",2,"WALKING_UPSTAIRS","test data","fBodyGyro-meanFreq()-X",-0.115324433733333
"11527",4,"STANDING","test data","fBodyGyro-meanFreq()-X",-0.2748096406875
"11528",4,"SITTING","test data","fBodyGyro-meanFreq()-X",0.1090926580982
"11529",4,"LAYING","test data","fBodyGyro-meanFreq()-X",-0.0660921823944444
"11530",4,"WALKING","test data","fBodyGyro-meanFreq()-X",-0.12715408578
"11531",4,"WALKING_DOWNSTAIRS","test data","fBodyGyro-meanFreq()-X",-0.127145376957778
"11532",4,"WALKING_UPSTAIRS","test data","fBodyGyro-meanFreq()-X",-0.206073104096154
"11533",9,"STANDING","test data","fBodyGyro-meanFreq()-X",-0.222857823644444
"11534",9,"SITTING","test data","fBodyGyro-meanFreq()-X",-0.128144114548
"11535",9,"LAYING","test data","fBodyGyro-meanFreq()-X",-0.23069917904112
"11536",9,"WALKING","test data","fBodyGyro-meanFreq()-X",-0.200624503730769
"11537",9,"WALKING_DOWNSTAIRS","test data","fBodyGyro-meanFreq()-X",-0.165224231566667
"11538",9,"WALKING_UPSTAIRS","test data","fBodyGyro-meanFreq()-X",-0.284881768510204
"11539",10,"STANDING","test data","fBodyGyro-meanFreq()-X",-0.281787222606818
"11540",10,"SITTING","test data","fBodyGyro-meanFreq()-X",0.214105020574074
"11541",10,"LAYING","test data","fBodyGyro-meanFreq()-X",0.0707575751344828
"11542",10,"WALKING","test data","fBodyGyro-meanFreq()-X",-0.0933671419018868
"11543",10,"WALKING_DOWNSTAIRS","test data","fBodyGyro-meanFreq()-X",-0.177215651634211
"11544",10,"WALKING_UPSTAIRS","test data","fBodyGyro-meanFreq()-X",-0.235765046724681
"11545",12,"STANDING","test data","fBodyGyro-meanFreq()-X",-0.241064349721311
"11546",12,"SITTING","test data","fBodyGyro-meanFreq()-X",-0.0625086985784314
"11547",12,"LAYING","test data","fBodyGyro-meanFreq()-X",0.010569757505
"11548",12,"WALKING","test data","fBodyGyro-meanFreq()-X",0.020408840122
"11549",12,"WALKING_DOWNSTAIRS","test data","fBodyGyro-meanFreq()-X",-0.0548123387391304
"11550",12,"WALKING_UPSTAIRS","test data","fBodyGyro-meanFreq()-X",-0.158314160701923
"11551",13,"STANDING","test data","fBodyGyro-meanFreq()-X",-0.25106304754386
"11552",13,"SITTING","test data","fBodyGyro-meanFreq()-X",0.100550894587755
"11553",13,"LAYING","test data","fBodyGyro-meanFreq()-X",-0.101926540451613
"11554",13,"WALKING","test data","fBodyGyro-meanFreq()-X",-0.0229089170754386
"11555",13,"WALKING_DOWNSTAIRS","test data","fBodyGyro-meanFreq()-X",-0.174691860038298
"11556",13,"WALKING_UPSTAIRS","test data","fBodyGyro-meanFreq()-X",-0.211194498501818
"11557",18,"STANDING","test data","fBodyGyro-meanFreq()-X",-0.250059300982877
"11558",18,"SITTING","test data","fBodyGyro-meanFreq()-X",0.113674949989474
"11559",18,"LAYING","test data","fBodyGyro-meanFreq()-X",0.0551564162938462
"11560",18,"WALKING","test data","fBodyGyro-meanFreq()-X",0.0182394601107143
"11561",18,"WALKING_DOWNSTAIRS","test data","fBodyGyro-meanFreq()-X",-0.300670600338182
"11562",18,"WALKING_UPSTAIRS","test data","fBodyGyro-meanFreq()-X",-0.304205040627586
"11563",20,"STANDING","test data","fBodyGyro-meanFreq()-X",-0.358192762694521
"11564",20,"SITTING","test data","fBodyGyro-meanFreq()-X",-0.0327018882469697
"11565",20,"LAYING","test data","fBodyGyro-meanFreq()-X",-0.0430078509941176
"11566",20,"WALKING","test data","fBodyGyro-meanFreq()-X",-0.0966990321215686
"11567",20,"WALKING_DOWNSTAIRS","test data","fBodyGyro-meanFreq()-X",-0.221550022017778
"11568",20,"WALKING_UPSTAIRS","test data","fBodyGyro-meanFreq()-X",-0.157268645741765
"11569",24,"STANDING","test data","fBodyGyro-meanFreq()-X",-0.289553437595652
"11570",24,"SITTING","test data","fBodyGyro-meanFreq()-X",0.0410327203470588
"11571",24,"LAYING","test data","fBodyGyro-meanFreq()-X",0.213437011386111
"11572",24,"WALKING","test data","fBodyGyro-meanFreq()-X",-0.0550991955691379
"11573",24,"WALKING_DOWNSTAIRS","test data","fBodyGyro-meanFreq()-X",-0.0545287366636364
"11574",24,"WALKING_UPSTAIRS","test data","fBodyGyro-meanFreq()-X",-0.187707848118644
"11575",1,"STANDING","training data","fBodyGyro-meanFreq()-X",-0.120293020603774
"11576",1,"SITTING","training data","fBodyGyro-meanFreq()-X",0.189153021260851
"11577",1,"LAYING","training data","fBodyGyro-meanFreq()-X",-0.003546795856
"11578",1,"WALKING","training data","fBodyGyro-meanFreq()-X",0.0147844986621053
"11579",1,"WALKING_DOWNSTAIRS","training data","fBodyGyro-meanFreq()-X",-0.100453729040816
"11580",1,"WALKING_UPSTAIRS","training data","fBodyGyro-meanFreq()-X",-0.187450247737736
"11581",3,"STANDING","training data","fBodyGyro-meanFreq()-X",-0.297107441654098
"11582",3,"SITTING","training data","fBodyGyro-meanFreq()-X",0.0520844490903846
"11583",3,"LAYING","training data","fBodyGyro-meanFreq()-X",-0.0822166454290323
"11584",3,"WALKING","training data","fBodyGyro-meanFreq()-X",0.0337596901293103
"11585",3,"WALKING_DOWNSTAIRS","training data","fBodyGyro-meanFreq()-X",-0.159888621187755
"11586",3,"WALKING_UPSTAIRS","training data","fBodyGyro-meanFreq()-X",-0.145536204410169
"11587",5,"STANDING","training data","fBodyGyro-meanFreq()-X",-0.178598410944643
"11588",5,"SITTING","training data","fBodyGyro-meanFreq()-X",0.125891358536364
"11589",5,"LAYING","training data","fBodyGyro-meanFreq()-X",-0.0227235857115385
"11590",5,"WALKING","training data","fBodyGyro-meanFreq()-X",-0.0458601936214286
"11591",5,"WALKING_DOWNSTAIRS","training data","fBodyGyro-meanFreq()-X",-0.00892286550425532
"11592",5,"WALKING_UPSTAIRS","training data","fBodyGyro-meanFreq()-X",-0.0615803357659574
"11593",6,"STANDING","training data","fBodyGyro-meanFreq()-X",-0.114716166140877
"11594",6,"SITTING","training data","fBodyGyro-meanFreq()-X",0.139409516872727
"11595",6,"LAYING","training data","fBodyGyro-meanFreq()-X",0.102549066280877
"11596",6,"WALKING","training data","fBodyGyro-meanFreq()-X",0.0912409729185965
"11597",6,"WALKING_DOWNSTAIRS","training data","fBodyGyro-meanFreq()-X",0.00150446630625
"11598",6,"WALKING_UPSTAIRS","training data","fBodyGyro-meanFreq()-X",-0.0559140146313725
"11599",7,"STANDING","training data","fBodyGyro-meanFreq()-X",-0.188057605981132
"11600",7,"SITTING","training data","fBodyGyro-meanFreq()-X",-0.071630230475
"11601",7,"LAYING","training data","fBodyGyro-meanFreq()-X",-0.139745225083077
"11602",7,"WALKING","training data","fBodyGyro-meanFreq()-X",0.111912537380702
"11603",7,"WALKING_DOWNSTAIRS","training data","fBodyGyro-meanFreq()-X",-0.219867702034043
"11604",7,"WALKING_UPSTAIRS","training data","fBodyGyro-meanFreq()-X",-0.329345936647059
"11605",8,"STANDING","training data","fBodyGyro-meanFreq()-X",-0.154243187048148
"11606",8,"SITTING","training data","fBodyGyro-meanFreq()-X",0.116741556823913
"11607",8,"LAYING","training data","fBodyGyro-meanFreq()-X",-0.105590903972222
"11608",8,"WALKING","training data","fBodyGyro-meanFreq()-X",-0.176032065666667
"11609",8,"WALKING_DOWNSTAIRS","training data","fBodyGyro-meanFreq()-X",-0.177172958760526
"11610",8,"WALKING_UPSTAIRS","training data","fBodyGyro-meanFreq()-X",-0.221044979219512
"11611",11,"STANDING","training data","fBodyGyro-meanFreq()-X",-0.129935993361702
"11612",11,"SITTING","training data","fBodyGyro-meanFreq()-X",0.115678529336604
"11613",11,"LAYING","training data","fBodyGyro-meanFreq()-X",0.00610819990350877
"11614",11,"WALKING","training data","fBodyGyro-meanFreq()-X",-0.175946093932203
"11615",11,"WALKING_DOWNSTAIRS","training data","fBodyGyro-meanFreq()-X",-0.263295935608696
"11616",11,"WALKING_UPSTAIRS","training data","fBodyGyro-meanFreq()-X",-0.245040398462963
"11617",14,"STANDING","training data","fBodyGyro-meanFreq()-X",-0.306015725890333
"11618",14,"SITTING","training data","fBodyGyro-meanFreq()-X",-0.107487047964444
"11619",14,"LAYING","training data","fBodyGyro-meanFreq()-X",-0.236882321219608
"11620",14,"WALKING","training data","fBodyGyro-meanFreq()-X",-0.159441618728814
"11621",14,"WALKING_DOWNSTAIRS","training data","fBodyGyro-meanFreq()-X",-0.250106322244444
"11622",14,"WALKING_UPSTAIRS","training data","fBodyGyro-meanFreq()-X",-0.389723705407407
"11623",15,"STANDING","training data","fBodyGyro-meanFreq()-X",-0.188670854654717
"11624",15,"SITTING","training data","fBodyGyro-meanFreq()-X",0.10547568285661
"11625",15,"LAYING","training data","fBodyGyro-meanFreq()-X",-0.154987482663889
"11626",15,"WALKING","training data","fBodyGyro-meanFreq()-X",-0.149193146411111
"11627",15,"WALKING_DOWNSTAIRS","training data","fBodyGyro-meanFreq()-X",-0.246346934452381
"11628",15,"WALKING_UPSTAIRS","training data","fBodyGyro-meanFreq()-X",-0.284366648060417
"11629",16,"STANDING","training data","fBodyGyro-meanFreq()-X",-0.117570139566667
"11630",16,"SITTING","training data","fBodyGyro-meanFreq()-X",0.138693078721014
"11631",16,"LAYING","training data","fBodyGyro-meanFreq()-X",-0.125551597817143
"11632",16,"WALKING","training data","fBodyGyro-meanFreq()-X",-0.184031594529412
"11633",16,"WALKING_DOWNSTAIRS","training data","fBodyGyro-meanFreq()-X",-0.282624940382979
"11634",16,"WALKING_UPSTAIRS","training data","fBodyGyro-meanFreq()-X",-0.380643599411765
"11635",17,"STANDING","training data","fBodyGyro-meanFreq()-X",-0.139034612666154
"11636",17,"SITTING","training data","fBodyGyro-meanFreq()-X",0.167684958779688
"11637",17,"LAYING","training data","fBodyGyro-meanFreq()-X",0.00656792310211268
"11638",17,"WALKING","training data","fBodyGyro-meanFreq()-X",-0.102582658990164
"11639",17,"WALKING_DOWNSTAIRS","training data","fBodyGyro-meanFreq()-X",-0.279498021580435
"11640",17,"WALKING_UPSTAIRS","training data","fBodyGyro-meanFreq()-X",-0.230933831489583
"11641",19,"STANDING","training data","fBodyGyro-meanFreq()-X",-0.283665469939726
"11642",19,"SITTING","training data","fBodyGyro-meanFreq()-X",-0.0192868116287671
"11643",19,"LAYING","training data","fBodyGyro-meanFreq()-X",0.249209411510602
"11644",19,"WALKING","training data","fBodyGyro-meanFreq()-X",-0.0936162175923077
"11645",19,"WALKING_DOWNSTAIRS","training data","fBodyGyro-meanFreq()-X",-0.147027421297436
"11646",19,"WALKING_UPSTAIRS","training data","fBodyGyro-meanFreq()-X",0.0111728554515
"11647",21,"STANDING","training data","fBodyGyro-meanFreq()-X",-0.187974567774157
"11648",21,"SITTING","training data","fBodyGyro-meanFreq()-X",0.0890460544552941
"11649",21,"LAYING","training data","fBodyGyro-meanFreq()-X",-0.105481413654444
"11650",21,"WALKING","training data","fBodyGyro-meanFreq()-X",-0.01686389495
"11651",21,"WALKING_DOWNSTAIRS","training data","fBodyGyro-meanFreq()-X",-0.221663381608889
"11652",21,"WALKING_UPSTAIRS","training data","fBodyGyro-meanFreq()-X",-0.144902649710638
"11653",22,"STANDING","training data","fBodyGyro-meanFreq()-X",-0.391232979904762
"11654",22,"SITTING","training data","fBodyGyro-meanFreq()-X",-0.0392582344514516
"11655",22,"LAYING","training data","fBodyGyro-meanFreq()-X",-0.116959069579167
"11656",22,"WALKING","training data","fBodyGyro-meanFreq()-X",-0.0375243720869565
"11657",22,"WALKING_DOWNSTAIRS","training data","fBodyGyro-meanFreq()-X",-0.191963043893889
"11658",22,"WALKING_UPSTAIRS","training data","fBodyGyro-meanFreq()-X",-0.203542110833333
"11659",23,"STANDING","training data","fBodyGyro-meanFreq()-X",-0.291595924892647
"11660",23,"SITTING","training data","fBodyGyro-meanFreq()-X",0.0704401990367647
"11661",23,"LAYING","training data","fBodyGyro-meanFreq()-X",0.13145543361875
"11662",23,"WALKING","training data","fBodyGyro-meanFreq()-X",-0.00734779774576271
"11663",23,"WALKING_DOWNSTAIRS","training data","fBodyGyro-meanFreq()-X",0.0216333667314815
"11664",23,"WALKING_UPSTAIRS","training data","fBodyGyro-meanFreq()-X",-0.0887030529117647
"11665",25,"STANDING","training data","fBodyGyro-meanFreq()-X",-0.185802650362162
"11666",25,"SITTING","training data","fBodyGyro-meanFreq()-X",0.136192219210769
"11667",25,"LAYING","training data","fBodyGyro-meanFreq()-X",-0.205003716106849
"11668",25,"WALKING","training data","fBodyGyro-meanFreq()-X",-0.333688631904054
"11669",25,"WALKING_DOWNSTAIRS","training data","fBodyGyro-meanFreq()-X",-0.269850388246552
"11670",25,"WALKING_UPSTAIRS","training data","fBodyGyro-meanFreq()-X",-0.380037333615385
"11671",26,"STANDING","training data","fBodyGyro-meanFreq()-X",-0.166415001236892
"11672",26,"SITTING","training data","fBodyGyro-meanFreq()-X",0.106739301755128
"11673",26,"LAYING","training data","fBodyGyro-meanFreq()-X",0.153049810180263
"11674",26,"WALKING","training data","fBodyGyro-meanFreq()-X",-0.0837596098474576
"11675",26,"WALKING_DOWNSTAIRS","training data","fBodyGyro-meanFreq()-X",-0.10932502666
"11676",26,"WALKING_UPSTAIRS","training data","fBodyGyro-meanFreq()-X",-0.0693017133890909
"11677",27,"STANDING","training data","fBodyGyro-meanFreq()-X",-0.24681962557625
"11678",27,"SITTING","training data","fBodyGyro-meanFreq()-X",0.0280636008338571
"11679",27,"LAYING","training data","fBodyGyro-meanFreq()-X",0.0911101099674324
"11680",27,"WALKING","training data","fBodyGyro-meanFreq()-X",-0.0405734629829825
"11681",27,"WALKING_DOWNSTAIRS","training data","fBodyGyro-meanFreq()-X",-0.181812746586364
"11682",27,"WALKING_UPSTAIRS","training data","fBodyGyro-meanFreq()-X",-0.238720731606078
"11683",28,"STANDING","training data","fBodyGyro-meanFreq()-X",-0.316450050358228
"11684",28,"SITTING","training data","fBodyGyro-meanFreq()-X",0.0177422487072222
"11685",28,"LAYING","training data","fBodyGyro-meanFreq()-X",-0.2588609698375
"11686",28,"WALKING","training data","fBodyGyro-meanFreq()-X",-0.0620196965592593
"11687",28,"WALKING_DOWNSTAIRS","training data","fBodyGyro-meanFreq()-X",-0.0923021807173913
"11688",28,"WALKING_UPSTAIRS","training data","fBodyGyro-meanFreq()-X",-0.115729101443137
"11689",29,"STANDING","training data","fBodyGyro-meanFreq()-X",-0.105103421435385
"11690",29,"SITTING","training data","fBodyGyro-meanFreq()-X",0.0698387733133333
"11691",29,"LAYING","training data","fBodyGyro-meanFreq()-X",0.23594998557971
"11692",29,"WALKING","training data","fBodyGyro-meanFreq()-X",0.180832984196226
"11693",29,"WALKING_DOWNSTAIRS","training data","fBodyGyro-meanFreq()-X",-0.172300403285625
"11694",29,"WALKING_UPSTAIRS","training data","fBodyGyro-meanFreq()-X",-0.291046726669388
"11695",30,"STANDING","training data","fBodyGyro-meanFreq()-X",-0.393526161
"11696",30,"SITTING","training data","fBodyGyro-meanFreq()-X",-0.0154022432258065
"11697",30,"LAYING","training data","fBodyGyro-meanFreq()-X",-0.06617939667
"11698",30,"WALKING","training data","fBodyGyro-meanFreq()-X",-0.207685653438462
"11699",30,"WALKING_DOWNSTAIRS","training data","fBodyGyro-meanFreq()-X",-0.395770150677419
"11700",30,"WALKING_UPSTAIRS","training data","fBodyGyro-meanFreq()-X",-0.336954240521538
"11701",2,"STANDING","test data","fBodyGyro-meanFreq()-Y",-0.171160370096296
"11702",2,"SITTING","test data","fBodyGyro-meanFreq()-Y",-0.192142737913043
"11703",2,"LAYING","test data","fBodyGyro-meanFreq()-Y",0.04228066839375
"11704",2,"WALKING","test data","fBodyGyro-meanFreq()-Y",-0.0427009322372881
"11705",2,"WALKING_DOWNSTAIRS","test data","fBodyGyro-meanFreq()-Y",0.0770894557234043
"11706",2,"WALKING_UPSTAIRS","test data","fBodyGyro-meanFreq()-Y",-0.130357850675
"11707",4,"STANDING","test data","fBodyGyro-meanFreq()-Y",-0.364372374642857
"11708",4,"SITTING","test data","fBodyGyro-meanFreq()-Y",-0.394745539548
"11709",4,"LAYING","test data","fBodyGyro-meanFreq()-Y",-0.526889995562963
"11710",4,"WALKING","test data","fBodyGyro-meanFreq()-Y",-0.27466563765
"11711",4,"WALKING_DOWNSTAIRS","test data","fBodyGyro-meanFreq()-Y",-0.185485631124444
"11712",4,"WALKING_UPSTAIRS","test data","fBodyGyro-meanFreq()-Y",-0.491527600961538
"11713",9,"STANDING","test data","fBodyGyro-meanFreq()-Y",-0.348959970422222
"11714",9,"SITTING","test data","fBodyGyro-meanFreq()-Y",-0.359739581712
"11715",9,"LAYING","test data","fBodyGyro-meanFreq()-Y",-0.321206958058
"11716",9,"WALKING","test data","fBodyGyro-meanFreq()-Y",0.0164815831107692
"11717",9,"WALKING_DOWNSTAIRS","test data","fBodyGyro-meanFreq()-Y",-0.00351697116904762
"11718",9,"WALKING_UPSTAIRS","test data","fBodyGyro-meanFreq()-Y",-0.414946340204082
"11719",10,"STANDING","test data","fBodyGyro-meanFreq()-Y",-0.164082230704545
"11720",10,"SITTING","test data","fBodyGyro-meanFreq()-Y",0.0677252285555556
"11721",10,"LAYING","test data","fBodyGyro-meanFreq()-Y",0.0713125646482759
"11722",10,"WALKING","test data","fBodyGyro-meanFreq()-Y",-0.122109929924528
"11723",10,"WALKING_DOWNSTAIRS","test data","fBodyGyro-meanFreq()-Y",-0.00555958745263158
"11724",10,"WALKING_UPSTAIRS","test data","fBodyGyro-meanFreq()-Y",-0.421428722680851
"11725",12,"STANDING","test data","fBodyGyro-meanFreq()-Y",-0.143868272885738
"11726",12,"SITTING","test data","fBodyGyro-meanFreq()-Y",-0.1941602972
"11727",12,"LAYING","test data","fBodyGyro-meanFreq()-Y",-0.0199866541433333
"11728",12,"WALKING","test data","fBodyGyro-meanFreq()-Y",-0.025458442506
"11729",12,"WALKING_DOWNSTAIRS","test data","fBodyGyro-meanFreq()-Y",0.110212109891304
"11730",12,"WALKING_UPSTAIRS","test data","fBodyGyro-meanFreq()-Y",-0.351127976519231
"11731",13,"STANDING","test data","fBodyGyro-meanFreq()-Y",-0.170676014929825
"11732",13,"SITTING","test data","fBodyGyro-meanFreq()-Y",-0.106178686469388
"11733",13,"LAYING","test data","fBodyGyro-meanFreq()-Y",-0.042663103
"11734",13,"WALKING","test data","fBodyGyro-meanFreq()-Y",0.0741273597017544
"11735",13,"WALKING_DOWNSTAIRS","test data","fBodyGyro-meanFreq()-Y",0.0665268394489362
"11736",13,"WALKING_UPSTAIRS","test data","fBodyGyro-meanFreq()-Y",-0.293383223927273
"11737",18,"STANDING","test data","fBodyGyro-meanFreq()-Y",-0.264498462054794
"11738",18,"SITTING","test data","fBodyGyro-meanFreq()-Y",-0.150376356784211
"11739",18,"LAYING","test data","fBodyGyro-meanFreq()-Y",-0.0556054116769231
"11740",18,"WALKING","test data","fBodyGyro-meanFreq()-Y",-0.281459547160179
"11741",18,"WALKING_DOWNSTAIRS","test data","fBodyGyro-meanFreq()-Y",-0.235263359818182
"11742",18,"WALKING_UPSTAIRS","test data","fBodyGyro-meanFreq()-Y",-0.502729412913793
"11743",20,"STANDING","test data","fBodyGyro-meanFreq()-Y",-0.360072092194521
"11744",20,"SITTING","test data","fBodyGyro-meanFreq()-Y",-0.314720986151515
"11745",20,"LAYING","test data","fBodyGyro-meanFreq()-Y",-0.0784003340588235
"11746",20,"WALKING","test data","fBodyGyro-meanFreq()-Y",0.00139730354666667
"11747",20,"WALKING_DOWNSTAIRS","test data","fBodyGyro-meanFreq()-Y",-0.0945291604666667
"11748",20,"WALKING_UPSTAIRS","test data","fBodyGyro-meanFreq()-Y",-0.260134951568627
"11749",24,"STANDING","test data","fBodyGyro-meanFreq()-Y",-0.12902696413913
"11750",24,"SITTING","test data","fBodyGyro-meanFreq()-Y",-0.281538204205882
"11751",24,"LAYING","test data","fBodyGyro-meanFreq()-Y",-0.1812152290875
"11752",24,"WALKING","test data","fBodyGyro-meanFreq()-Y",0.0479956663948276
"11753",24,"WALKING_DOWNSTAIRS","test data","fBodyGyro-meanFreq()-Y",0.0935884644618182
"11754",24,"WALKING_UPSTAIRS","test data","fBodyGyro-meanFreq()-Y",-0.067744122479661
"11755",1,"STANDING","training data","fBodyGyro-meanFreq()-Y",-0.0447191978169811
"11756",1,"SITTING","training data","fBodyGyro-meanFreq()-Y",0.0631270669787234
"11757",1,"LAYING","training data","fBodyGyro-meanFreq()-Y",-0.091529130882
"11758",1,"WALKING","training data","fBodyGyro-meanFreq()-Y",-0.0657746190010526
"11759",1,"WALKING_DOWNSTAIRS","training data","fBodyGyro-meanFreq()-Y",0.0825511487183673
"11760",1,"WALKING_UPSTAIRS","training data","fBodyGyro-meanFreq()-Y",-0.473574786603774
"11761",3,"STANDING","training data","fBodyGyro-meanFreq()-Y",-0.316011207026229
"11762",3,"SITTING","training data","fBodyGyro-meanFreq()-Y",-0.166042259123077
"11763",3,"LAYING","training data","fBodyGyro-meanFreq()-Y",-0.0266820108903226
"11764",3,"WALKING","training data","fBodyGyro-meanFreq()-Y",-0.0379896505362069
"11765",3,"WALKING_DOWNSTAIRS","training data","fBodyGyro-meanFreq()-Y",-0.109972458132653
"11766",3,"WALKING_UPSTAIRS","training data","fBodyGyro-meanFreq()-Y",-0.339321487559322
"11767",5,"STANDING","training data","fBodyGyro-meanFreq()-Y",-0.162944927001786
"11768",5,"SITTING","training data","fBodyGyro-meanFreq()-Y",-0.187706341013636
"11769",5,"LAYING","training data","fBodyGyro-meanFreq()-Y",0.06812484775
"11770",5,"WALKING","training data","fBodyGyro-meanFreq()-Y",-0.0191860123089286
"11771",5,"WALKING_DOWNSTAIRS","training data","fBodyGyro-meanFreq()-Y",-0.00764242092148936
"11772",5,"WALKING_UPSTAIRS","training data","fBodyGyro-meanFreq()-Y",-0.138063832148936
"11773",6,"STANDING","training data","fBodyGyro-meanFreq()-Y",-0.195978463377193
"11774",6,"SITTING","training data","fBodyGyro-meanFreq()-Y",-0.129239217950909
"11775",6,"LAYING","training data","fBodyGyro-meanFreq()-Y",0.0236567802333333
"11776",6,"WALKING","training data","fBodyGyro-meanFreq()-Y",0.0416267535368421
"11777",6,"WALKING_DOWNSTAIRS","training data","fBodyGyro-meanFreq()-Y",0.15112587523125
"11778",6,"WALKING_UPSTAIRS","training data","fBodyGyro-meanFreq()-Y",-0.129471190964706
"11779",7,"STANDING","training data","fBodyGyro-meanFreq()-Y",-0.298448698150943
"11780",7,"SITTING","training data","fBodyGyro-meanFreq()-Y",-0.308762329160625
"11781",7,"LAYING","training data","fBodyGyro-meanFreq()-Y",-0.453725644769231
"11782",7,"WALKING","training data","fBodyGyro-meanFreq()-Y",0.273141323315789
"11783",7,"WALKING_DOWNSTAIRS","training data","fBodyGyro-meanFreq()-Y",0.20056627145234
"11784",7,"WALKING_UPSTAIRS","training data","fBodyGyro-meanFreq()-Y",-0.0541175360431373
"11785",8,"STANDING","training data","fBodyGyro-meanFreq()-Y",-0.197392513112963
"11786",8,"SITTING","training data","fBodyGyro-meanFreq()-Y",-0.261139449513043
"11787",8,"LAYING","training data","fBodyGyro-meanFreq()-Y",-0.199880205519074
"11788",8,"WALKING","training data","fBodyGyro-meanFreq()-Y",-0.102881607560417
"11789",8,"WALKING_DOWNSTAIRS","training data","fBodyGyro-meanFreq()-Y",0.0716794237631579
"11790",8,"WALKING_UPSTAIRS","training data","fBodyGyro-meanFreq()-Y",-0.184403755490244
"11791",11,"STANDING","training data","fBodyGyro-meanFreq()-Y",0.11920123437234
"11792",11,"SITTING","training data","fBodyGyro-meanFreq()-Y",-0.102473210571698
"11793",11,"LAYING","training data","fBodyGyro-meanFreq()-Y",0.104942477754386
"11794",11,"WALKING","training data","fBodyGyro-meanFreq()-Y",-0.297177112525424
"11795",11,"WALKING_DOWNSTAIRS","training data","fBodyGyro-meanFreq()-Y",-0.255277887913043
"11796",11,"WALKING_UPSTAIRS","training data","fBodyGyro-meanFreq()-Y",-0.63553191687037
"11797",14,"STANDING","training data","fBodyGyro-meanFreq()-Y",-0.2780036534
"11798",14,"SITTING","training data","fBodyGyro-meanFreq()-Y",-0.34128282392963
"11799",14,"LAYING","training data","fBodyGyro-meanFreq()-Y",-0.277833948752941
"11800",14,"WALKING","training data","fBodyGyro-meanFreq()-Y",-0.420295651864407
"11801",14,"WALKING_DOWNSTAIRS","training data","fBodyGyro-meanFreq()-Y",-0.207057454377778
"11802",14,"WALKING_UPSTAIRS","training data","fBodyGyro-meanFreq()-Y",-0.521877343333333
"11803",15,"STANDING","training data","fBodyGyro-meanFreq()-Y",-0.130161072926415
"11804",15,"SITTING","training data","fBodyGyro-meanFreq()-Y",-0.154626052352542
"11805",15,"LAYING","training data","fBodyGyro-meanFreq()-Y",-0.146020121881944
"11806",15,"WALKING","training data","fBodyGyro-meanFreq()-Y",-0.339593023611111
"11807",15,"WALKING_DOWNSTAIRS","training data","fBodyGyro-meanFreq()-Y",-0.134716107404762
"11808",15,"WALKING_UPSTAIRS","training data","fBodyGyro-meanFreq()-Y",-0.4652097360625
"11809",16,"STANDING","training data","fBodyGyro-meanFreq()-Y",-0.180188922417949
"11810",16,"SITTING","training data","fBodyGyro-meanFreq()-Y",-0.174805735936232
"11811",16,"LAYING","training data","fBodyGyro-meanFreq()-Y",-0.2155078006
"11812",16,"WALKING","training data","fBodyGyro-meanFreq()-Y",-0.0870475841176471
"11813",16,"WALKING_DOWNSTAIRS","training data","fBodyGyro-meanFreq()-Y",0.0791059230361702
"11814",16,"WALKING_UPSTAIRS","training data","fBodyGyro-meanFreq()-Y",-0.311988459980392
"11815",17,"STANDING","training data","fBodyGyro-meanFreq()-Y",-0.162736719461538
"11816",17,"SITTING","training data","fBodyGyro-meanFreq()-Y",-0.148799346228125
"11817",17,"LAYING","training data","fBodyGyro-meanFreq()-Y",0.0154847631971831
"11818",17,"WALKING","training data","fBodyGyro-meanFreq()-Y",-0.0761681172065574
"11819",17,"WALKING_DOWNSTAIRS","training data","fBodyGyro-meanFreq()-Y",-0.0744451681576087
"11820",17,"WALKING_UPSTAIRS","training data","fBodyGyro-meanFreq()-Y",-0.210551597316667
"11821",19,"STANDING","training data","fBodyGyro-meanFreq()-Y",-0.291796963682192
"11822",19,"SITTING","training data","fBodyGyro-meanFreq()-Y",-0.39302195830137
"11823",19,"LAYING","training data","fBodyGyro-meanFreq()-Y",-0.156450013338554
"11824",19,"WALKING","training data","fBodyGyro-meanFreq()-Y",-0.0765832364115385
"11825",19,"WALKING_DOWNSTAIRS","training data","fBodyGyro-meanFreq()-Y",0.101341293433333
"11826",19,"WALKING_UPSTAIRS","training data","fBodyGyro-meanFreq()-Y",-0.191499705925
"11827",21,"STANDING","training data","fBodyGyro-meanFreq()-Y",-0.248811283196742
"11828",21,"SITTING","training data","fBodyGyro-meanFreq()-Y",-0.16118334856
"11829",21,"LAYING","training data","fBodyGyro-meanFreq()-Y",-0.407760367
"11830",21,"WALKING","training data","fBodyGyro-meanFreq()-Y",-0.0170361394057692
"11831",21,"WALKING_DOWNSTAIRS","training data","fBodyGyro-meanFreq()-Y",0.0476218594644444
"11832",21,"WALKING_UPSTAIRS","training data","fBodyGyro-meanFreq()-Y",-0.101887933444681
"11833",22,"STANDING","training data","fBodyGyro-meanFreq()-Y",-0.374460047253968
"11834",22,"SITTING","training data","fBodyGyro-meanFreq()-Y",-0.273301879941935
"11835",22,"LAYING","training data","fBodyGyro-meanFreq()-Y",-0.143181333825
"11836",22,"WALKING","training data","fBodyGyro-meanFreq()-Y",-0.11413463273913
"11837",22,"WALKING_DOWNSTAIRS","training data","fBodyGyro-meanFreq()-Y",-0.0324962109133333
"11838",22,"WALKING_UPSTAIRS","training data","fBodyGyro-meanFreq()-Y",-0.170789279261905
"11839",23,"STANDING","training data","fBodyGyro-meanFreq()-Y",-0.197834986461765
"11840",23,"SITTING","training data","fBodyGyro-meanFreq()-Y",-0.0826203849176471
"11841",23,"LAYING","training data","fBodyGyro-meanFreq()-Y",-0.1472313939875
"11842",23,"WALKING","training data","fBodyGyro-meanFreq()-Y",0.166489215586441
"11843",23,"WALKING_DOWNSTAIRS","training data","fBodyGyro-meanFreq()-Y",0.0881284260055556
"11844",23,"WALKING_UPSTAIRS","training data","fBodyGyro-meanFreq()-Y",-0.136461407760784
"11845",25,"STANDING","training data","fBodyGyro-meanFreq()-Y",-0.224933997248649
"11846",25,"SITTING","training data","fBodyGyro-meanFreq()-Y",-0.300483308276923
"11847",25,"LAYING","training data","fBodyGyro-meanFreq()-Y",-0.262888528465753
"11848",25,"WALKING","training data","fBodyGyro-meanFreq()-Y",-0.327099559036351
"11849",25,"WALKING_DOWNSTAIRS","training data","fBodyGyro-meanFreq()-Y",-0.474769376551724
"11850",25,"WALKING_UPSTAIRS","training data","fBodyGyro-meanFreq()-Y",-0.549103238769231
"11851",26,"STANDING","training data","fBodyGyro-meanFreq()-Y",-0.118659609293919
"11852",26,"SITTING","training data","fBodyGyro-meanFreq()-Y",-0.38419769075641
"11853",26,"LAYING","training data","fBodyGyro-meanFreq()-Y",-0.0665477247486842
"11854",26,"WALKING","training data","fBodyGyro-meanFreq()-Y",0.132622788732203
"11855",26,"WALKING_DOWNSTAIRS","training data","fBodyGyro-meanFreq()-Y",0.042572962348
"11856",26,"WALKING_UPSTAIRS","training data","fBodyGyro-meanFreq()-Y",-0.0956417028527273
"11857",27,"STANDING","training data","fBodyGyro-meanFreq()-Y",-0.1390560867165
"11858",27,"SITTING","training data","fBodyGyro-meanFreq()-Y",-0.159439066752857
"11859",27,"LAYING","training data","fBodyGyro-meanFreq()-Y",-0.0195690475405405
"11860",27,"WALKING","training data","fBodyGyro-meanFreq()-Y",0.00198569075263158
"11861",27,"WALKING_DOWNSTAIRS","training data","fBodyGyro-meanFreq()-Y",0.2321868966475
"11862",27,"WALKING_UPSTAIRS","training data","fBodyGyro-meanFreq()-Y",-0.125411020767647
"11863",28,"STANDING","training data","fBodyGyro-meanFreq()-Y",-0.35931164035443
"11864",28,"SITTING","training data","fBodyGyro-meanFreq()-Y",-0.320939754194444
"11865",28,"LAYING","training data","fBodyGyro-meanFreq()-Y",-0.34947254522625
"11866",28,"WALKING","training data","fBodyGyro-meanFreq()-Y",-0.150925257205556
"11867",28,"WALKING_DOWNSTAIRS","training data","fBodyGyro-meanFreq()-Y",-0.0645307165065217
"11868",28,"WALKING_UPSTAIRS","training data","fBodyGyro-meanFreq()-Y",-0.251074231431373
"11869",29,"STANDING","training data","fBodyGyro-meanFreq()-Y",-0.149854192615385
"11870",29,"SITTING","training data","fBodyGyro-meanFreq()-Y",-0.173147233958333
"11871",29,"LAYING","training data","fBodyGyro-meanFreq()-Y",0.0401385255637681
"11872",29,"WALKING","training data","fBodyGyro-meanFreq()-Y",-0.362824434528302
"11873",29,"WALKING_DOWNSTAIRS","training data","fBodyGyro-meanFreq()-Y",-0.376915788125
"11874",29,"WALKING_UPSTAIRS","training data","fBodyGyro-meanFreq()-Y",-0.666814815306122
"11875",30,"STANDING","training data","fBodyGyro-meanFreq()-Y",-0.302348710389831
"11876",30,"SITTING","training data","fBodyGyro-meanFreq()-Y",-0.312781565
"11877",30,"LAYING","training data","fBodyGyro-meanFreq()-Y",-0.239924763457143
"11878",30,"WALKING","training data","fBodyGyro-meanFreq()-Y",-0.380731546523077
"11879",30,"WALKING_DOWNSTAIRS","training data","fBodyGyro-meanFreq()-Y",-0.286467078274194
"11880",30,"WALKING_UPSTAIRS","training data","fBodyGyro-meanFreq()-Y",-0.642703957846154
"11881",2,"STANDING","test data","fBodyGyro-meanFreq()-Z",0.000226810610740739
"11882",2,"SITTING","test data","fBodyGyro-meanFreq()-Z",0.0409472348676087
"11883",2,"LAYING","test data","fBodyGyro-meanFreq()-Z",0.0552985986479167
"11884",2,"WALKING","test data","fBodyGyro-meanFreq()-Z",0.139752115269492
"11885",2,"WALKING_DOWNSTAIRS","test data","fBodyGyro-meanFreq()-Z",0.1367749584
"11886",2,"WALKING_UPSTAIRS","test data","fBodyGyro-meanFreq()-Z",-0.0773418117291667
"11887",4,"STANDING","test data","fBodyGyro-meanFreq()-Z",-0.223109154546429
"11888",4,"SITTING","test data","fBodyGyro-meanFreq()-Z",-0.1457260342
"11889",4,"LAYING","test data","fBodyGyro-meanFreq()-Z",0.152886311603704
"11890",4,"WALKING","test data","fBodyGyro-meanFreq()-Z",0.149851534733333
"11891",4,"WALKING_DOWNSTAIRS","test data","fBodyGyro-meanFreq()-Z",0.3770740968
"11892",4,"WALKING_UPSTAIRS","test data","fBodyGyro-meanFreq()-Z",-0.130134208057692
"11893",9,"STANDING","test data","fBodyGyro-meanFreq()-Z",-0.16576126334
"11894",9,"SITTING","test data","fBodyGyro-meanFreq()-Z",-0.17324215306
"11895",9,"LAYING","test data","fBodyGyro-meanFreq()-Z",-0.055125413678
"11896",9,"WALKING","test data","fBodyGyro-meanFreq()-Z",-0.152103721057692
"11897",9,"WALKING_DOWNSTAIRS","test data","fBodyGyro-meanFreq()-Z",-0.115191992546667
"11898",9,"WALKING_UPSTAIRS","test data","fBodyGyro-meanFreq()-Z",-0.507490866734694
"11899",10,"STANDING","test data","fBodyGyro-meanFreq()-Z",-0.0988874452431818
"11900",10,"SITTING","test data","fBodyGyro-meanFreq()-Z",-0.084443595962963
"11901",10,"LAYING","test data","fBodyGyro-meanFreq()-Z",0.157620505460345
"11902",10,"WALKING","test data","fBodyGyro-meanFreq()-Z",-0.129800372109434
"11903",10,"WALKING_DOWNSTAIRS","test data","fBodyGyro-meanFreq()-Z",-0.0448928718421053
"11904",10,"WALKING_UPSTAIRS","test data","fBodyGyro-meanFreq()-Z",-0.135478697270213
"11905",12,"STANDING","test data","fBodyGyro-meanFreq()-Z",-0.130538981132787
"11906",12,"SITTING","test data","fBodyGyro-meanFreq()-Z",-0.080845100272549
"11907",12,"LAYING","test data","fBodyGyro-meanFreq()-Z",0.0419799361083333
"11908",12,"WALKING","test data","fBodyGyro-meanFreq()-Z",-0.027904118422
"11909",12,"WALKING_DOWNSTAIRS","test data","fBodyGyro-meanFreq()-Z",0.0410165249913043
"11910",12,"WALKING_UPSTAIRS","test data","fBodyGyro-meanFreq()-Z",-0.224541879673077
"11911",13,"STANDING","test data","fBodyGyro-meanFreq()-Z",-0.0652523063612105
"11912",13,"SITTING","test data","fBodyGyro-meanFreq()-Z",0.013649216527551
"11913",13,"LAYING","test data","fBodyGyro-meanFreq()-Z",0.14650938193871
"11914",13,"WALKING","test data","fBodyGyro-meanFreq()-Z",0.126014216489474
"11915",13,"WALKING_DOWNSTAIRS","test data","fBodyGyro-meanFreq()-Z",-0.034630804087234
"11916",13,"WALKING_UPSTAIRS","test data","fBodyGyro-meanFreq()-Z",-0.240720823
"11917",18,"STANDING","test data","fBodyGyro-meanFreq()-Z",-0.100456190560274
"11918",18,"SITTING","test data","fBodyGyro-meanFreq()-Z",0.1032033883
"11919",18,"LAYING","test data","fBodyGyro-meanFreq()-Z",0.193083855989231
"11920",18,"WALKING","test data","fBodyGyro-meanFreq()-Z",-0.2355977771125
"11921",18,"WALKING_DOWNSTAIRS","test data","fBodyGyro-meanFreq()-Z",-0.211649515774545
"11922",18,"WALKING_UPSTAIRS","test data","fBodyGyro-meanFreq()-Z",-0.322333066448276
"11923",20,"STANDING","test data","fBodyGyro-meanFreq()-Z",-0.235150618682192
"11924",20,"SITTING","test data","fBodyGyro-meanFreq()-Z",-0.144654837851515
"11925",20,"LAYING","test data","fBodyGyro-meanFreq()-Z",0.00832392052941177
"11926",20,"WALKING","test data","fBodyGyro-meanFreq()-Z",-0.0890585991356863
"11927",20,"WALKING_DOWNSTAIRS","test data","fBodyGyro-meanFreq()-Z",-0.101961723088889
"11928",20,"WALKING_UPSTAIRS","test data","fBodyGyro-meanFreq()-Z",-0.268367738086275
"11929",24,"STANDING","test data","fBodyGyro-meanFreq()-Z",-0.0650613444028986
"11930",24,"SITTING","test data","fBodyGyro-meanFreq()-Z",-0.0466430854957353
"11931",24,"LAYING","test data","fBodyGyro-meanFreq()-Z",0.258571516181528
"11932",24,"WALKING","test data","fBodyGyro-meanFreq()-Z",-0.224671550446552
"11933",24,"WALKING_DOWNSTAIRS","test data","fBodyGyro-meanFreq()-Z",0.0208409579327273
"11934",24,"WALKING_UPSTAIRS","test data","fBodyGyro-meanFreq()-Z",-0.343569679050847
"11935",1,"STANDING","training data","fBodyGyro-meanFreq()-Z",0.100607635139623
"11936",1,"SITTING","training data","fBodyGyro-meanFreq()-Z",-0.0297839207446809
"11937",1,"LAYING","training data","fBodyGyro-meanFreq()-Z",0.01045812566
"11938",1,"WALKING","training data","fBodyGyro-meanFreq()-Z",0.00077332156431579
"11939",1,"WALKING_DOWNSTAIRS","training data","fBodyGyro-meanFreq()-Z",-0.0756762067714286
"11940",1,"WALKING_UPSTAIRS","training data","fBodyGyro-meanFreq()-Z",-0.133373904258491
"11941",3,"STANDING","training data","fBodyGyro-meanFreq()-Z",-0.229120091067541
"11942",3,"SITTING","training data","fBodyGyro-meanFreq()-Z",-0.0387467420096154
"11943",3,"LAYING","training data","fBodyGyro-meanFreq()-Z",0.147686455548065
"11944",3,"WALKING","training data","fBodyGyro-meanFreq()-Z",-0.0445079738913793
"11945",3,"WALKING_DOWNSTAIRS","training data","fBodyGyro-meanFreq()-Z",0.0910072841755102
"11946",3,"WALKING_UPSTAIRS","training data","fBodyGyro-meanFreq()-Z",-0.102013834094915
"11947",5,"STANDING","training data","fBodyGyro-meanFreq()-Z",-0.109180363773214
"11948",5,"SITTING","training data","fBodyGyro-meanFreq()-Z",0.0966833908409091
"11949",5,"LAYING","training data","fBodyGyro-meanFreq()-Z",0.0413600281009615
"11950",5,"WALKING","training data","fBodyGyro-meanFreq()-Z",0.167457819108929
"11951",5,"WALKING_DOWNSTAIRS","training data","fBodyGyro-meanFreq()-Z",0.211555807
"11952",5,"WALKING_UPSTAIRS","training data","fBodyGyro-meanFreq()-Z",0.0608132840234043
"11953",6,"STANDING","training data","fBodyGyro-meanFreq()-Z",-0.0778747190508772
"11954",6,"SITTING","training data","fBodyGyro-meanFreq()-Z",0.0438103632909091
"11955",6,"LAYING","training data","fBodyGyro-meanFreq()-Z",0.0445225537614035
"11956",6,"WALKING","training data","fBodyGyro-meanFreq()-Z",0.302874949789474
"11957",6,"WALKING_DOWNSTAIRS","training data","fBodyGyro-meanFreq()-Z",0.3029636429375
"11958",6,"WALKING_UPSTAIRS","training data","fBodyGyro-meanFreq()-Z",0.0102927666117647
"11959",7,"STANDING","training data","fBodyGyro-meanFreq()-Z",-0.188116628033962
"11960",7,"SITTING","training data","fBodyGyro-meanFreq()-Z",-0.0187739586583333
"11961",7,"LAYING","training data","fBodyGyro-meanFreq()-Z",0.0144682871075
"11962",7,"WALKING","training data","fBodyGyro-meanFreq()-Z",0.0143564054561404
"11963",7,"WALKING_DOWNSTAIRS","training data","fBodyGyro-meanFreq()-Z",0.0076371946
"11964",7,"WALKING_UPSTAIRS","training data","fBodyGyro-meanFreq()-Z",-0.346105575254902
"11965",8,"STANDING","training data","fBodyGyro-meanFreq()-Z",0.0222011082111111
"11966",8,"SITTING","training data","fBodyGyro-meanFreq()-Z",-0.0430176558469565
"11967",8,"LAYING","training data","fBodyGyro-meanFreq()-Z",0.213568382200185
"11968",8,"WALKING","training data","fBodyGyro-meanFreq()-Z",-0.218800753760417
"11969",8,"WALKING_DOWNSTAIRS","training data","fBodyGyro-meanFreq()-Z",-0.00513040190789474
"11970",8,"WALKING_UPSTAIRS","training data","fBodyGyro-meanFreq()-Z",-0.296234666504878
"11971",11,"STANDING","training data","fBodyGyro-meanFreq()-Z",-0.0212967788297872
"11972",11,"SITTING","training data","fBodyGyro-meanFreq()-Z",-0.0459579465849057
"11973",11,"LAYING","training data","fBodyGyro-meanFreq()-Z",0.0963568933754386
"11974",11,"WALKING","training data","fBodyGyro-meanFreq()-Z",-0.184065788254237
"11975",11,"WALKING_DOWNSTAIRS","training data","fBodyGyro-meanFreq()-Z",-0.150480042398261
"11976",11,"WALKING_UPSTAIRS","training data","fBodyGyro-meanFreq()-Z",-0.183328377796296
"11977",14,"STANDING","training data","fBodyGyro-meanFreq()-Z",-0.198897454968333
"11978",14,"SITTING","training data","fBodyGyro-meanFreq()-Z",-0.0834989971537037
"11979",14,"LAYING","training data","fBodyGyro-meanFreq()-Z",0.023333252745098
"11980",14,"WALKING","training data","fBodyGyro-meanFreq()-Z",-0.36097030020339
"11981",14,"WALKING_DOWNSTAIRS","training data","fBodyGyro-meanFreq()-Z",-0.113453380786667
"11982",14,"WALKING_UPSTAIRS","training data","fBodyGyro-meanFreq()-Z",-0.501572597962963
"11983",15,"STANDING","training data","fBodyGyro-meanFreq()-Z",-0.0512384435037736
"11984",15,"SITTING","training data","fBodyGyro-meanFreq()-Z",-0.00867259700677966
"11985",15,"LAYING","training data","fBodyGyro-meanFreq()-Z",0.000812185868055555
"11986",15,"WALKING","training data","fBodyGyro-meanFreq()-Z",-0.0485169126196296
"11987",15,"WALKING_DOWNSTAIRS","training data","fBodyGyro-meanFreq()-Z",-0.0645117088119048
"11988",15,"WALKING_UPSTAIRS","training data","fBodyGyro-meanFreq()-Z",-0.219122886220833
"11989",16,"STANDING","training data","fBodyGyro-meanFreq()-Z",0.00791532346153846
"11990",16,"SITTING","training data","fBodyGyro-meanFreq()-Z",0.207112798289855
"11991",16,"LAYING","training data","fBodyGyro-meanFreq()-Z",0.100235755224429
"11992",16,"WALKING","training data","fBodyGyro-meanFreq()-Z",-0.285078729888235
"11993",16,"WALKING_DOWNSTAIRS","training data","fBodyGyro-meanFreq()-Z",-0.121321578170213
"11994",16,"WALKING_UPSTAIRS","training data","fBodyGyro-meanFreq()-Z",-0.419784041764706
"11995",17,"STANDING","training data","fBodyGyro-meanFreq()-Z",0.0601796814102564
"11996",17,"SITTING","training data","fBodyGyro-meanFreq()-Z",0.123430240928125
"11997",17,"LAYING","training data","fBodyGyro-meanFreq()-Z",0.131970584167183
"11998",17,"WALKING","training data","fBodyGyro-meanFreq()-Z",-0.163270727868852
"11999",17,"WALKING_DOWNSTAIRS","training data","fBodyGyro-meanFreq()-Z",-0.154726798605435
"12000",17,"WALKING_UPSTAIRS","training data","fBodyGyro-meanFreq()-Z",-0.349178571291667
"12001",19,"STANDING","training data","fBodyGyro-meanFreq()-Z",-0.113976427853425
"12002",19,"SITTING","training data","fBodyGyro-meanFreq()-Z",-0.147366971379452
"12003",19,"LAYING","training data","fBodyGyro-meanFreq()-Z",0.0518654912277108
"12004",19,"WALKING","training data","fBodyGyro-meanFreq()-Z",-0.0330194535942308
"12005",19,"WALKING_DOWNSTAIRS","training data","fBodyGyro-meanFreq()-Z",0.195664853055641
"12006",19,"WALKING_UPSTAIRS","training data","fBodyGyro-meanFreq()-Z",-0.15202952495
"12007",21,"STANDING","training data","fBodyGyro-meanFreq()-Z",-0.0796430681910112
"12008",21,"SITTING","training data","fBodyGyro-meanFreq()-Z",0.0208820463952941
"12009",21,"LAYING","training data","fBodyGyro-meanFreq()-Z",0.266238545
"12010",21,"WALKING","training data","fBodyGyro-meanFreq()-Z",-0.140755965930769
"12011",21,"WALKING_DOWNSTAIRS","training data","fBodyGyro-meanFreq()-Z",-0.0827761198333333
"12012",21,"WALKING_UPSTAIRS","training data","fBodyGyro-meanFreq()-Z",-0.360449590021277
"12013",22,"STANDING","training data","fBodyGyro-meanFreq()-Z",-0.177196579598413
"12014",22,"SITTING","training data","fBodyGyro-meanFreq()-Z",-0.11797502196129
"12015",22,"LAYING","training data","fBodyGyro-meanFreq()-Z",0.0627250150652778
"12016",22,"WALKING","training data","fBodyGyro-meanFreq()-Z",0.06771682861
"12017",22,"WALKING_DOWNSTAIRS","training data","fBodyGyro-meanFreq()-Z",0.01292707115
"12018",22,"WALKING_UPSTAIRS","training data","fBodyGyro-meanFreq()-Z",-0.147429136850952
"12019",23,"STANDING","training data","fBodyGyro-meanFreq()-Z",-0.163986972797059
"12020",23,"SITTING","training data","fBodyGyro-meanFreq()-Z",0.137545517458824
"12021",23,"LAYING","training data","fBodyGyro-meanFreq()-Z",0.289184530733333
"12022",23,"WALKING","training data","fBodyGyro-meanFreq()-Z",-0.0544726683728814
"12023",23,"WALKING_DOWNSTAIRS","training data","fBodyGyro-meanFreq()-Z",-0.060331719512963
"12024",23,"WALKING_UPSTAIRS","training data","fBodyGyro-meanFreq()-Z",-0.413452415980392
"12025",25,"STANDING","training data","fBodyGyro-meanFreq()-Z",-0.0699344712864865
"12026",25,"SITTING","training data","fBodyGyro-meanFreq()-Z",0.0368690794884615
"12027",25,"LAYING","training data","fBodyGyro-meanFreq()-Z",-0.139861213767123
"12028",25,"WALKING","training data","fBodyGyro-meanFreq()-Z",-0.196973168236487
"12029",25,"WALKING_DOWNSTAIRS","training data","fBodyGyro-meanFreq()-Z",-0.191973774948276
"12030",25,"WALKING_UPSTAIRS","training data","fBodyGyro-meanFreq()-Z",-0.254971244461538
"12031",26,"STANDING","training data","fBodyGyro-meanFreq()-Z",-0.012085913522973
"12032",26,"SITTING","training data","fBodyGyro-meanFreq()-Z",0.0345111450307692
"12033",26,"LAYING","training data","fBodyGyro-meanFreq()-Z",0.206193013839342
"12034",26,"WALKING","training data","fBodyGyro-meanFreq()-Z",-0.0631030040627119
"12035",26,"WALKING_DOWNSTAIRS","training data","fBodyGyro-meanFreq()-Z",-0.01372893002
"12036",26,"WALKING_UPSTAIRS","training data","fBodyGyro-meanFreq()-Z",-0.216500720145455
"12037",27,"STANDING","training data","fBodyGyro-meanFreq()-Z",0.05763026998875
"12038",27,"SITTING","training data","fBodyGyro-meanFreq()-Z",0.0218168994742857
"12039",27,"LAYING","training data","fBodyGyro-meanFreq()-Z",0.254804846483784
"12040",27,"WALKING","training data","fBodyGyro-meanFreq()-Z",-0.128721382112281
"12041",27,"WALKING_DOWNSTAIRS","training data","fBodyGyro-meanFreq()-Z",0.0367238492251136
"12042",27,"WALKING_UPSTAIRS","training data","fBodyGyro-meanFreq()-Z",-0.430102512941176
"12043",28,"STANDING","training data","fBodyGyro-meanFreq()-Z",-0.197616297073418
"12044",28,"SITTING","training data","fBodyGyro-meanFreq()-Z",-0.0574600312055556
"12045",28,"LAYING","training data","fBodyGyro-meanFreq()-Z",0.123627590803375
"12046",28,"WALKING","training data","fBodyGyro-meanFreq()-Z",-0.155076023555556
"12047",28,"WALKING_DOWNSTAIRS","training data","fBodyGyro-meanFreq()-Z",-0.012251230826087
"12048",28,"WALKING_UPSTAIRS","training data","fBodyGyro-meanFreq()-Z",-0.303254516480392
"12049",29,"STANDING","training data","fBodyGyro-meanFreq()-Z",-0.0235538798892308
"12050",29,"SITTING","training data","fBodyGyro-meanFreq()-Z",-0.0194301189816667
"12051",29,"LAYING","training data","fBodyGyro-meanFreq()-Z",0.250307629215942
"12052",29,"WALKING","training data","fBodyGyro-meanFreq()-Z",0.0619511792726415
"12053",29,"WALKING_DOWNSTAIRS","training data","fBodyGyro-meanFreq()-Z",-0.0201656502508333
"12054",29,"WALKING_UPSTAIRS","training data","fBodyGyro-meanFreq()-Z",-0.201814800918367
"12055",30,"STANDING","training data","fBodyGyro-meanFreq()-Z",-0.248631168027119
"12056",30,"SITTING","training data","fBodyGyro-meanFreq()-Z",-0.0503841254806452
"12057",30,"LAYING","training data","fBodyGyro-meanFreq()-Z",0.0674681472885714
"12058",30,"WALKING","training data","fBodyGyro-meanFreq()-Z",-0.2626507412
"12059",30,"WALKING_DOWNSTAIRS","training data","fBodyGyro-meanFreq()-Z",-0.252762856822581
"12060",30,"WALKING_UPSTAIRS","training data","fBodyGyro-meanFreq()-Z",-0.483683270815385
"12061",2,"STANDING","test data","fBodyAccMag-mean()",-0.964052166481482
"12062",2,"SITTING","test data","fBodyAccMag-mean()",-0.96127374826087
"12063",2,"LAYING","test data","fBodyAccMag-mean()",-0.975110196458333
"12064",2,"WALKING","test data","fBodyAccMag-mean()",-0.324289427932203
"12065",2,"WALKING_DOWNSTAIRS","test data","fBodyAccMag-mean()",0.293424826591489
"12066",2,"WALKING_UPSTAIRS","test data","fBodyAccMag-mean()",-0.14531853915625
"12067",4,"STANDING","test data","fBodyAccMag-mean()",-0.917614014821429
"12068",4,"SITTING","test data","fBodyAccMag-mean()",-0.929002095
"12069",4,"LAYING","test data","fBodyAccMag-mean()",-0.939389701296296
"12070",4,"WALKING","test data","fBodyAccMag-mean()",-0.450804558333333
"12071",4,"WALKING_DOWNSTAIRS","test data","fBodyAccMag-mean()",-0.01907433524
"12072",4,"WALKING_UPSTAIRS","test data","fBodyAccMag-mean()",-0.276825498230769
"12073",9,"STANDING","test data","fBodyAccMag-mean()",-0.946330171777778
"12074",9,"SITTING","test data","fBodyAccMag-mean()",-0.8977181972
"12075",9,"LAYING","test data","fBodyAccMag-mean()",-0.9266042952
"12076",9,"WALKING","test data","fBodyAccMag-mean()",-0.318801022711538
"12077",9,"WALKING_DOWNSTAIRS","test data","fBodyAccMag-mean()",0.222203941
"12078",9,"WALKING_UPSTAIRS","test data","fBodyAccMag-mean()",-0.372890348979592
"12079",10,"STANDING","test data","fBodyAccMag-mean()",-0.9401101675
"12080",10,"SITTING","test data","fBodyAccMag-mean()",-0.955281010740741
"12081",10,"LAYING","test data","fBodyAccMag-mean()",-0.950848109137931
"12082",10,"WALKING","test data","fBodyAccMag-mean()",-0.0930237422792453
"12083",10,"WALKING_DOWNSTAIRS","test data","fBodyAccMag-mean()",0.220115703368421
"12084",10,"WALKING_UPSTAIRS","test data","fBodyAccMag-mean()",-0.166866721574468
"12085",12,"STANDING","test data","fBodyAccMag-mean()",-0.945217802786885
"12086",12,"SITTING","test data","fBodyAccMag-mean()",-0.955944253137255
"12087",12,"LAYING","test data","fBodyAccMag-mean()",-0.9438674399
"12088",12,"WALKING","test data","fBodyAccMag-mean()",-0.153116002784
"12089",12,"WALKING_DOWNSTAIRS","test data","fBodyAccMag-mean()",0.148017269434783
"12090",12,"WALKING_UPSTAIRS","test data","fBodyAccMag-mean()",-0.290005418653846
"12091",13,"STANDING","test data","fBodyAccMag-mean()",-0.972393559473684
"12092",13,"SITTING","test data","fBodyAccMag-mean()",-0.956901559653061
"12093",13,"LAYING","test data","fBodyAccMag-mean()",-0.959535493548387
"12094",13,"WALKING","test data","fBodyAccMag-mean()",-0.23460086645614
"12095",13,"WALKING_DOWNSTAIRS","test data","fBodyAccMag-mean()",0.0528791880659574
"12096",13,"WALKING_UPSTAIRS","test data","fBodyAccMag-mean()",-0.367522800909091
"12097",18,"STANDING","test data","fBodyAccMag-mean()",-0.976797646027397
"12098",18,"SITTING","test data","fBodyAccMag-mean()",-0.984781467192982
"12099",18,"LAYING","test data","fBodyAccMag-mean()",-0.986788412
"12100",18,"WALKING","test data","fBodyAccMag-mean()",-0.424386734107143
"12101",18,"WALKING_DOWNSTAIRS","test data","fBodyAccMag-mean()",-0.241973534781818
"12102",18,"WALKING_UPSTAIRS","test data","fBodyAccMag-mean()",-0.436561064482759
"12103",20,"STANDING","test data","fBodyAccMag-mean()",-0.921225595205479
"12104",20,"SITTING","test data","fBodyAccMag-mean()",-0.946913451666667
"12105",20,"LAYING","test data","fBodyAccMag-mean()",-0.952827071323529
"12106",20,"WALKING","test data","fBodyAccMag-mean()",-0.00353341793921569
"12107",20,"WALKING_DOWNSTAIRS","test data","fBodyAccMag-mean()",0.151887747217778
"12108",20,"WALKING_UPSTAIRS","test data","fBodyAccMag-mean()",-0.205009295196078
"12109",24,"STANDING","test data","fBodyAccMag-mean()",-0.960066088115942
"12110",24,"SITTING","test data","fBodyAccMag-mean()",-0.968905031470588
"12111",24,"LAYING","test data","fBodyAccMag-mean()",-0.973171068055556
"12112",24,"WALKING","test data","fBodyAccMag-mean()",-0.434618912068966
"12113",24,"WALKING_DOWNSTAIRS","test data","fBodyAccMag-mean()",-0.0231701626603636
"12114",24,"WALKING_UPSTAIRS","test data","fBodyAccMag-mean()",-0.322300989322034
"12115",1,"STANDING","training data","fBodyAccMag-mean()",-0.985356361132075
"12116",1,"SITTING","training data","fBodyAccMag-mean()",-0.947782922553192
"12117",1,"LAYING","training data","fBodyAccMag-mean()",-0.8617676481
"12118",1,"WALKING","training data","fBodyAccMag-mean()",-0.128623450629474
"12119",1,"WALKING_DOWNSTAIRS","training data","fBodyAccMag-mean()",0.0965845343040816
"12120",1,"WALKING_UPSTAIRS","training data","fBodyAccMag-mean()",-0.352395944716981
"12121",3,"STANDING","training data","fBodyAccMag-mean()",-0.926968932295082
"12122",3,"SITTING","training data","fBodyAccMag-mean()",-0.904185725576923
"12123",3,"LAYING","training data","fBodyAccMag-mean()",-0.96552427516129
"12124",3,"WALKING","training data","fBodyAccMag-mean()",-0.290031535172414
"12125",3,"WALKING_DOWNSTAIRS","training data","fBodyAccMag-mean()",0.0289413195612245
"12126",3,"WALKING_UPSTAIRS","training data","fBodyAccMag-mean()",-0.315866079491525
"12127",5,"STANDING","training data","fBodyAccMag-mean()",-0.9046413925
"12128",5,"SITTING","training data","fBodyAccMag-mean()",-0.936290604545455
"12129",5,"LAYING","training data","fBodyAccMag-mean()",-0.962234984038462
"12130",5,"WALKING","training data","fBodyAccMag-mean()",-0.304992488892857
"12131",5,"WALKING_DOWNSTAIRS","training data","fBodyAccMag-mean()",0.155742168808511
"12132",5,"WALKING_UPSTAIRS","training data","fBodyAccMag-mean()",-0.169261525
"12133",6,"STANDING","training data","fBodyAccMag-mean()",-0.945949804035088
"12134",6,"SITTING","training data","fBodyAccMag-mean()",-0.935750391272727
"12135",6,"LAYING","training data","fBodyAccMag-mean()",-0.91235165222807
"12136",6,"WALKING","training data","fBodyAccMag-mean()",-0.201386607649123
"12137",6,"WALKING_DOWNSTAIRS","training data","fBodyAccMag-mean()",0.395958034583333
"12138",6,"WALKING_UPSTAIRS","training data","fBodyAccMag-mean()",-0.0819479396203922
"12139",7,"STANDING","training data","fBodyAccMag-mean()",-0.945611450377358
"12140",7,"SITTING","training data","fBodyAccMag-mean()",-0.90895677625
"12141",7,"LAYING","training data","fBodyAccMag-mean()",-0.927976880634615
"12142",7,"WALKING","training data","fBodyAccMag-mean()",-0.151243649578947
"12143",7,"WALKING_DOWNSTAIRS","training data","fBodyAccMag-mean()",0.218911066191489
"12144",7,"WALKING_UPSTAIRS","training data","fBodyAccMag-mean()",-0.378618761568627
"12145",8,"STANDING","training data","fBodyAccMag-mean()",-0.953746070740741
"12146",8,"SITTING","training data","fBodyAccMag-mean()",-0.947981783478261
"12147",8,"LAYING","training data","fBodyAccMag-mean()",-0.932279645518518
"12148",8,"WALKING","training data","fBodyAccMag-mean()",-0.09521728274375
"12149",8,"WALKING_DOWNSTAIRS","training data","fBodyAccMag-mean()",0.301626757315789
"12150",8,"WALKING_UPSTAIRS","training data","fBodyAccMag-mean()",-0.13026451905122
"12151",11,"STANDING","training data","fBodyAccMag-mean()",-0.982255413617021
"12152",11,"SITTING","training data","fBodyAccMag-mean()",-0.953066009056604
"12153",11,"LAYING","training data","fBodyAccMag-mean()",-0.973994004561404
"12154",11,"WALKING","training data","fBodyAccMag-mean()",-0.458514062542373
"12155",11,"WALKING_DOWNSTAIRS","training data","fBodyAccMag-mean()",0.0902807576630435
"12156",11,"WALKING_UPSTAIRS","training data","fBodyAccMag-mean()",-0.336061027407407
"12157",14,"STANDING","training data","fBodyAccMag-mean()",-0.949715059833333
"12158",14,"SITTING","training data","fBodyAccMag-mean()",-0.940589853333333
"12159",14,"LAYING","training data","fBodyAccMag-mean()",-0.899463668843137
"12160",14,"WALKING","training data","fBodyAccMag-mean()",-0.373516771016949
"12161",14,"WALKING_DOWNSTAIRS","training data","fBodyAccMag-mean()",0.471905155133333
"12162",14,"WALKING_UPSTAIRS","training data","fBodyAccMag-mean()",-0.0759851813333333
"12163",15,"STANDING","training data","fBodyAccMag-mean()",-0.960337344339623
"12164",15,"SITTING","training data","fBodyAccMag-mean()",-0.949752001322034
"12165",15,"LAYING","training data","fBodyAccMag-mean()",-0.956001034027778
"12166",15,"WALKING","training data","fBodyAccMag-mean()",-0.275156242062037
"12167",15,"WALKING_DOWNSTAIRS","training data","fBodyAccMag-mean()",0.331150229285714
"12168",15,"WALKING_UPSTAIRS","training data","fBodyAccMag-mean()",-0.165242147958333
"12169",16,"STANDING","training data","fBodyAccMag-mean()",-0.971082558076923
"12170",16,"SITTING","training data","fBodyAccMag-mean()",-0.958335480724638
"12171",16,"LAYING","training data","fBodyAccMag-mean()",-0.968020521285714
"12172",16,"WALKING","training data","fBodyAccMag-mean()",-0.410463241960784
"12173",16,"WALKING_DOWNSTAIRS","training data","fBodyAccMag-mean()",0.114032088546809
"12174",16,"WALKING_UPSTAIRS","training data","fBodyAccMag-mean()",-0.370649738235294
"12175",17,"STANDING","training data","fBodyAccMag-mean()",-0.980967748205128
"12176",17,"SITTING","training data","fBodyAccMag-mean()",-0.973626755
"12177",17,"LAYING","training data","fBodyAccMag-mean()",-0.961046326338028
"12178",17,"WALKING","training data","fBodyAccMag-mean()",-0.429380043442623
"12179",17,"WALKING_DOWNSTAIRS","training data","fBodyAccMag-mean()",0.0580680522108696
"12180",17,"WALKING_UPSTAIRS","training data","fBodyAccMag-mean()",-0.150305643291667
"12181",19,"STANDING","training data","fBodyAccMag-mean()",-0.968910788767123
"12182",19,"SITTING","training data","fBodyAccMag-mean()",-0.962632577945206
"12183",19,"LAYING","training data","fBodyAccMag-mean()",-0.971957401325301
"12184",19,"WALKING","training data","fBodyAccMag-mean()",0.0322272296217308
"12185",19,"WALKING_DOWNSTAIRS","training data","fBodyAccMag-mean()",0.586637550769231
"12186",19,"WALKING_UPSTAIRS","training data","fBodyAccMag-mean()",-0.07962876322
"12187",21,"STANDING","training data","fBodyAccMag-mean()",-0.962291334157303
"12188",21,"SITTING","training data","fBodyAccMag-mean()",-0.974829227058824
"12189",21,"LAYING","training data","fBodyAccMag-mean()",-0.953769071222222
"12190",21,"WALKING","training data","fBodyAccMag-mean()",-0.251266388923077
"12191",21,"WALKING_DOWNSTAIRS","training data","fBodyAccMag-mean()",0.239895893822222
"12192",21,"WALKING_UPSTAIRS","training data","fBodyAccMag-mean()",-0.257894449148936
"12193",22,"STANDING","training data","fBodyAccMag-mean()",-0.949044483015873
"12194",22,"SITTING","training data","fBodyAccMag-mean()",-0.943078237096774
"12195",22,"LAYING","training data","fBodyAccMag-mean()",-0.929818990972222
"12196",22,"WALKING","training data","fBodyAccMag-mean()",-0.0241584964891304
"12197",22,"WALKING_DOWNSTAIRS","training data","fBodyAccMag-mean()",0.155526858911111
"12198",22,"WALKING_UPSTAIRS","training data","fBodyAccMag-mean()",-0.0866905123880952
"12199",23,"STANDING","training data","fBodyAccMag-mean()",-0.957986177058823
"12200",23,"SITTING","training data","fBodyAccMag-mean()",-0.945837830147059
"12201",23,"LAYING","training data","fBodyAccMag-mean()",-0.967747053194444
"12202",23,"WALKING","training data","fBodyAccMag-mean()",-0.0942606311677966
"12203",23,"WALKING_DOWNSTAIRS","training data","fBodyAccMag-mean()",0.364829993351852
"12204",23,"WALKING_UPSTAIRS","training data","fBodyAccMag-mean()",-0.231382662235294
"12205",25,"STANDING","training data","fBodyAccMag-mean()",-0.972355393243243
"12206",25,"SITTING","training data","fBodyAccMag-mean()",-0.967017992615385
"12207",25,"LAYING","training data","fBodyAccMag-mean()",-0.774481943616438
"12208",25,"WALKING","training data","fBodyAccMag-mean()",-0.566060023108108
"12209",25,"WALKING_DOWNSTAIRS","training data","fBodyAccMag-mean()",-0.288154787517241
"12210",25,"WALKING_UPSTAIRS","training data","fBodyAccMag-mean()",-0.527907561538462
"12211",26,"STANDING","training data","fBodyAccMag-mean()",-0.970605250405405
"12212",26,"SITTING","training data","fBodyAccMag-mean()",-0.952411043717949
"12213",26,"LAYING","training data","fBodyAccMag-mean()",-0.969269114078947
"12214",26,"WALKING","training data","fBodyAccMag-mean()",-0.379836742711864
"12215",26,"WALKING_DOWNSTAIRS","training data","fBodyAccMag-mean()",0.075101684668
"12216",26,"WALKING_UPSTAIRS","training data","fBodyAccMag-mean()",-0.167566383372727
"12217",27,"STANDING","training data","fBodyAccMag-mean()",-0.973186182375
"12218",27,"SITTING","training data","fBodyAccMag-mean()",-0.974766466714286
"12219",27,"LAYING","training data","fBodyAccMag-mean()",-0.981389017702703
"12220",27,"WALKING","training data","fBodyAccMag-mean()",-0.327229405789474
"12221",27,"WALKING_DOWNSTAIRS","training data","fBodyAccMag-mean()",0.149816459227273
"12222",27,"WALKING_UPSTAIRS","training data","fBodyAccMag-mean()",-0.393928937058824
"12223",28,"STANDING","training data","fBodyAccMag-mean()",-0.929146479367089
"12224",28,"SITTING","training data","fBodyAccMag-mean()",-0.953928124027778
"12225",28,"LAYING","training data","fBodyAccMag-mean()",-0.961035587625
"12226",28,"WALKING","training data","fBodyAccMag-mean()",-0.352156841666667
"12227",28,"WALKING_DOWNSTAIRS","training data","fBodyAccMag-mean()",0.188840007695652
"12228",28,"WALKING_UPSTAIRS","training data","fBodyAccMag-mean()",-0.213519364760784
"12229",29,"STANDING","training data","fBodyAccMag-mean()",-0.984548094769231
"12230",29,"SITTING","training data","fBodyAccMag-mean()",-0.973346531833333
"12231",29,"LAYING","training data","fBodyAccMag-mean()",-0.986800645362319
"12232",29,"WALKING","training data","fBodyAccMag-mean()",-0.235683305566038
"12233",29,"WALKING_DOWNSTAIRS","training data","fBodyAccMag-mean()",0.115973968158333
"12234",29,"WALKING_UPSTAIRS","training data","fBodyAccMag-mean()",-0.108306402963265
"12235",30,"STANDING","training data","fBodyAccMag-mean()",-0.932047450677966
"12236",30,"SITTING","training data","fBodyAccMag-mean()",-0.959923388064516
"12237",30,"LAYING","training data","fBodyAccMag-mean()",-0.962840820428571
"12238",30,"WALKING","training data","fBodyAccMag-mean()",-0.342363772923077
"12239",30,"WALKING_DOWNSTAIRS","training data","fBodyAccMag-mean()",0.00410151034354839
"12240",30,"WALKING_UPSTAIRS","training data","fBodyAccMag-mean()",-0.400588353846154
"12241",2,"STANDING","test data","fBodyAccMag-std()",-0.960519381481482
"12242",2,"SITTING","test data","fBodyAccMag-std()",-0.955575602173913
"12243",2,"LAYING","test data","fBodyAccMag-std()",-0.975121387916667
"12244",2,"WALKING","test data","fBodyAccMag-std()",-0.577105211694915
"12245",2,"WALKING_DOWNSTAIRS","test data","fBodyAccMag-std()",-0.0214787881723404
"12246",2,"WALKING_UPSTAIRS","test data","fBodyAccMag-std()",-0.36672824375
"12247",4,"STANDING","test data","fBodyAccMag-std()",-0.895340042142857
"12248",4,"SITTING","test data","fBodyAccMag-std()",-0.9198157096
"12249",4,"LAYING","test data","fBodyAccMag-std()",-0.937187975962963
"12250",4,"WALKING","test data","fBodyAccMag-std()",-0.651172628166667
"12251",4,"WALKING_DOWNSTAIRS","test data","fBodyAccMag-std()",-0.263644030288889
"12252",4,"WALKING_UPSTAIRS","test data","fBodyAccMag-std()",-0.301005898461538
"12253",9,"STANDING","test data","fBodyAccMag-std()",-0.940265546444444
"12254",9,"SITTING","test data","fBodyAccMag-std()",-0.8691725114
"12255",9,"LAYING","test data","fBodyAccMag-std()",-0.921929738394
"12256",9,"WALKING","test data","fBodyAccMag-std()",-0.513891953269231
"12257",9,"WALKING_DOWNSTAIRS","test data","fBodyAccMag-std()",0.0888671674047619
"12258",9,"WALKING_UPSTAIRS","test data","fBodyAccMag-std()",-0.509929461428571
"12259",10,"STANDING","test data","fBodyAccMag-std()",-0.945048242954545
"12260",10,"SITTING","test data","fBodyAccMag-std()",-0.941511952777778
"12261",10,"LAYING","test data","fBodyAccMag-std()",-0.944304974655172
"12262",10,"WALKING","test data","fBodyAccMag-std()",-0.370471943962264
"12263",10,"WALKING_DOWNSTAIRS","test data","fBodyAccMag-std()",-0.0616742840815789
"12264",10,"WALKING_UPSTAIRS","test data","fBodyAccMag-std()",-0.361437534680851
"12265",12,"STANDING","test data","fBodyAccMag-std()",-0.939741929016393
"12266",12,"SITTING","test data","fBodyAccMag-std()",-0.950647188823529
"12267",12,"LAYING","test data","fBodyAccMag-std()",-0.942133255166667
"12268",12,"WALKING","test data","fBodyAccMag-std()",-0.4088962994
"12269",12,"WALKING_DOWNSTAIRS","test data","fBodyAccMag-std()",-0.105124972078261
"12270",12,"WALKING_UPSTAIRS","test data","fBodyAccMag-std()",-0.395285130961538
"12271",13,"STANDING","test data","fBodyAccMag-std()",-0.970445378947368
"12272",13,"SITTING","test data","fBodyAccMag-std()",-0.938529931020408
"12273",13,"LAYING","test data","fBodyAccMag-std()",-0.949431319193548
"12274",13,"WALKING","test data","fBodyAccMag-std()",-0.438388953157895
"12275",13,"WALKING_DOWNSTAIRS","test data","fBodyAccMag-std()",-0.210912766382979
"12276",13,"WALKING_UPSTAIRS","test data","fBodyAccMag-std()",-0.409065516363636
"12277",18,"STANDING","test data","fBodyAccMag-std()",-0.973264853561644
"12278",18,"SITTING","test data","fBodyAccMag-std()",-0.982226151578947
"12279",18,"LAYING","test data","fBodyAccMag-std()",-0.987648484461539
"12280",18,"WALKING","test data","fBodyAccMag-std()",-0.565563056964286
"12281",18,"WALKING_DOWNSTAIRS","test data","fBodyAccMag-std()",-0.344299434181818
"12282",18,"WALKING_UPSTAIRS","test data","fBodyAccMag-std()",-0.436218933448276
"12283",20,"STANDING","test data","fBodyAccMag-std()",-0.918651880273973
"12284",20,"SITTING","test data","fBodyAccMag-std()",-0.942151231515152
"12285",20,"LAYING","test data","fBodyAccMag-std()",-0.9418940855
"12286",20,"WALKING","test data","fBodyAccMag-std()",-0.389934004313725
"12287",20,"WALKING_DOWNSTAIRS","test data","fBodyAccMag-std()",0.000242174637777778
"12288",20,"WALKING_UPSTAIRS","test data","fBodyAccMag-std()",-0.320241012294118
"12289",24,"STANDING","test data","fBodyAccMag-std()",-0.949522556376812
"12290",24,"SITTING","test data","fBodyAccMag-std()",-0.965852262058824
"12291",24,"LAYING","test data","fBodyAccMag-std()",-0.971063024027778
"12292",24,"WALKING","test data","fBodyAccMag-std()",-0.590265845517241
"12293",24,"WALKING_DOWNSTAIRS","test data","fBodyAccMag-std()",-0.175291708678182
"12294",24,"WALKING_UPSTAIRS","test data","fBodyAccMag-std()",-0.406283377627119
"12295",1,"STANDING","training data","fBodyAccMag-std()",-0.982313804716981
"12296",1,"SITTING","training data","fBodyAccMag-std()",-0.928444801702128
"12297",1,"LAYING","training data","fBodyAccMag-std()",-0.7983009404
"12298",1,"WALKING","training data","fBodyAccMag-std()",-0.398032586842105
"12299",1,"WALKING_DOWNSTAIRS","training data","fBodyAccMag-std()",-0.186530301073469
"12300",1,"WALKING_UPSTAIRS","training data","fBodyAccMag-std()",-0.416260101509434
"12301",3,"STANDING","training data","fBodyAccMag-std()",-0.921836076557377
"12302",3,"SITTING","training data","fBodyAccMag-std()",-0.874626592115385
"12303",3,"LAYING","training data","fBodyAccMag-std()",-0.968350217419355
"12304",3,"WALKING","training data","fBodyAccMag-std()",-0.456373080862069
"12305",3,"WALKING_DOWNSTAIRS","training data","fBodyAccMag-std()",-0.233849422120408
"12306",3,"WALKING_UPSTAIRS","training data","fBodyAccMag-std()",-0.447994369152542
"12307",5,"STANDING","training data","fBodyAccMag-std()",-0.886745170714286
"12308",5,"SITTING","training data","fBodyAccMag-std()",-0.925669291136364
"12309",5,"LAYING","training data","fBodyAccMag-std()",-0.962525369423077
"12310",5,"WALKING","training data","fBodyAccMag-std()",-0.519636926071429
"12311",5,"WALKING_DOWNSTAIRS","training data","fBodyAccMag-std()",0.0428533623276596
"12312",5,"WALKING_UPSTAIRS","training data","fBodyAccMag-std()",-0.254091927148936
"12313",6,"STANDING","training data","fBodyAccMag-std()",-0.94456410754386
"12314",6,"SITTING","training data","fBodyAccMag-std()",-0.939547202909091
"12315",6,"LAYING","training data","fBodyAccMag-std()",-0.905373979824561
"12316",6,"WALKING","training data","fBodyAccMag-std()",-0.421683093508772
"12317",6,"WALKING_DOWNSTAIRS","training data","fBodyAccMag-std()",0.1446227570625
"12318",6,"WALKING_UPSTAIRS","training data","fBodyAccMag-std()",-0.222161433666667
"12319",7,"STANDING","training data","fBodyAccMag-std()",-0.93728796509434
"12320",7,"SITTING","training data","fBodyAccMag-std()",-0.88691563825
"12321",7,"LAYING","training data","fBodyAccMag-std()",-0.910542462919231
"12322",7,"WALKING","training data","fBodyAccMag-std()",-0.351706780526316
"12323",7,"WALKING_DOWNSTAIRS","training data","fBodyAccMag-std()",0.0214440976893617
"12324",7,"WALKING_UPSTAIRS","training data","fBodyAccMag-std()",-0.415307106666667
"12325",8,"STANDING","training data","fBodyAccMag-std()",-0.938628186322222
"12326",8,"SITTING","training data","fBodyAccMag-std()",-0.93172124
"12327",8,"LAYING","training data","fBodyAccMag-std()",-0.917257979425926
"12328",8,"WALKING","training data","fBodyAccMag-std()",-0.360818978541667
"12329",8,"WALKING_DOWNSTAIRS","training data","fBodyAccMag-std()",-0.156141093578947
"12330",8,"WALKING_UPSTAIRS","training data","fBodyAccMag-std()",-0.409282851707317
"12331",11,"STANDING","training data","fBodyAccMag-std()",-0.981503969574468
"12332",11,"SITTING","training data","fBodyAccMag-std()",-0.948521986037736
"12333",11,"LAYING","training data","fBodyAccMag-std()",-0.976037695614035
"12334",11,"WALKING","training data","fBodyAccMag-std()",-0.584455992033898
"12335",11,"WALKING_DOWNSTAIRS","training data","fBodyAccMag-std()",-0.137123060369565
"12336",11,"WALKING_UPSTAIRS","training data","fBodyAccMag-std()",-0.376027878888889
"12337",14,"STANDING","training data","fBodyAccMag-std()",-0.939799869833333
"12338",14,"SITTING","training data","fBodyAccMag-std()",-0.929193937222222
"12339",14,"LAYING","training data","fBodyAccMag-std()",-0.859606047058823
"12340",14,"WALKING","training data","fBodyAccMag-std()",-0.457490009491525
"12341",14,"WALKING_DOWNSTAIRS","training data","fBodyAccMag-std()",0.178684580868889
"12342",14,"WALKING_UPSTAIRS","training data","fBodyAccMag-std()",-0.143253889222222
"12343",15,"STANDING","training data","fBodyAccMag-std()",-0.950204045849057
"12344",15,"SITTING","training data","fBodyAccMag-std()",-0.941195938135593
"12345",15,"LAYING","training data","fBodyAccMag-std()",-0.94550856
"12346",15,"WALKING","training data","fBodyAccMag-std()",-0.458344792407407
"12347",15,"WALKING_DOWNSTAIRS","training data","fBodyAccMag-std()",0.153124178119048
"12348",15,"WALKING_UPSTAIRS","training data","fBodyAccMag-std()",-0.255659340833333
"12349",16,"STANDING","training data","fBodyAccMag-std()",-0.957173571923077
"12350",16,"SITTING","training data","fBodyAccMag-std()",-0.942588250115942
"12351",16,"LAYING","training data","fBodyAccMag-std()",-0.958111895857143
"12352",16,"WALKING","training data","fBodyAccMag-std()",-0.592150985098039
"12353",16,"WALKING_DOWNSTAIRS","training data","fBodyAccMag-std()",-0.0534137179170213
"12354",16,"WALKING_UPSTAIRS","training data","fBodyAccMag-std()",-0.418924256078431
"12355",17,"STANDING","training data","fBodyAccMag-std()",-0.975504840641026
"12356",17,"SITTING","training data","fBodyAccMag-std()",-0.9653996796875
"12357",17,"LAYING","training data","fBodyAccMag-std()",-0.949042531690141
"12358",17,"WALKING","training data","fBodyAccMag-std()",-0.565162507704918
"12359",17,"WALKING_DOWNSTAIRS","training data","fBodyAccMag-std()",-0.0618876767130435
"12360",17,"WALKING_UPSTAIRS","training data","fBodyAccMag-std()",-0.217393170604167
"12361",19,"STANDING","training data","fBodyAccMag-std()",-0.964259110821918
"12362",19,"SITTING","training data","fBodyAccMag-std()",-0.952802277671233
"12363",19,"LAYING","training data","fBodyAccMag-std()",-0.964056773975904
"12364",19,"WALKING","training data","fBodyAccMag-std()",-0.324793406057692
"12365",19,"WALKING_DOWNSTAIRS","training data","fBodyAccMag-std()",0.0828630624102564
"12366",19,"WALKING_UPSTAIRS","training data","fBodyAccMag-std()",-0.368253499
"12367",21,"STANDING","training data","fBodyAccMag-std()",-0.960041844382022
"12368",21,"SITTING","training data","fBodyAccMag-std()",-0.974447593176471
"12369",21,"LAYING","training data","fBodyAccMag-std()",-0.944449070888889
"12370",21,"WALKING","training data","fBodyAccMag-std()",-0.438149791153846
"12371",21,"WALKING_DOWNSTAIRS","training data","fBodyAccMag-std()",0.0791271386644444
"12372",21,"WALKING_UPSTAIRS","training data","fBodyAccMag-std()",-0.403357611702128
"12373",22,"STANDING","training data","fBodyAccMag-std()",-0.943739135238095
"12374",22,"SITTING","training data","fBodyAccMag-std()",-0.926798029822581
"12375",22,"LAYING","training data","fBodyAccMag-std()",-0.913267251263889
"12376",22,"WALKING","training data","fBodyAccMag-std()",-0.381399308043478
"12377",22,"WALKING_DOWNSTAIRS","training data","fBodyAccMag-std()",-0.0575202606055556
"12378",22,"WALKING_UPSTAIRS","training data","fBodyAccMag-std()",-0.334126221428571
"12379",23,"STANDING","training data","fBodyAccMag-std()",-0.955291356470588
"12380",23,"SITTING","training data","fBodyAccMag-std()",-0.927090118382353
"12381",23,"LAYING","training data","fBodyAccMag-std()",-0.958465695416667
"12382",23,"WALKING","training data","fBodyAccMag-std()",-0.407577515762712
"12383",23,"WALKING_DOWNSTAIRS","training data","fBodyAccMag-std()",-0.0453930349148148
"12384",23,"WALKING_UPSTAIRS","training data","fBodyAccMag-std()",-0.410047643333333
"12385",25,"STANDING","training data","fBodyAccMag-std()",-0.970203660405405
"12386",25,"SITTING","training data","fBodyAccMag-std()",-0.961997268307692
"12387",25,"LAYING","training data","fBodyAccMag-std()",-0.651353241643836
"12388",25,"WALKING","training data","fBodyAccMag-std()",-0.632927475540541
"12389",25,"WALKING_DOWNSTAIRS","training data","fBodyAccMag-std()",-0.359437080103448
"12390",25,"WALKING_UPSTAIRS","training data","fBodyAccMag-std()",-0.536120293230769
"12391",26,"STANDING","training data","fBodyAccMag-std()",-0.963909299324324
"12392",26,"SITTING","training data","fBodyAccMag-std()",-0.934587699141026
"12393",26,"LAYING","training data","fBodyAccMag-std()",-0.966576631710526
"12394",26,"WALKING","training data","fBodyAccMag-std()",-0.537183967118644
"12395",26,"WALKING_DOWNSTAIRS","training data","fBodyAccMag-std()",0.005749436614
"12396",26,"WALKING_UPSTAIRS","training data","fBodyAccMag-std()",-0.274226227272727
"12397",27,"STANDING","training data","fBodyAccMag-std()",-0.967529105125
"12398",27,"SITTING","training data","fBodyAccMag-std()",-0.970885296857143
"12399",27,"LAYING","training data","fBodyAccMag-std()",-0.980296339054054
"12400",27,"WALKING","training data","fBodyAccMag-std()",-0.550392604912281
"12401",27,"WALKING_DOWNSTAIRS","training data","fBodyAccMag-std()",-0.071212004425
"12402",27,"WALKING_UPSTAIRS","training data","fBodyAccMag-std()",-0.468707734509804
"12403",28,"STANDING","training data","fBodyAccMag-std()",-0.923857158227848
"12404",28,"SITTING","training data","fBodyAccMag-std()",-0.952281424444444
"12405",28,"LAYING","training data","fBodyAccMag-std()",-0.95756401875
"12406",28,"WALKING","training data","fBodyAccMag-std()",-0.511573670555556
"12407",28,"WALKING_DOWNSTAIRS","training data","fBodyAccMag-std()",-0.074058597676087
"12408",28,"WALKING_UPSTAIRS","training data","fBodyAccMag-std()",-0.334626168823529
"12409",29,"STANDING","training data","fBodyAccMag-std()",-0.982247716
"12410",29,"SITTING","training data","fBodyAccMag-std()",-0.971218019833333
"12411",29,"LAYING","training data","fBodyAccMag-std()",-0.981599783623188
"12412",29,"WALKING","training data","fBodyAccMag-std()",-0.393257505471698
"12413",29,"WALKING_DOWNSTAIRS","training data","fBodyAccMag-std()",-0.0330868111229167
"12414",29,"WALKING_UPSTAIRS","training data","fBodyAccMag-std()",-0.155993755897959
"12415",30,"STANDING","training data","fBodyAccMag-std()",-0.921733233050847
"12416",30,"SITTING","training data","fBodyAccMag-std()",-0.943543732580645
"12417",30,"LAYING","training data","fBodyAccMag-std()",-0.964051810714286
"12418",30,"WALKING","training data","fBodyAccMag-std()",-0.469852794923077
"12419",30,"WALKING_DOWNSTAIRS","training data","fBodyAccMag-std()",-0.178535173268548
"12420",30,"WALKING_UPSTAIRS","training data","fBodyAccMag-std()",-0.394508080769231
"12421",2,"STANDING","test data","fBodyAccMag-meanFreq()",0.119649963903704
"12422",2,"SITTING","test data","fBodyAccMag-meanFreq()",0.130934202854348
"12423",2,"LAYING","test data","fBodyAccMag-meanFreq()",0.2662982125
"12424",2,"WALKING","test data","fBodyAccMag-meanFreq()",0.393206208305085
"12425",2,"WALKING_DOWNSTAIRS","test data","fBodyAccMag-meanFreq()",0.0938321297617021
"12426",2,"WALKING_UPSTAIRS","test data","fBodyAccMag-meanFreq()",0.107680395229167
"12427",4,"STANDING","test data","fBodyAccMag-meanFreq()",-0.102971757742857
"12428",4,"SITTING","test data","fBodyAccMag-meanFreq()",0.028092110644
"12429",4,"LAYING","test data","fBodyAccMag-meanFreq()",0.241697899814815
"12430",4,"WALKING","test data","fBodyAccMag-meanFreq()",0.382096409966667
"12431",4,"WALKING_DOWNSTAIRS","test data","fBodyAccMag-meanFreq()",0.101078170917778
"12432",4,"WALKING_UPSTAIRS","test data","fBodyAccMag-meanFreq()",-0.108017171661154
"12433",9,"STANDING","test data","fBodyAccMag-meanFreq()",0.0235738706622222
"12434",9,"SITTING","test data","fBodyAccMag-meanFreq()",-0.08061344386
"12435",9,"LAYING","test data","fBodyAccMag-meanFreq()",-0.085609052452
"12436",9,"WALKING","test data","fBodyAccMag-meanFreq()",0.161672988528846
"12437",9,"WALKING_DOWNSTAIRS","test data","fBodyAccMag-meanFreq()",-0.0498273898880952
"12438",9,"WALKING_UPSTAIRS","test data","fBodyAccMag-meanFreq()",-0.00195427494897959
"12439",10,"STANDING","test data","fBodyAccMag-meanFreq()",0.0902454673818182
"12440",10,"SITTING","test data","fBodyAccMag-meanFreq()",0.221566081296296
"12441",10,"LAYING","test data","fBodyAccMag-meanFreq()",0.260388946262069
"12442",10,"WALKING","test data","fBodyAccMag-meanFreq()",0.179599864783019
"12443",10,"WALKING_DOWNSTAIRS","test data","fBodyAccMag-meanFreq()",0.164428829157895
"12444",10,"WALKING_UPSTAIRS","test data","fBodyAccMag-meanFreq()",0.0879049622851064
"12445",12,"STANDING","test data","fBodyAccMag-meanFreq()",0.0468988697540984
"12446",12,"SITTING","test data","fBodyAccMag-meanFreq()",0.00487835794117647
"12447",12,"LAYING","test data","fBodyAccMag-meanFreq()",0.0818083852738333
"12448",12,"WALKING","test data","fBodyAccMag-meanFreq()",0.25226775306
"12449",12,"WALKING_DOWNSTAIRS","test data","fBodyAccMag-meanFreq()",0.078615024478587
"12450",12,"WALKING_UPSTAIRS","test data","fBodyAccMag-meanFreq()",-0.00111843704807692
"12451",13,"STANDING","test data","fBodyAccMag-meanFreq()",0.0936059842982456
"12452",13,"SITTING","test data","fBodyAccMag-meanFreq()",0.150538936606122
"12453",13,"LAYING","test data","fBodyAccMag-meanFreq()",0.0815111222612903
"12454",13,"WALKING","test data","fBodyAccMag-meanFreq()",0.253532325631579
"12455",13,"WALKING_DOWNSTAIRS","test data","fBodyAccMag-meanFreq()",0.0821411398170213
"12456",13,"WALKING_UPSTAIRS","test data","fBodyAccMag-meanFreq()",-0.15090472406
"12457",18,"STANDING","test data","fBodyAccMag-meanFreq()",0.0447928488520548
"12458",18,"SITTING","test data","fBodyAccMag-meanFreq()",0.304581057473684
"12459",18,"LAYING","test data","fBodyAccMag-meanFreq()",0.339472649138462
"12460",18,"WALKING","test data","fBodyAccMag-meanFreq()",0.131646853132143
"12461",18,"WALKING_DOWNSTAIRS","test data","fBodyAccMag-meanFreq()",-0.0768405979909091
"12462",18,"WALKING_UPSTAIRS","test data","fBodyAccMag-meanFreq()",-0.218615528237931
"12463",20,"STANDING","test data","fBodyAccMag-meanFreq()",-0.0784367685864384
"12464",20,"SITTING","test data","fBodyAccMag-meanFreq()",0.0408663540363636
"12465",20,"LAYING","test data","fBodyAccMag-meanFreq()",0.187758018548529
"12466",20,"WALKING","test data","fBodyAccMag-meanFreq()",0.291882701372549
"12467",20,"WALKING_DOWNSTAIRS","test data","fBodyAccMag-meanFreq()",-0.102474919222222
"12468",20,"WALKING_UPSTAIRS","test data","fBodyAccMag-meanFreq()",0.0274686447058824
"12469",24,"STANDING","test data","fBodyAccMag-meanFreq()",-0.0499986378695652
"12470",24,"SITTING","test data","fBodyAccMag-meanFreq()",0.0943831689514706
"12471",24,"LAYING","test data","fBodyAccMag-meanFreq()",0.0811245566805556
"12472",24,"WALKING","test data","fBodyAccMag-meanFreq()",0.153588267505862
"12473",24,"WALKING_DOWNSTAIRS","test data","fBodyAccMag-meanFreq()",-0.0364416083527273
"12474",24,"WALKING_UPSTAIRS","test data","fBodyAccMag-meanFreq()",-0.113727064838983
"12475",1,"STANDING","training data","fBodyAccMag-meanFreq()",0.284555290773585
"12476",1,"SITTING","training data","fBodyAccMag-meanFreq()",0.236655011680851
"12477",1,"LAYING","training data","fBodyAccMag-meanFreq()",0.08640856294
"12478",1,"WALKING","training data","fBodyAccMag-meanFreq()",0.1906437244
"12479",1,"WALKING_DOWNSTAIRS","training data","fBodyAccMag-meanFreq()",0.119187142767959
"12480",1,"WALKING_UPSTAIRS","training data","fBodyAccMag-meanFreq()",-0.0977433496415094
"12481",3,"STANDING","training data","fBodyAccMag-meanFreq()",-0.000332753967377052
"12482",3,"SITTING","training data","fBodyAccMag-meanFreq()",0.02816007875
"12483",3,"LAYING","training data","fBodyAccMag-meanFreq()",0.236990127870968
"12484",3,"WALKING","training data","fBodyAccMag-meanFreq()",0.113494312836207
"12485",3,"WALKING_DOWNSTAIRS","training data","fBodyAccMag-meanFreq()",0.0439616686306122
"12486",3,"WALKING_UPSTAIRS","training data","fBodyAccMag-meanFreq()",0.0238218745338983
"12487",5,"STANDING","training data","fBodyAccMag-meanFreq()",-0.0169422323298214
"12488",5,"SITTING","training data","fBodyAccMag-meanFreq()",0.0586075165227273
"12489",5,"LAYING","training data","fBodyAccMag-meanFreq()",0.292032094967308
"12490",5,"WALKING","training data","fBodyAccMag-meanFreq()",0.149852522225
"12491",5,"WALKING_DOWNSTAIRS","training data","fBodyAccMag-meanFreq()",-0.0137055065085106
"12492",5,"WALKING_UPSTAIRS","training data","fBodyAccMag-meanFreq()",-0.020494853812766
"12493",6,"STANDING","training data","fBodyAccMag-meanFreq()",0.0373542193561403
"12494",6,"SITTING","training data","fBodyAccMag-meanFreq()",0.128902046152727
"12495",6,"LAYING","training data","fBodyAccMag-meanFreq()",0.1446050868
"12496",6,"WALKING","training data","fBodyAccMag-meanFreq()",0.20009036395614
"12497",6,"WALKING_DOWNSTAIRS","training data","fBodyAccMag-meanFreq()",0.106479482332292
"12498",6,"WALKING_UPSTAIRS","training data","fBodyAccMag-meanFreq()",-0.0140154345627451
"12499",7,"STANDING","training data","fBodyAccMag-meanFreq()",-0.0288451773293208
"12500",7,"SITTING","training data","fBodyAccMag-meanFreq()",-0.0112330111875
"12501",7,"LAYING","training data","fBodyAccMag-meanFreq()",-0.129091025169231
"12502",7,"WALKING","training data","fBodyAccMag-meanFreq()",0.172997883545614
"12503",7,"WALKING_DOWNSTAIRS","training data","fBodyAccMag-meanFreq()",0.00380298110638298
"12504",7,"WALKING_UPSTAIRS","training data","fBodyAccMag-meanFreq()",-0.0892278153411765
"12505",8,"STANDING","training data","fBodyAccMag-meanFreq()",0.110646845581481
"12506",8,"SITTING","training data","fBodyAccMag-meanFreq()",0.121543001092174
"12507",8,"LAYING","training data","fBodyAccMag-meanFreq()",0.0484988463518519
"12508",8,"WALKING","training data","fBodyAccMag-meanFreq()",0.204080887916667
"12509",8,"WALKING_DOWNSTAIRS","training data","fBodyAccMag-meanFreq()",0.229144569581579
"12510",8,"WALKING_UPSTAIRS","training data","fBodyAccMag-meanFreq()",0.207071289558293
"12511",11,"STANDING","training data","fBodyAccMag-meanFreq()",0.233078227234043
"12512",11,"SITTING","training data","fBodyAccMag-meanFreq()",0.198648837339623
"12513",11,"LAYING","training data","fBodyAccMag-meanFreq()",0.336010660578947
"12514",11,"WALKING","training data","fBodyAccMag-meanFreq()",0.0935818048854746
"12515",11,"WALKING_DOWNSTAIRS","training data","fBodyAccMag-meanFreq()",0.0316725683978261
"12516",11,"WALKING_UPSTAIRS","training data","fBodyAccMag-meanFreq()",-0.137089383
"12517",14,"STANDING","training data","fBodyAccMag-meanFreq()",-0.0374702781666667
"12518",14,"SITTING","training data","fBodyAccMag-meanFreq()",0.015368050237037
"12519",14,"LAYING","training data","fBodyAccMag-meanFreq()",-0.131771172645098
"12520",14,"WALKING","training data","fBodyAccMag-meanFreq()",-0.0368327907423729
"12521",14,"WALKING_DOWNSTAIRS","training data","fBodyAccMag-meanFreq()",0.000464165078
"12522",14,"WALKING_UPSTAIRS","training data","fBodyAccMag-meanFreq()",-0.168723817533333
"12523",15,"STANDING","training data","fBodyAccMag-meanFreq()",0.0328961071132075
"12524",15,"SITTING","training data","fBodyAccMag-meanFreq()",0.157506318561017
"12525",15,"LAYING","training data","fBodyAccMag-meanFreq()",0.127358410820833
"12526",15,"WALKING","training data","fBodyAccMag-meanFreq()",0.0782256056231481
"12527",15,"WALKING_DOWNSTAIRS","training data","fBodyAccMag-meanFreq()",-0.0581788548595238
"12528",15,"WALKING_UPSTAIRS","training data","fBodyAccMag-meanFreq()",-0.0383017813479167
"12529",16,"STANDING","training data","fBodyAccMag-meanFreq()",0.0924921398371795
"12530",16,"SITTING","training data","fBodyAccMag-meanFreq()",0.240617264101449
"12531",16,"LAYING","training data","fBodyAccMag-meanFreq()",-0.121302340485714
"12532",16,"WALKING","training data","fBodyAccMag-meanFreq()",0.175600477686275
"12533",16,"WALKING_DOWNSTAIRS","training data","fBodyAccMag-meanFreq()",0.0201391853085106
"12534",16,"WALKING_UPSTAIRS","training data","fBodyAccMag-meanFreq()",-0.0937396805764706
"12535",17,"STANDING","training data","fBodyAccMag-meanFreq()",0.119058407512821
"12536",17,"SITTING","training data","fBodyAccMag-meanFreq()",0.126009669051562
"12537",17,"LAYING","training data","fBodyAccMag-meanFreq()",-0.0494678208816901
"12538",17,"WALKING","training data","fBodyAccMag-meanFreq()",0.174349227754098
"12539",17,"WALKING_DOWNSTAIRS","training data","fBodyAccMag-meanFreq()",-0.0553633752984783
"12540",17,"WALKING_UPSTAIRS","training data","fBodyAccMag-meanFreq()",-0.184408514979167
"12541",19,"STANDING","training data","fBodyAccMag-meanFreq()",0.00178112668493151
"12542",19,"SITTING","training data","fBodyAccMag-meanFreq()",-0.0538580142455342
"12543",19,"LAYING","training data","fBodyAccMag-meanFreq()",0.168481196584337
"12544",19,"WALKING","training data","fBodyAccMag-meanFreq()",0.307394950576923
"12545",19,"WALKING_DOWNSTAIRS","training data","fBodyAccMag-meanFreq()",0.226461674461538
"12546",19,"WALKING_UPSTAIRS","training data","fBodyAccMag-meanFreq()",0.1670048042575
"12547",21,"STANDING","training data","fBodyAccMag-meanFreq()",0.0947666458898876
"12548",21,"SITTING","training data","fBodyAccMag-meanFreq()",0.250062689644706
"12549",21,"LAYING","training data","fBodyAccMag-meanFreq()",-0.101802808811111
"12550",21,"WALKING","training data","fBodyAccMag-meanFreq()",0.232789920596154
"12551",21,"WALKING_DOWNSTAIRS","training data","fBodyAccMag-meanFreq()",0.0117020858033333
"12552",21,"WALKING_UPSTAIRS","training data","fBodyAccMag-meanFreq()",0.029334838793617
"12553",22,"STANDING","training data","fBodyAccMag-meanFreq()",-0.0729359541825397
"12554",22,"SITTING","training data","fBodyAccMag-meanFreq()",-0.0543672717149677
"12555",22,"LAYING","training data","fBodyAccMag-meanFreq()",0.0988290426666667
"12556",22,"WALKING","training data","fBodyAccMag-meanFreq()",0.368620829130435
"12557",22,"WALKING_DOWNSTAIRS","training data","fBodyAccMag-meanFreq()",0.130782546102778
"12558",22,"WALKING_UPSTAIRS","training data","fBodyAccMag-meanFreq()",0.29374477
"12559",23,"STANDING","training data","fBodyAccMag-meanFreq()",0.0611889890617647
"12560",23,"SITTING","training data","fBodyAccMag-meanFreq()",0.162284907683824
"12561",23,"LAYING","training data","fBodyAccMag-meanFreq()",0.0359321171277778
"12562",23,"WALKING","training data","fBodyAccMag-meanFreq()",0.281811709254237
"12563",23,"WALKING_DOWNSTAIRS","training data","fBodyAccMag-meanFreq()",0.167846645746296
"12564",23,"WALKING_UPSTAIRS","training data","fBodyAccMag-meanFreq()",-0.0111619282254902
"12565",25,"STANDING","training data","fBodyAccMag-meanFreq()",0.153959874551081
"12566",25,"SITTING","training data","fBodyAccMag-meanFreq()",0.194658204369231
"12567",25,"LAYING","training data","fBodyAccMag-meanFreq()",-0.241575056393973
"12568",25,"WALKING","training data","fBodyAccMag-meanFreq()",0.0526493104482432
"12569",25,"WALKING_DOWNSTAIRS","training data","fBodyAccMag-meanFreq()",-0.17216563837931
"12570",25,"WALKING_UPSTAIRS","training data","fBodyAccMag-meanFreq()",-0.273261579076923
"12571",26,"STANDING","training data","fBodyAccMag-meanFreq()",0.0663748187851351
"12572",26,"SITTING","training data","fBodyAccMag-meanFreq()",0.0890797482948718
"12573",26,"LAYING","training data","fBodyAccMag-meanFreq()",0.277268278907895
"12574",26,"WALKING","training data","fBodyAccMag-meanFreq()",0.174398099661017
"12575",26,"WALKING_DOWNSTAIRS","training data","fBodyAccMag-meanFreq()",-0.152993475556
"12576",26,"WALKING_UPSTAIRS","training data","fBodyAccMag-meanFreq()",-0.0172240385858182
"12577",27,"STANDING","training data","fBodyAccMag-meanFreq()",0.17782530310375
"12578",27,"SITTING","training data","fBodyAccMag-meanFreq()",0.207855626508571
"12579",27,"LAYING","training data","fBodyAccMag-meanFreq()",0.368679681202703
"12580",27,"WALKING","training data","fBodyAccMag-meanFreq()",0.243535983807018
"12581",27,"WALKING_DOWNSTAIRS","training data","fBodyAccMag-meanFreq()",0.0640204520170455
"12582",27,"WALKING_UPSTAIRS","training data","fBodyAccMag-meanFreq()",-0.0126842499664706
"12583",28,"STANDING","training data","fBodyAccMag-meanFreq()",-0.0886594278246835
"12584",28,"SITTING","training data","fBodyAccMag-meanFreq()",0.0291999772481944
"12585",28,"LAYING","training data","fBodyAccMag-meanFreq()",0.038386092475
"12586",28,"WALKING","training data","fBodyAccMag-meanFreq()",0.107450069401852
"12587",28,"WALKING_DOWNSTAIRS","training data","fBodyAccMag-meanFreq()",0.0406977206476087
"12588",28,"WALKING_UPSTAIRS","training data","fBodyAccMag-meanFreq()",0.0202047636666667
"12589",29,"STANDING","training data","fBodyAccMag-meanFreq()",0.179958311861538
"12590",29,"SITTING","training data","fBodyAccMag-meanFreq()",0.250970927783333
"12591",29,"LAYING","training data","fBodyAccMag-meanFreq()",0.435846931652174
"12592",29,"WALKING","training data","fBodyAccMag-meanFreq()",0.0998266557713208
"12593",29,"WALKING_DOWNSTAIRS","training data","fBodyAccMag-meanFreq()",0.0204223113808333
"12594",29,"WALKING_UPSTAIRS","training data","fBodyAccMag-meanFreq()",-0.145077640897959
"12595",30,"STANDING","training data","fBodyAccMag-meanFreq()",-0.111500209335424
"12596",30,"SITTING","training data","fBodyAccMag-meanFreq()",0.0705937003967742
"12597",30,"LAYING","training data","fBodyAccMag-meanFreq()",0.17601722025
"12598",30,"WALKING","training data","fBodyAccMag-meanFreq()",0.0483161700923077
"12599",30,"WALKING_DOWNSTAIRS","training data","fBodyAccMag-meanFreq()",-0.072482764933871
"12600",30,"WALKING_UPSTAIRS","training data","fBodyAccMag-meanFreq()",-0.312338030213846
"12601",2,"STANDING","test data","fBodyBodyAccJerkMag-mean()",-0.977065295555556
"12602",2,"SITTING","test data","fBodyBodyAccJerkMag-mean()",-0.983874698913043
"12603",2,"LAYING","test data","fBodyBodyAccJerkMag-mean()",-0.985374114791667
"12604",2,"WALKING","test data","fBodyBodyAccJerkMag-mean()",-0.169064352813559
"12605",2,"WALKING_DOWNSTAIRS","test data","fBodyBodyAccJerkMag-mean()",0.222247409576596
"12606",2,"WALKING_UPSTAIRS","test data","fBodyBodyAccJerkMag-mean()",-0.189511136902083
"12607",4,"STANDING","test data","fBodyBodyAccJerkMag-mean()",-0.956139283571429
"12608",4,"SITTING","test data","fBodyBodyAccJerkMag-mean()",-0.9625007338
"12609",4,"LAYING","test data","fBodyBodyAccJerkMag-mean()",-0.96228712537037
"12610",4,"WALKING","test data","fBodyBodyAccJerkMag-mean()",-0.318587811
"12611",4,"WALKING_DOWNSTAIRS","test data","fBodyBodyAccJerkMag-mean()",-0.175295286557778
"12612",4,"WALKING_UPSTAIRS","test data","fBodyBodyAccJerkMag-mean()",-0.397406285
"12613",9,"STANDING","test data","fBodyBodyAccJerkMag-mean()",-0.963242884
"12614",9,"SITTING","test data","fBodyBodyAccJerkMag-mean()",-0.9530504408
"12615",9,"LAYING","test data","fBodyBodyAccJerkMag-mean()",-0.9543205856
"12616",9,"WALKING","test data","fBodyBodyAccJerkMag-mean()",-0.316870715576923
"12617",9,"WALKING_DOWNSTAIRS","test data","fBodyBodyAccJerkMag-mean()",0.00716877883571429
"12618",9,"WALKING_UPSTAIRS","test data","fBodyBodyAccJerkMag-mean()",-0.419533108571429
"12619",10,"STANDING","test data","fBodyBodyAccJerkMag-mean()",-0.951633690454545
"12620",10,"SITTING","test data","fBodyBodyAccJerkMag-mean()",-0.985900801111111
"12621",10,"LAYING","test data","fBodyBodyAccJerkMag-mean()",-0.968561121551724
"12622",10,"WALKING","test data","fBodyBodyAccJerkMag-mean()",0.0205189516981132
"12623",10,"WALKING_DOWNSTAIRS","test data","fBodyBodyAccJerkMag-mean()",0.156978047052632
"12624",10,"WALKING_UPSTAIRS","test data","fBodyBodyAccJerkMag-mean()",-0.153553147382979
"12625",12,"STANDING","test data","fBodyBodyAccJerkMag-mean()",-0.960859009508197
"12626",12,"SITTING","test data","fBodyBodyAccJerkMag-mean()",-0.971715268627451
"12627",12,"LAYING","test data","fBodyBodyAccJerkMag-mean()",-0.962448418666667
"12628",12,"WALKING","test data","fBodyBodyAccJerkMag-mean()",-0.029912425338
"12629",12,"WALKING_DOWNSTAIRS","test data","fBodyBodyAccJerkMag-mean()",0.0769968373
"12630",12,"WALKING_UPSTAIRS","test data","fBodyBodyAccJerkMag-mean()",-0.3208844625
"12631",13,"STANDING","test data","fBodyBodyAccJerkMag-mean()",-0.981977536491228
"12632",13,"SITTING","test data","fBodyBodyAccJerkMag-mean()",-0.988348535306122
"12633",13,"LAYING","test data","fBodyBodyAccJerkMag-mean()",-0.980754385967742
"12634",13,"WALKING","test data","fBodyBodyAccJerkMag-mean()",-0.15211150075614
"12635",13,"WALKING_DOWNSTAIRS","test data","fBodyBodyAccJerkMag-mean()",-0.0282156656914894
"12636",13,"WALKING_UPSTAIRS","test data","fBodyBodyAccJerkMag-mean()",-0.425100006545455
"12637",18,"STANDING","test data","fBodyBodyAccJerkMag-mean()",-0.984987073150685
"12638",18,"SITTING","test data","fBodyBodyAccJerkMag-mean()",-0.990407075964912
"12639",18,"LAYING","test data","fBodyBodyAccJerkMag-mean()",-0.988548418307692
"12640",18,"WALKING","test data","fBodyBodyAccJerkMag-mean()",-0.41403775125
"12641",18,"WALKING_DOWNSTAIRS","test data","fBodyBodyAccJerkMag-mean()",-0.3833987134
"12642",18,"WALKING_UPSTAIRS","test data","fBodyBodyAccJerkMag-mean()",-0.574481396551724
"12643",20,"STANDING","test data","fBodyBodyAccJerkMag-mean()",-0.940007897123288
"12644",20,"SITTING","test data","fBodyBodyAccJerkMag-mean()",-0.971730462575758
"12645",20,"LAYING","test data","fBodyBodyAccJerkMag-mean()",-0.979695458088235
"12646",20,"WALKING","test data","fBodyBodyAccJerkMag-mean()",0.0545269493972549
"12647",20,"WALKING_DOWNSTAIRS","test data","fBodyBodyAccJerkMag-mean()",0.0137917152644444
"12648",20,"WALKING_UPSTAIRS","test data","fBodyBodyAccJerkMag-mean()",-0.215014031556863
"12649",24,"STANDING","test data","fBodyBodyAccJerkMag-mean()",-0.972251355217391
"12650",24,"SITTING","test data","fBodyBodyAccJerkMag-mean()",-0.984469962941177
"12651",24,"LAYING","test data","fBodyBodyAccJerkMag-mean()",-0.983108084305556
"12652",24,"WALKING","test data","fBodyBodyAccJerkMag-mean()",-0.418641046896552
"12653",24,"WALKING_DOWNSTAIRS","test data","fBodyBodyAccJerkMag-mean()",-0.200830137109091
"12654",24,"WALKING_UPSTAIRS","test data","fBodyBodyAccJerkMag-mean()",-0.429800778813559
"12655",1,"STANDING","training data","fBodyBodyAccJerkMag-mean()",-0.99254247754717
"12656",1,"SITTING","training data","fBodyBodyAccJerkMag-mean()",-0.985262126808511
"12657",1,"LAYING","training data","fBodyBodyAccJerkMag-mean()",-0.9333003608
"12658",1,"WALKING","training data","fBodyBodyAccJerkMag-mean()",-0.0571194000343158
"12659",1,"WALKING_DOWNSTAIRS","training data","fBodyBodyAccJerkMag-mean()",0.0262184949326531
"12660",1,"WALKING_UPSTAIRS","training data","fBodyBodyAccJerkMag-mean()",-0.44265216245283
"12661",3,"STANDING","training data","fBodyBodyAccJerkMag-mean()",-0.948627467704918
"12662",3,"SITTING","training data","fBodyBodyAccJerkMag-mean()",-0.965888891730769
"12663",3,"LAYING","training data","fBodyBodyAccJerkMag-mean()",-0.975949597903226
"12664",3,"WALKING","training data","fBodyBodyAccJerkMag-mean()",-0.186764516965517
"12665",3,"WALKING_DOWNSTAIRS","training data","fBodyBodyAccJerkMag-mean()",-0.049477977322449
"12666",3,"WALKING_UPSTAIRS","training data","fBodyBodyAccJerkMag-mean()",-0.412920898474576
"12667",5,"STANDING","training data","fBodyBodyAccJerkMag-mean()",-0.941825903035714
"12668",5,"SITTING","training data","fBodyBodyAccJerkMag-mean()",-0.964440302272727
"12669",5,"LAYING","training data","fBodyBodyAccJerkMag-mean()",-0.977356379807692
"12670",5,"WALKING","training data","fBodyBodyAccJerkMag-mean()",-0.269481661080357
"12671",5,"WALKING_DOWNSTAIRS","training data","fBodyBodyAccJerkMag-mean()",0.00918394264170213
"12672",5,"WALKING_UPSTAIRS","training data","fBodyBodyAccJerkMag-mean()",-0.264674938957447
"12673",6,"STANDING","training data","fBodyBodyAccJerkMag-mean()",-0.955914005438597
"12674",6,"SITTING","training data","fBodyBodyAccJerkMag-mean()",-0.948348653636364
"12675",6,"LAYING","training data","fBodyBodyAccJerkMag-mean()",-0.948655471052632
"12676",6,"WALKING","training data","fBodyBodyAccJerkMag-mean()",-0.055401423331579
"12677",6,"WALKING_DOWNSTAIRS","training data","fBodyBodyAccJerkMag-mean()",0.243834258785417
"12678",6,"WALKING_UPSTAIRS","training data","fBodyBodyAccJerkMag-mean()",-0.169868234496078
"12679",7,"STANDING","training data","fBodyBodyAccJerkMag-mean()",-0.967417888301887
"12680",7,"SITTING","training data","fBodyBodyAccJerkMag-mean()",-0.970954184166667
"12681",7,"LAYING","training data","fBodyBodyAccJerkMag-mean()",-0.968066259230769
"12682",7,"WALKING","training data","fBodyBodyAccJerkMag-mean()",-0.0384187298547368
"12683",7,"WALKING_DOWNSTAIRS","training data","fBodyBodyAccJerkMag-mean()",0.067389886106383
"12684",7,"WALKING_UPSTAIRS","training data","fBodyBodyAccJerkMag-mean()",-0.45478324745098
"12685",8,"STANDING","training data","fBodyBodyAccJerkMag-mean()",-0.979745872037037
"12686",8,"SITTING","training data","fBodyBodyAccJerkMag-mean()",-0.980932292391304
"12687",8,"LAYING","training data","fBodyBodyAccJerkMag-mean()",-0.961792852407407
"12688",8,"WALKING","training data","fBodyBodyAccJerkMag-mean()",-0.123834409766667
"12689",8,"WALKING_DOWNSTAIRS","training data","fBodyBodyAccJerkMag-mean()",0.331528459921053
"12690",8,"WALKING_UPSTAIRS","training data","fBodyBodyAccJerkMag-mean()",-0.131850567460976
"12691",11,"STANDING","training data","fBodyBodyAccJerkMag-mean()",-0.988636595319149
"12692",11,"SITTING","training data","fBodyBodyAccJerkMag-mean()",-0.975315331509434
"12693",11,"LAYING","training data","fBodyBodyAccJerkMag-mean()",-0.976940774561403
"12694",11,"WALKING","training data","fBodyBodyAccJerkMag-mean()",-0.395116134237288
"12695",11,"WALKING_DOWNSTAIRS","training data","fBodyBodyAccJerkMag-mean()",-0.097454996626087
"12696",11,"WALKING_UPSTAIRS","training data","fBodyBodyAccJerkMag-mean()",-0.475928501666667
"12697",14,"STANDING","training data","fBodyBodyAccJerkMag-mean()",-0.970214125833333
"12698",14,"SITTING","training data","fBodyBodyAccJerkMag-mean()",-0.972985342962963
"12699",14,"LAYING","training data","fBodyBodyAccJerkMag-mean()",-0.96798859627451
"12700",14,"WALKING","training data","fBodyBodyAccJerkMag-mean()",-0.431591453389831
"12701",14,"WALKING_DOWNSTAIRS","training data","fBodyBodyAccJerkMag-mean()",0.186223478065556
"12702",14,"WALKING_UPSTAIRS","training data","fBodyBodyAccJerkMag-mean()",-0.288744334092593
"12703",15,"STANDING","training data","fBodyBodyAccJerkMag-mean()",-0.979078785660377
"12704",15,"SITTING","training data","fBodyBodyAccJerkMag-mean()",-0.984689437118644
"12705",15,"LAYING","training data","fBodyBodyAccJerkMag-mean()",-0.973681222777778
"12706",15,"WALKING","training data","fBodyBodyAccJerkMag-mean()",-0.289753952407407
"12707",15,"WALKING_DOWNSTAIRS","training data","fBodyBodyAccJerkMag-mean()",0.158413334683333
"12708",15,"WALKING_UPSTAIRS","training data","fBodyBodyAccJerkMag-mean()",-0.261956679958333
"12709",16,"STANDING","training data","fBodyBodyAccJerkMag-mean()",-0.986502687948718
"12710",16,"SITTING","training data","fBodyBodyAccJerkMag-mean()",-0.983968635942029
"12711",16,"LAYING","training data","fBodyBodyAccJerkMag-mean()",-0.987514525142857
"12712",16,"WALKING","training data","fBodyBodyAccJerkMag-mean()",-0.378278490588235
"12713",16,"WALKING_DOWNSTAIRS","training data","fBodyBodyAccJerkMag-mean()",-0.0745659082223404
"12714",16,"WALKING_UPSTAIRS","training data","fBodyBodyAccJerkMag-mean()",-0.475597717843137
"12715",17,"STANDING","training data","fBodyBodyAccJerkMag-mean()",-0.990162798846154
"12716",17,"SITTING","training data","fBodyBodyAccJerkMag-mean()",-0.99142725046875
"12717",17,"LAYING","training data","fBodyBodyAccJerkMag-mean()",-0.979687318732394
"12718",17,"WALKING","training data","fBodyBodyAccJerkMag-mean()",-0.335938891803279
"12719",17,"WALKING_DOWNSTAIRS","training data","fBodyBodyAccJerkMag-mean()",-0.188680399771739
"12720",17,"WALKING_UPSTAIRS","training data","fBodyBodyAccJerkMag-mean()",-0.360299853125
"12721",19,"STANDING","training data","fBodyBodyAccJerkMag-mean()",-0.979135412739726
"12722",19,"SITTING","training data","fBodyBodyAccJerkMag-mean()",-0.983751646712329
"12723",19,"LAYING","training data","fBodyBodyAccJerkMag-mean()",-0.980621564096386
"12724",19,"WALKING","training data","fBodyBodyAccJerkMag-mean()",0.0730179928688462
"12725",19,"WALKING_DOWNSTAIRS","training data","fBodyBodyAccJerkMag-mean()",0.538404846128205
"12726",19,"WALKING_UPSTAIRS","training data","fBodyBodyAccJerkMag-mean()",-0.187391317015
"12727",21,"STANDING","training data","fBodyBodyAccJerkMag-mean()",-0.970634296404494
"12728",21,"SITTING","training data","fBodyBodyAccJerkMag-mean()",-0.985342358705882
"12729",21,"LAYING","training data","fBodyBodyAccJerkMag-mean()",-0.978444123888889
"12730",21,"WALKING","training data","fBodyBodyAccJerkMag-mean()",-0.144009889665385
"12731",21,"WALKING_DOWNSTAIRS","training data","fBodyBodyAccJerkMag-mean()",0.112442619741778
"12732",21,"WALKING_UPSTAIRS","training data","fBodyBodyAccJerkMag-mean()",-0.355443706553191
"12733",22,"STANDING","training data","fBodyBodyAccJerkMag-mean()",-0.959743877936508
"12734",22,"SITTING","training data","fBodyBodyAccJerkMag-mean()",-0.968908297096774
"12735",22,"LAYING","training data","fBodyBodyAccJerkMag-mean()",-0.962654791527778
"12736",22,"WALKING","training data","fBodyBodyAccJerkMag-mean()",0.0659727285
"12737",22,"WALKING_DOWNSTAIRS","training data","fBodyBodyAccJerkMag-mean()",0.0224783539805556
"12738",22,"WALKING_UPSTAIRS","training data","fBodyBodyAccJerkMag-mean()",-0.0458020362119048
"12739",23,"STANDING","training data","fBodyBodyAccJerkMag-mean()",-0.973798155735294
"12740",23,"SITTING","training data","fBodyBodyAccJerkMag-mean()",-0.974121466764706
"12741",23,"LAYING","training data","fBodyBodyAccJerkMag-mean()",-0.985905703888889
"12742",23,"WALKING","training data","fBodyBodyAccJerkMag-mean()",-0.0180705701559322
"12743",23,"WALKING_DOWNSTAIRS","training data","fBodyBodyAccJerkMag-mean()",0.335009724333333
"12744",23,"WALKING_UPSTAIRS","training data","fBodyBodyAccJerkMag-mean()",-0.302968064764706
"12745",25,"STANDING","training data","fBodyBodyAccJerkMag-mean()",-0.982294170810811
"12746",25,"SITTING","training data","fBodyBodyAccJerkMag-mean()",-0.987941825538462
"12747",25,"LAYING","training data","fBodyBodyAccJerkMag-mean()",-0.96008314739726
"12748",25,"WALKING","training data","fBodyBodyAccJerkMag-mean()",-0.564591342162162
"12749",25,"WALKING_DOWNSTAIRS","training data","fBodyBodyAccJerkMag-mean()",-0.471642111551724
"12750",25,"WALKING_UPSTAIRS","training data","fBodyBodyAccJerkMag-mean()",-0.654795110615385
"12751",26,"STANDING","training data","fBodyBodyAccJerkMag-mean()",-0.98287688945946
"12752",26,"SITTING","training data","fBodyBodyAccJerkMag-mean()",-0.989481942820513
"12753",26,"LAYING","training data","fBodyBodyAccJerkMag-mean()",-0.989138184473684
"12754",26,"WALKING","training data","fBodyBodyAccJerkMag-mean()",-0.293358341186441
"12755",26,"WALKING_DOWNSTAIRS","training data","fBodyBodyAccJerkMag-mean()",-0.15317202912
"12756",26,"WALKING_UPSTAIRS","training data","fBodyBodyAccJerkMag-mean()",-0.294970470909091
"12757",27,"STANDING","training data","fBodyBodyAccJerkMag-mean()",-0.984151646
"12758",27,"SITTING","training data","fBodyBodyAccJerkMag-mean()",-0.988773269428571
"12759",27,"LAYING","training data","fBodyBodyAccJerkMag-mean()",-0.988098902567568
"12760",27,"WALKING","training data","fBodyBodyAccJerkMag-mean()",-0.259934013157895
"12761",27,"WALKING_DOWNSTAIRS","training data","fBodyBodyAccJerkMag-mean()",0.010857564025
"12762",27,"WALKING_UPSTAIRS","training data","fBodyBodyAccJerkMag-mean()",-0.460770277843137
"12763",28,"STANDING","training data","fBodyBodyAccJerkMag-mean()",-0.952727765189873
"12764",28,"SITTING","training data","fBodyBodyAccJerkMag-mean()",-0.969178686666667
"12765",28,"LAYING","training data","fBodyBodyAccJerkMag-mean()",-0.9734362485
"12766",28,"WALKING","training data","fBodyBodyAccJerkMag-mean()",-0.360811456296296
"12767",28,"WALKING_DOWNSTAIRS","training data","fBodyBodyAccJerkMag-mean()",-0.0128823827326087
"12768",28,"WALKING_UPSTAIRS","training data","fBodyBodyAccJerkMag-mean()",-0.294433415745098
"12769",29,"STANDING","training data","fBodyBodyAccJerkMag-mean()",-0.989793892615385
"12770",29,"SITTING","training data","fBodyBodyAccJerkMag-mean()",-0.990093703833333
"12771",29,"LAYING","training data","fBodyBodyAccJerkMag-mean()",-0.993998275797101
"12772",29,"WALKING","training data","fBodyBodyAccJerkMag-mean()",-0.108978206490566
"12773",29,"WALKING_DOWNSTAIRS","training data","fBodyBodyAccJerkMag-mean()",0.000448896304791667
"12774",29,"WALKING_UPSTAIRS","training data","fBodyBodyAccJerkMag-mean()",-0.239108046693878
"12775",30,"STANDING","training data","fBodyBodyAccJerkMag-mean()",-0.953357615932203
"12776",30,"SITTING","training data","fBodyBodyAccJerkMag-mean()",-0.985826330967742
"12777",30,"LAYING","training data","fBodyBodyAccJerkMag-mean()",-0.969949269571429
"12778",30,"WALKING","training data","fBodyBodyAccJerkMag-mean()",-0.347180134692308
"12779",30,"WALKING_DOWNSTAIRS","training data","fBodyBodyAccJerkMag-mean()",-0.125961400367742
"12780",30,"WALKING_UPSTAIRS","training data","fBodyBodyAccJerkMag-mean()",-0.549784890615385
"12781",2,"STANDING","test data","fBodyBodyAccJerkMag-std()",-0.97516046
"12782",2,"SITTING","test data","fBodyBodyAccJerkMag-std()",-0.984124185869565
"12783",2,"LAYING","test data","fBodyBodyAccJerkMag-std()",-0.984568489166667
"12784",2,"WALKING","test data","fBodyBodyAccJerkMag-std()",-0.164091969449153
"12785",2,"WALKING_DOWNSTAIRS","test data","fBodyBodyAccJerkMag-std()",0.227480732542553
"12786",2,"WALKING_UPSTAIRS","test data","fBodyBodyAccJerkMag-std()",-0.2604238389625
"12787",4,"STANDING","test data","fBodyBodyAccJerkMag-std()",-0.96003249875
"12788",4,"SITTING","test data","fBodyBodyAccJerkMag-std()",-0.9615845194
"12789",4,"LAYING","test data","fBodyBodyAccJerkMag-std()",-0.958037119259259
"12790",4,"WALKING","test data","fBodyBodyAccJerkMag-std()",-0.320458701
"12791",4,"WALKING_DOWNSTAIRS","test data","fBodyBodyAccJerkMag-std()",-0.280426776955556
"12792",4,"WALKING_UPSTAIRS","test data","fBodyBodyAccJerkMag-std()",-0.497324087307692
"12793",9,"STANDING","test data","fBodyBodyAccJerkMag-std()",-0.963593159555556
"12794",9,"SITTING","test data","fBodyBodyAccJerkMag-std()",-0.9493949814
"12795",9,"LAYING","test data","fBodyBodyAccJerkMag-std()",-0.9550947122
"12796",9,"WALKING","test data","fBodyBodyAccJerkMag-std()",-0.322337536730769
"12797",9,"WALKING_DOWNSTAIRS","test data","fBodyBodyAccJerkMag-std()",0.0705526138333333
"12798",9,"WALKING_UPSTAIRS","test data","fBodyBodyAccJerkMag-std()",-0.484935752040816
"12799",10,"STANDING","test data","fBodyBodyAccJerkMag-std()",-0.952105964545455
"12800",10,"SITTING","test data","fBodyBodyAccJerkMag-std()",-0.983266741481482
"12801",10,"LAYING","test data","fBodyBodyAccJerkMag-std()",-0.965377553448276
"12802",10,"WALKING","test data","fBodyBodyAccJerkMag-std()",0.0502087634986792
"12803",10,"WALKING_DOWNSTAIRS","test data","fBodyBodyAccJerkMag-std()",0.0380266696789474
"12804",10,"WALKING_UPSTAIRS","test data","fBodyBodyAccJerkMag-std()",-0.334365043829787
"12805",12,"STANDING","test data","fBodyBodyAccJerkMag-std()",-0.964145595245902
"12806",12,"SITTING","test data","fBodyBodyAccJerkMag-std()",-0.972951443333333
"12807",12,"LAYING","test data","fBodyBodyAccJerkMag-std()",-0.961653004
"12808",12,"WALKING","test data","fBodyBodyAccJerkMag-std()",-0.013953908696
"12809",12,"WALKING_DOWNSTAIRS","test data","fBodyBodyAccJerkMag-std()",0.0420631251108696
"12810",12,"WALKING_UPSTAIRS","test data","fBodyBodyAccJerkMag-std()",-0.346565141730769
"12811",13,"STANDING","test data","fBodyBodyAccJerkMag-std()",-0.980621262631579
"12812",13,"SITTING","test data","fBodyBodyAccJerkMag-std()",-0.988332303469388
"12813",13,"LAYING","test data","fBodyBodyAccJerkMag-std()",-0.978044349516129
"12814",13,"WALKING","test data","fBodyBodyAccJerkMag-std()",-0.113591923723684
"12815",13,"WALKING_DOWNSTAIRS","test data","fBodyBodyAccJerkMag-std()",-0.0709893839055319
"12816",13,"WALKING_UPSTAIRS","test data","fBodyBodyAccJerkMag-std()",-0.491090809090909
"12817",18,"STANDING","test data","fBodyBodyAccJerkMag-std()",-0.986277356712329
"12818",18,"SITTING","test data","fBodyBodyAccJerkMag-std()",-0.991044297894737
"12819",18,"LAYING","test data","fBodyBodyAccJerkMag-std()",-0.989710656769231
"12820",18,"WALKING","test data","fBodyBodyAccJerkMag-std()",-0.444453486071429
"12821",18,"WALKING_DOWNSTAIRS","test data","fBodyBodyAccJerkMag-std()",-0.386565072363636
"12822",18,"WALKING_UPSTAIRS","test data","fBodyBodyAccJerkMag-std()",-0.587926077068965
"12823",20,"STANDING","test data","fBodyBodyAccJerkMag-std()",-0.936025033013699
"12824",20,"SITTING","test data","fBodyBodyAccJerkMag-std()",-0.972597744242424
"12825",20,"LAYING","test data","fBodyBodyAccJerkMag-std()",-0.979565196911765
"12826",20,"WALKING","test data","fBodyBodyAccJerkMag-std()",-0.0310650270227451
"12827",20,"WALKING_DOWNSTAIRS","test data","fBodyBodyAccJerkMag-std()",0.0790379799133333
"12828",20,"WALKING_UPSTAIRS","test data","fBodyBodyAccJerkMag-std()",-0.280450026862745
"12829",24,"STANDING","test data","fBodyBodyAccJerkMag-std()",-0.973195509565217
"12830",24,"SITTING","test data","fBodyBodyAccJerkMag-std()",-0.98561372
"12831",24,"LAYING","test data","fBodyBodyAccJerkMag-std()",-0.98328511625
"12832",24,"WALKING","test data","fBodyBodyAccJerkMag-std()",-0.40297998362069
"12833",24,"WALKING_DOWNSTAIRS","test data","fBodyBodyAccJerkMag-std()",-0.0827554911536364
"12834",24,"WALKING_UPSTAIRS","test data","fBodyBodyAccJerkMag-std()",-0.45964779779661
"12835",1,"STANDING","training data","fBodyBodyAccJerkMag-std()",-0.992536003396226
"12836",1,"SITTING","training data","fBodyBodyAccJerkMag-std()",-0.981606177446808
"12837",1,"LAYING","training data","fBodyBodyAccJerkMag-std()",-0.9218039756
"12838",1,"WALKING","training data","fBodyBodyAccJerkMag-std()",-0.103492403002105
"12839",1,"WALKING_DOWNSTAIRS","training data","fBodyBodyAccJerkMag-std()",-0.104052260726531
"12840",1,"WALKING_UPSTAIRS","training data","fBodyBodyAccJerkMag-std()",-0.533059853773585
"12841",3,"STANDING","training data","fBodyBodyAccJerkMag-std()",-0.94820681442623
"12842",3,"SITTING","training data","fBodyBodyAccJerkMag-std()",-0.966568852884615
"12843",3,"LAYING","training data","fBodyBodyAccJerkMag-std()",-0.975305377903226
"12844",3,"WALKING","training data","fBodyBodyAccJerkMag-std()",-0.0898519904044828
"12845",3,"WALKING_DOWNSTAIRS","training data","fBodyBodyAccJerkMag-std()",-0.159102288018367
"12846",3,"WALKING_UPSTAIRS","training data","fBodyBodyAccJerkMag-std()",-0.48060920220339
"12847",5,"STANDING","training data","fBodyBodyAccJerkMag-std()",-0.943601960178571
"12848",5,"SITTING","training data","fBodyBodyAccJerkMag-std()",-0.966545323409091
"12849",5,"LAYING","training data","fBodyBodyAccJerkMag-std()",-0.976381934807692
"12850",5,"WALKING","training data","fBodyBodyAccJerkMag-std()",-0.305685376071429
"12851",5,"WALKING_DOWNSTAIRS","training data","fBodyBodyAccJerkMag-std()",-0.089735699787234
"12852",5,"WALKING_UPSTAIRS","training data","fBodyBodyAccJerkMag-std()",-0.378616675957447
"12853",6,"STANDING","training data","fBodyBodyAccJerkMag-std()",-0.95538157877193
"12854",6,"SITTING","training data","fBodyBodyAccJerkMag-std()",-0.947304700363636
"12855",6,"LAYING","training data","fBodyBodyAccJerkMag-std()",-0.951552664035088
"12856",6,"WALKING","training data","fBodyBodyAccJerkMag-std()",-0.0964999702982456
"12857",6,"WALKING_DOWNSTAIRS","training data","fBodyBodyAccJerkMag-std()",0.15480886140625
"12858",6,"WALKING_UPSTAIRS","training data","fBodyBodyAccJerkMag-std()",-0.177734840922353
"12859",7,"STANDING","training data","fBodyBodyAccJerkMag-std()",-0.969092161886792
"12860",7,"SITTING","training data","fBodyBodyAccJerkMag-std()",-0.9684948675
"12861",7,"LAYING","training data","fBodyBodyAccJerkMag-std()",-0.965359228076923
"12862",7,"WALKING","training data","fBodyBodyAccJerkMag-std()",-0.022138358
"12863",7,"WALKING_DOWNSTAIRS","training data","fBodyBodyAccJerkMag-std()",0.107856840302128
"12864",7,"WALKING_UPSTAIRS","training data","fBodyBodyAccJerkMag-std()",-0.497441363137255
"12865",8,"STANDING","training data","fBodyBodyAccJerkMag-std()",-0.979135440925926
"12866",8,"SITTING","training data","fBodyBodyAccJerkMag-std()",-0.97932021173913
"12867",8,"LAYING","training data","fBodyBodyAccJerkMag-std()",-0.963791094259259
"12868",8,"WALKING","training data","fBodyBodyAccJerkMag-std()",-0.276436130125
"12869",8,"WALKING_DOWNSTAIRS","training data","fBodyBodyAccJerkMag-std()",0.134734731236842
"12870",8,"WALKING_UPSTAIRS","training data","fBodyBodyAccJerkMag-std()",-0.379266499780488
"12871",11,"STANDING","training data","fBodyBodyAccJerkMag-std()",-0.98802123106383
"12872",11,"SITTING","training data","fBodyBodyAccJerkMag-std()",-0.972289134150943
"12873",11,"LAYING","training data","fBodyBodyAccJerkMag-std()",-0.975126531403509
"12874",11,"WALKING","training data","fBodyBodyAccJerkMag-std()",-0.41744681559322
"12875",11,"WALKING_DOWNSTAIRS","training data","fBodyBodyAccJerkMag-std()",-0.173661753717391
"12876",11,"WALKING_UPSTAIRS","training data","fBodyBodyAccJerkMag-std()",-0.513703461481481
"12877",14,"STANDING","training data","fBodyBodyAccJerkMag-std()",-0.969677515666667
"12878",14,"SITTING","training data","fBodyBodyAccJerkMag-std()",-0.972959409444444
"12879",14,"LAYING","training data","fBodyBodyAccJerkMag-std()",-0.963607433921569
"12880",14,"WALKING","training data","fBodyBodyAccJerkMag-std()",-0.453426008983051
"12881",14,"WALKING_DOWNSTAIRS","training data","fBodyBodyAccJerkMag-std()",0.194263424111111
"12882",14,"WALKING_UPSTAIRS","training data","fBodyBodyAccJerkMag-std()",-0.409847649281481
"12883",15,"STANDING","training data","fBodyBodyAccJerkMag-std()",-0.980184086603774
"12884",15,"SITTING","training data","fBodyBodyAccJerkMag-std()",-0.983276251694915
"12885",15,"LAYING","training data","fBodyBodyAccJerkMag-std()",-0.972530077916667
"12886",15,"WALKING","training data","fBodyBodyAccJerkMag-std()",-0.342411927851852
"12887",15,"WALKING_DOWNSTAIRS","training data","fBodyBodyAccJerkMag-std()",0.1505077506
"12888",15,"WALKING_UPSTAIRS","training data","fBodyBodyAccJerkMag-std()",-0.391313399375
"12889",16,"STANDING","training data","fBodyBodyAccJerkMag-std()",-0.985912716923077
"12890",16,"SITTING","training data","fBodyBodyAccJerkMag-std()",-0.982190554782609
"12891",16,"LAYING","training data","fBodyBodyAccJerkMag-std()",-0.98724716
"12892",16,"WALKING","training data","fBodyBodyAccJerkMag-std()",-0.441447754509804
"12893",16,"WALKING_DOWNSTAIRS","training data","fBodyBodyAccJerkMag-std()",-0.0919623368021277
"12894",16,"WALKING_UPSTAIRS","training data","fBodyBodyAccJerkMag-std()",-0.51993124
"12895",17,"STANDING","training data","fBodyBodyAccJerkMag-std()",-0.989472086666667
"12896",17,"SITTING","training data","fBodyBodyAccJerkMag-std()",-0.99031962640625
"12897",17,"LAYING","training data","fBodyBodyAccJerkMag-std()",-0.979657231408451
"12898",17,"WALKING","training data","fBodyBodyAccJerkMag-std()",-0.211231860180328
"12899",17,"WALKING_DOWNSTAIRS","training data","fBodyBodyAccJerkMag-std()",-0.236538515947826
"12900",17,"WALKING_UPSTAIRS","training data","fBodyBodyAccJerkMag-std()",-0.437383107916667
"12901",19,"STANDING","training data","fBodyBodyAccJerkMag-std()",-0.979179149452055
"12902",19,"SITTING","training data","fBodyBodyAccJerkMag-std()",-0.983687272739726
"12903",19,"LAYING","training data","fBodyBodyAccJerkMag-std()",-0.979452188433735
"12904",19,"WALKING","training data","fBodyBodyAccJerkMag-std()",-0.0222869586038462
"12905",19,"WALKING_DOWNSTAIRS","training data","fBodyBodyAccJerkMag-std()",0.316346415348718
"12906",19,"WALKING_UPSTAIRS","training data","fBodyBodyAccJerkMag-std()",-0.43467125
"12907",21,"STANDING","training data","fBodyBodyAccJerkMag-std()",-0.97192611741573
"12908",21,"SITTING","training data","fBodyBodyAccJerkMag-std()",-0.986991549529412
"12909",21,"LAYING","training data","fBodyBodyAccJerkMag-std()",-0.977604878888889
"12910",21,"WALKING","training data","fBodyBodyAccJerkMag-std()",-0.0186734409634615
"12911",21,"WALKING_DOWNSTAIRS","training data","fBodyBodyAccJerkMag-std()",0.06320531452
"12912",21,"WALKING_UPSTAIRS","training data","fBodyBodyAccJerkMag-std()",-0.47772185
"12913",22,"STANDING","training data","fBodyBodyAccJerkMag-std()",-0.95665395968254
"12914",22,"SITTING","training data","fBodyBodyAccJerkMag-std()",-0.967026275967742
"12915",22,"LAYING","training data","fBodyBodyAccJerkMag-std()",-0.955635614444444
"12916",22,"WALKING","training data","fBodyBodyAccJerkMag-std()",0.158286745226087
"12917",22,"WALKING_DOWNSTAIRS","training data","fBodyBodyAccJerkMag-std()",-0.118530349166667
"12918",22,"WALKING_UPSTAIRS","training data","fBodyBodyAccJerkMag-std()",-0.151299835619048
"12919",23,"STANDING","training data","fBodyBodyAccJerkMag-std()",-0.9750536875
"12920",23,"SITTING","training data","fBodyBodyAccJerkMag-std()",-0.972117016617647
"12921",23,"LAYING","training data","fBodyBodyAccJerkMag-std()",-0.986540200694444
"12922",23,"WALKING","training data","fBodyBodyAccJerkMag-std()",-0.0457372334118644
"12923",23,"WALKING_DOWNSTAIRS","training data","fBodyBodyAccJerkMag-std()",0.2244805035
"12924",23,"WALKING_UPSTAIRS","training data","fBodyBodyAccJerkMag-std()",-0.454324844901961
"12925",25,"STANDING","training data","fBodyBodyAccJerkMag-std()",-0.982083315
"12926",25,"SITTING","training data","fBodyBodyAccJerkMag-std()",-0.987618801076923
"12927",25,"LAYING","training data","fBodyBodyAccJerkMag-std()",-0.963601212876712
"12928",25,"WALKING","training data","fBodyBodyAccJerkMag-std()",-0.51900424972973
"12929",25,"WALKING_DOWNSTAIRS","training data","fBodyBodyAccJerkMag-std()",-0.502224768103448
"12930",25,"WALKING_UPSTAIRS","training data","fBodyBodyAccJerkMag-std()",-0.703433692615385
"12931",26,"STANDING","training data","fBodyBodyAccJerkMag-std()",-0.981129312702703
"12932",26,"SITTING","training data","fBodyBodyAccJerkMag-std()",-0.989521272820513
"12933",26,"LAYING","training data","fBodyBodyAccJerkMag-std()",-0.987901463289474
"12934",26,"WALKING","training data","fBodyBodyAccJerkMag-std()",-0.268948465423729
"12935",26,"WALKING_DOWNSTAIRS","training data","fBodyBodyAccJerkMag-std()",-0.067941075972
"12936",26,"WALKING_UPSTAIRS","training data","fBodyBodyAccJerkMag-std()",-0.393715352181818
"12937",27,"STANDING","training data","fBodyBodyAccJerkMag-std()",-0.983022277625
"12938",27,"SITTING","training data","fBodyBodyAccJerkMag-std()",-0.988531651142857
"12939",27,"LAYING","training data","fBodyBodyAccJerkMag-std()",-0.988174859594595
"12940",27,"WALKING","training data","fBodyBodyAccJerkMag-std()",-0.279732022017544
"12941",27,"WALKING_DOWNSTAIRS","training data","fBodyBodyAccJerkMag-std()",-0.113625944990909
"12942",27,"WALKING_UPSTAIRS","training data","fBodyBodyAccJerkMag-std()",-0.473011558823529
"12943",28,"STANDING","training data","fBodyBodyAccJerkMag-std()",-0.954963155316456
"12944",28,"SITTING","training data","fBodyBodyAccJerkMag-std()",-0.970823336388889
"12945",28,"LAYING","training data","fBodyBodyAccJerkMag-std()",-0.972336128625
"12946",28,"WALKING","training data","fBodyBodyAccJerkMag-std()",-0.436273009814815
"12947",28,"WALKING_DOWNSTAIRS","training data","fBodyBodyAccJerkMag-std()",-0.0883598523695652
"12948",28,"WALKING_UPSTAIRS","training data","fBodyBodyAccJerkMag-std()",-0.374495907647059
"12949",29,"STANDING","training data","fBodyBodyAccJerkMag-std()",-0.990327934615385
"12950",29,"SITTING","training data","fBodyBodyAccJerkMag-std()",-0.989822909333333
"12951",29,"LAYING","training data","fBodyBodyAccJerkMag-std()",-0.994366667681159
"12952",29,"WALKING","training data","fBodyBodyAccJerkMag-std()",-0.169506499226415
"12953",29,"WALKING_DOWNSTAIRS","training data","fBodyBodyAccJerkMag-std()",-0.0797714324854167
"12954",29,"WALKING_UPSTAIRS","training data","fBodyBodyAccJerkMag-std()",-0.280583556530612
"12955",30,"STANDING","training data","fBodyBodyAccJerkMag-std()",-0.946639846949153
"12956",30,"SITTING","training data","fBodyBodyAccJerkMag-std()",-0.985294959032258
"12957",30,"LAYING","training data","fBodyBodyAccJerkMag-std()",-0.968087778
"12958",30,"WALKING","training data","fBodyBodyAccJerkMag-std()",-0.366537416615385
"12959",30,"WALKING_DOWNSTAIRS","training data","fBodyBodyAccJerkMag-std()",-0.133124304612577
"12960",30,"WALKING_UPSTAIRS","training data","fBodyBodyAccJerkMag-std()",-0.580878133230769
"12961",2,"STANDING","test data","fBodyBodyAccJerkMag-meanFreq()",0.304871865218519
"12962",2,"SITTING","test data","fBodyBodyAccJerkMag-meanFreq()",0.280062423956522
"12963",2,"LAYING","test data","fBodyBodyAccJerkMag-meanFreq()",0.3417585745
"12964",2,"WALKING","test data","fBodyBodyAccJerkMag-meanFreq()",0.20750092670339
"12965",2,"WALKING_DOWNSTAIRS","test data","fBodyBodyAccJerkMag-meanFreq()",0.0188355111404255
"12966",2,"WALKING_UPSTAIRS","test data","fBodyBodyAccJerkMag-meanFreq()",-0.0119168233583333
"12967",4,"STANDING","test data","fBodyBodyAccJerkMag-meanFreq()",0.201262207319643
"12968",4,"SITTING","test data","fBodyBodyAccJerkMag-meanFreq()",0.22719801466
"12969",4,"LAYING","test data","fBodyBodyAccJerkMag-meanFreq()",0.274027349574074
"12970",4,"WALKING","test data","fBodyBodyAccJerkMag-meanFreq()",0.111486484954333
"12971",4,"WALKING_DOWNSTAIRS","test data","fBodyBodyAccJerkMag-meanFreq()",0.0926236938266667
"12972",4,"WALKING_UPSTAIRS","test data","fBodyBodyAccJerkMag-meanFreq()",0.0497462736942308
"12973",9,"STANDING","test data","fBodyBodyAccJerkMag-meanFreq()",0.200537688288889
"12974",9,"SITTING","test data","fBodyBodyAccJerkMag-meanFreq()",0.0974700202614
"12975",9,"LAYING","test data","fBodyBodyAccJerkMag-meanFreq()",0.1670029826292
"12976",9,"WALKING","test data","fBodyBodyAccJerkMag-meanFreq()",0.159239938555769
"12977",9,"WALKING_DOWNSTAIRS","test data","fBodyBodyAccJerkMag-meanFreq()",-0.0824504599928571
"12978",9,"WALKING_UPSTAIRS","test data","fBodyBodyAccJerkMag-meanFreq()",0.0257597455510204
"12979",10,"STANDING","test data","fBodyBodyAccJerkMag-meanFreq()",0.197319524797727
"12980",10,"SITTING","test data","fBodyBodyAccJerkMag-meanFreq()",0.324762092796296
"12981",10,"LAYING","test data","fBodyBodyAccJerkMag-meanFreq()",0.212826187810345
"12982",10,"WALKING","test data","fBodyBodyAccJerkMag-meanFreq()",-0.0712853941698113
"12983",10,"WALKING_DOWNSTAIRS","test data","fBodyBodyAccJerkMag-meanFreq()",0.125205953456842
"12984",10,"WALKING_UPSTAIRS","test data","fBodyBodyAccJerkMag-meanFreq()",0.178734933145745
"12985",12,"STANDING","test data","fBodyBodyAccJerkMag-meanFreq()",0.176598692655738
"12986",12,"SITTING","test data","fBodyBodyAccJerkMag-meanFreq()",0.255191492990196
"12987",12,"LAYING","test data","fBodyBodyAccJerkMag-meanFreq()",0.15706511695
"12988",12,"WALKING","test data","fBodyBodyAccJerkMag-meanFreq()",0.018449461946
"12989",12,"WALKING_DOWNSTAIRS","test data","fBodyBodyAccJerkMag-meanFreq()",0.0415244209043478
"12990",12,"WALKING_UPSTAIRS","test data","fBodyBodyAccJerkMag-meanFreq()",0.0842262704980769
"12991",13,"STANDING","test data","fBodyBodyAccJerkMag-meanFreq()",0.298745382305263
"12992",13,"SITTING","test data","fBodyBodyAccJerkMag-meanFreq()",0.360646362877551
"12993",13,"LAYING","test data","fBodyBodyAccJerkMag-meanFreq()",0.300750657951613
"12994",13,"WALKING","test data","fBodyBodyAccJerkMag-meanFreq()",0.118031208750877
"12995",13,"WALKING_DOWNSTAIRS","test data","fBodyBodyAccJerkMag-meanFreq()",0.0266434248106383
"12996",13,"WALKING_UPSTAIRS","test data","fBodyBodyAccJerkMag-meanFreq()",-0.0278380090472727
"12997",18,"STANDING","test data","fBodyBodyAccJerkMag-meanFreq()",0.361013970013699
"12998",18,"SITTING","test data","fBodyBodyAccJerkMag-meanFreq()",0.459090849721053
"12999",18,"LAYING","test data","fBodyBodyAccJerkMag-meanFreq()",0.393635924092308
"13000",18,"WALKING","test data","fBodyBodyAccJerkMag-meanFreq()",0.0893293589464286
"13001",18,"WALKING_DOWNSTAIRS","test data","fBodyBodyAccJerkMag-meanFreq()",0.00593003606623636
"13002",18,"WALKING_UPSTAIRS","test data","fBodyBodyAccJerkMag-meanFreq()",-0.0290342554637931
"13003",20,"STANDING","test data","fBodyBodyAccJerkMag-meanFreq()",-0.00613414861917808
"13004",20,"SITTING","test data","fBodyBodyAccJerkMag-meanFreq()",0.22971324275
"13005",20,"LAYING","test data","fBodyBodyAccJerkMag-meanFreq()",0.262706879425
"13006",20,"WALKING","test data","fBodyBodyAccJerkMag-meanFreq()",0.0864817772705882
"13007",20,"WALKING_DOWNSTAIRS","test data","fBodyBodyAccJerkMag-meanFreq()",-0.112876280435556
"13008",20,"WALKING_UPSTAIRS","test data","fBodyBodyAccJerkMag-meanFreq()",-0.0202231093223529
"13009",24,"STANDING","test data","fBodyBodyAccJerkMag-meanFreq()",0.293291552663768
"13010",24,"SITTING","test data","fBodyBodyAccJerkMag-meanFreq()",0.353544370380882
"13011",24,"LAYING","test data","fBodyBodyAccJerkMag-meanFreq()",0.347309299402778
"13012",24,"WALKING","test data","fBodyBodyAccJerkMag-meanFreq()",0.102850167901724
"13013",24,"WALKING_DOWNSTAIRS","test data","fBodyBodyAccJerkMag-meanFreq()",-0.00198537142181818
"13014",24,"WALKING_UPSTAIRS","test data","fBodyBodyAccJerkMag-meanFreq()",0.0077672679220339
"13015",1,"STANDING","training data","fBodyBodyAccJerkMag-meanFreq()",0.422220102264151
"13016",1,"SITTING","training data","fBodyBodyAccJerkMag-meanFreq()",0.351852201957447
"13017",1,"LAYING","training data","fBodyBodyAccJerkMag-meanFreq()",0.26639115416
"13018",1,"WALKING","training data","fBodyBodyAccJerkMag-meanFreq()",0.0938221807027368
"13019",1,"WALKING_DOWNSTAIRS","training data","fBodyBodyAccJerkMag-meanFreq()",0.0764915474326531
"13020",1,"WALKING_UPSTAIRS","training data","fBodyBodyAccJerkMag-meanFreq()",0.085352409154717
"13021",3,"STANDING","training data","fBodyBodyAccJerkMag-meanFreq()",0.129816297732787
"13022",3,"SITTING","training data","fBodyBodyAccJerkMag-meanFreq()",0.286795769778846
"13023",3,"LAYING","training data","fBodyBodyAccJerkMag-meanFreq()",0.238611133937097
"13024",3,"WALKING","training data","fBodyBodyAccJerkMag-meanFreq()",-0.11716398312069
"13025",3,"WALKING_DOWNSTAIRS","training data","fBodyBodyAccJerkMag-meanFreq()",0.0434967841218367
"13026",3,"WALKING_UPSTAIRS","training data","fBodyBodyAccJerkMag-meanFreq()",0.0904944091525424
"13027",5,"STANDING","training data","fBodyBodyAccJerkMag-meanFreq()",0.140971600726786
"13028",5,"SITTING","training data","fBodyBodyAccJerkMag-meanFreq()",0.245936717454545
"13029",5,"LAYING","training data","fBodyBodyAccJerkMag-meanFreq()",0.197005001461538
"13030",5,"WALKING","training data","fBodyBodyAccJerkMag-meanFreq()",-0.00497287788214286
"13031",5,"WALKING_DOWNSTAIRS","training data","fBodyBodyAccJerkMag-meanFreq()",0.110968064831915
"13032",5,"WALKING_UPSTAIRS","training data","fBodyBodyAccJerkMag-meanFreq()",0.124513300170213
"13033",6,"STANDING","training data","fBodyBodyAccJerkMag-meanFreq()",0.190943682210526
"13034",6,"SITTING","training data","fBodyBodyAccJerkMag-meanFreq()",0.171844519818182
"13035",6,"LAYING","training data","fBodyBodyAccJerkMag-meanFreq()",0.182525077889474
"13036",6,"WALKING","training data","fBodyBodyAccJerkMag-meanFreq()",-0.00922884645438597
"13037",6,"WALKING_DOWNSTAIRS","training data","fBodyBodyAccJerkMag-meanFreq()",-0.00160659497083333
"13038",6,"WALKING_UPSTAIRS","training data","fBodyBodyAccJerkMag-meanFreq()",-0.0612378407705882
"13039",7,"STANDING","training data","fBodyBodyAccJerkMag-meanFreq()",0.256759439860377
"13040",7,"SITTING","training data","fBodyBodyAccJerkMag-meanFreq()",0.18122972525
"13041",7,"LAYING","training data","fBodyBodyAccJerkMag-meanFreq()",0.217605286703846
"13042",7,"WALKING","training data","fBodyBodyAccJerkMag-meanFreq()",-0.0127446365087719
"13043",7,"WALKING_DOWNSTAIRS","training data","fBodyBodyAccJerkMag-meanFreq()",-0.0373844402161702
"13044",7,"WALKING_UPSTAIRS","training data","fBodyBodyAccJerkMag-meanFreq()",0.0458636458607843
"13045",8,"STANDING","training data","fBodyBodyAccJerkMag-meanFreq()",0.308060633885185
"13046",8,"SITTING","training data","fBodyBodyAccJerkMag-meanFreq()",0.306787560913043
"13047",8,"LAYING","training data","fBodyBodyAccJerkMag-meanFreq()",0.350822601333333
"13048",8,"WALKING","training data","fBodyBodyAccJerkMag-meanFreq()",0.176189876266667
"13049",8,"WALKING_DOWNSTAIRS","training data","fBodyBodyAccJerkMag-meanFreq()",0.181422535965789
"13050",8,"WALKING_UPSTAIRS","training data","fBodyBodyAccJerkMag-meanFreq()",0.27454925895122
"13051",11,"STANDING","training data","fBodyBodyAccJerkMag-meanFreq()",0.333098929765957
"13052",11,"SITTING","training data","fBodyBodyAccJerkMag-meanFreq()",0.192259107913208
"13053",11,"LAYING","training data","fBodyBodyAccJerkMag-meanFreq()",0.29574789545614
"13054",11,"WALKING","training data","fBodyBodyAccJerkMag-meanFreq()",0.0844543080474576
"13055",11,"WALKING_DOWNSTAIRS","training data","fBodyBodyAccJerkMag-meanFreq()",0.0337475179993478
"13056",11,"WALKING_UPSTAIRS","training data","fBodyBodyAccJerkMag-meanFreq()",0.0149014800925926
"13057",14,"STANDING","training data","fBodyBodyAccJerkMag-meanFreq()",0.214251895888333
"13058",14,"SITTING","training data","fBodyBodyAccJerkMag-meanFreq()",0.19841410045
"13059",14,"LAYING","training data","fBodyBodyAccJerkMag-meanFreq()",0.175722996629412
"13060",14,"WALKING","training data","fBodyBodyAccJerkMag-meanFreq()",0.164708200554237
"13061",14,"WALKING_DOWNSTAIRS","training data","fBodyBodyAccJerkMag-meanFreq()",-0.00170923580888889
"13062",14,"WALKING_UPSTAIRS","training data","fBodyBodyAccJerkMag-meanFreq()",0.0399288326018519
"13063",15,"STANDING","training data","fBodyBodyAccJerkMag-meanFreq()",0.293685314135849
"13064",15,"SITTING","training data","fBodyBodyAccJerkMag-meanFreq()",0.242818344188136
"13065",15,"LAYING","training data","fBodyBodyAccJerkMag-meanFreq()",0.273485129381944
"13066",15,"WALKING","training data","fBodyBodyAccJerkMag-meanFreq()",0.0164170631888889
"13067",15,"WALKING_DOWNSTAIRS","training data","fBodyBodyAccJerkMag-meanFreq()",-0.0799656144309524
"13068",15,"WALKING_UPSTAIRS","training data","fBodyBodyAccJerkMag-meanFreq()",0.10096009774375
"13069",16,"STANDING","training data","fBodyBodyAccJerkMag-meanFreq()",0.344673907153846
"13070",16,"SITTING","training data","fBodyBodyAccJerkMag-meanFreq()",0.320055144681159
"13071",16,"LAYING","training data","fBodyBodyAccJerkMag-meanFreq()",0.353266127962857
"13072",16,"WALKING","training data","fBodyBodyAccJerkMag-meanFreq()",0.0921999142870588
"13073",16,"WALKING_DOWNSTAIRS","training data","fBodyBodyAccJerkMag-meanFreq()",-0.0148414437446808
"13074",16,"WALKING_UPSTAIRS","training data","fBodyBodyAccJerkMag-meanFreq()",0.0673443714078431
"13075",17,"STANDING","training data","fBodyBodyAccJerkMag-meanFreq()",0.426849040797436
"13076",17,"SITTING","training data","fBodyBodyAccJerkMag-meanFreq()",0.38152125453125
"13077",17,"LAYING","training data","fBodyBodyAccJerkMag-meanFreq()",0.374273668633803
"13078",17,"WALKING","training data","fBodyBodyAccJerkMag-meanFreq()",0.0274103270236066
"13079",17,"WALKING_DOWNSTAIRS","training data","fBodyBodyAccJerkMag-meanFreq()",-0.0445946372391304
"13080",17,"WALKING_UPSTAIRS","training data","fBodyBodyAccJerkMag-meanFreq()",-0.0890136151333333
"13081",19,"STANDING","training data","fBodyBodyAccJerkMag-meanFreq()",0.29073713539726
"13082",19,"SITTING","training data","fBodyBodyAccJerkMag-meanFreq()",0.268456602178082
"13083",19,"LAYING","training data","fBodyBodyAccJerkMag-meanFreq()",0.211317149549398
"13084",19,"WALKING","training data","fBodyBodyAccJerkMag-meanFreq()",0.124998092238462
"13085",19,"WALKING_DOWNSTAIRS","training data","fBodyBodyAccJerkMag-meanFreq()",0.174679438294872
"13086",19,"WALKING_UPSTAIRS","training data","fBodyBodyAccJerkMag-meanFreq()",0.296851347275
"13087",21,"STANDING","training data","fBodyBodyAccJerkMag-meanFreq()",0.29194637176382
"13088",21,"SITTING","training data","fBodyBodyAccJerkMag-meanFreq()",0.327937039236471
"13089",21,"LAYING","training data","fBodyBodyAccJerkMag-meanFreq()",0.299647660524444
"13090",21,"WALKING","training data","fBodyBodyAccJerkMag-meanFreq()",0.201672106271154
"13091",21,"WALKING_DOWNSTAIRS","training data","fBodyBodyAccJerkMag-meanFreq()",0.01064073576
"13092",21,"WALKING_UPSTAIRS","training data","fBodyBodyAccJerkMag-meanFreq()",0.167901534925532
"13093",22,"STANDING","training data","fBodyBodyAccJerkMag-meanFreq()",0.106970242863492
"13094",22,"SITTING","training data","fBodyBodyAccJerkMag-meanFreq()",0.207314701474194
"13095",22,"LAYING","training data","fBodyBodyAccJerkMag-meanFreq()",0.208852833405556
"13096",22,"WALKING","training data","fBodyBodyAccJerkMag-meanFreq()",0.0976461805652174
"13097",22,"WALKING_DOWNSTAIRS","training data","fBodyBodyAccJerkMag-meanFreq()",0.138397615911111
"13098",22,"WALKING_UPSTAIRS","training data","fBodyBodyAccJerkMag-meanFreq()",0.187559363004762
"13099",23,"STANDING","training data","fBodyBodyAccJerkMag-meanFreq()",0.261655799526471
"13100",23,"SITTING","training data","fBodyBodyAccJerkMag-meanFreq()",0.199533745057059
"13101",23,"LAYING","training data","fBodyBodyAccJerkMag-meanFreq()",0.338094710990278
"13102",23,"WALKING","training data","fBodyBodyAccJerkMag-meanFreq()",0.15173584590678
"13103",23,"WALKING_DOWNSTAIRS","training data","fBodyBodyAccJerkMag-meanFreq()",0.0579874222987037
"13104",23,"WALKING_UPSTAIRS","training data","fBodyBodyAccJerkMag-meanFreq()",0.148281880568627
"13105",25,"STANDING","training data","fBodyBodyAccJerkMag-meanFreq()",0.308447500314865
"13106",25,"SITTING","training data","fBodyBodyAccJerkMag-meanFreq()",0.300439878492308
"13107",25,"LAYING","training data","fBodyBodyAccJerkMag-meanFreq()",0.200493940424658
"13108",25,"WALKING","training data","fBodyBodyAccJerkMag-meanFreq()",0.135338842345946
"13109",25,"WALKING_DOWNSTAIRS","training data","fBodyBodyAccJerkMag-meanFreq()",-0.000259638109310345
"13110",25,"WALKING_UPSTAIRS","training data","fBodyBodyAccJerkMag-meanFreq()",0.0278971843696923
"13111",26,"STANDING","training data","fBodyBodyAccJerkMag-meanFreq()",0.221668476393243
"13112",26,"SITTING","training data","fBodyBodyAccJerkMag-meanFreq()",0.336786740217949
"13113",26,"LAYING","training data","fBodyBodyAccJerkMag-meanFreq()",0.350704034325
"13114",26,"WALKING","training data","fBodyBodyAccJerkMag-meanFreq()",0.0423616587694915
"13115",26,"WALKING_DOWNSTAIRS","training data","fBodyBodyAccJerkMag-meanFreq()",-0.084571896612
"13116",26,"WALKING_UPSTAIRS","training data","fBodyBodyAccJerkMag-meanFreq()",0.0571545019854545
"13117",27,"STANDING","training data","fBodyBodyAccJerkMag-meanFreq()",0.3290143599625
"13118",27,"SITTING","training data","fBodyBodyAccJerkMag-meanFreq()",0.357920769852857
"13119",27,"LAYING","training data","fBodyBodyAccJerkMag-meanFreq()",0.405104858945946
"13120",27,"WALKING","training data","fBodyBodyAccJerkMag-meanFreq()",0.0162107116964912
"13121",27,"WALKING_DOWNSTAIRS","training data","fBodyBodyAccJerkMag-meanFreq()",0.103796321231818
"13122",27,"WALKING_UPSTAIRS","training data","fBodyBodyAccJerkMag-meanFreq()",0.116287371670588
"13123",28,"STANDING","training data","fBodyBodyAccJerkMag-meanFreq()",0.133307643270886
"13124",28,"SITTING","training data","fBodyBodyAccJerkMag-meanFreq()",0.22911153675
"13125",28,"LAYING","training data","fBodyBodyAccJerkMag-meanFreq()",0.26685931489625
"13126",28,"WALKING","training data","fBodyBodyAccJerkMag-meanFreq()",0.123016249824074
"13127",28,"WALKING_DOWNSTAIRS","training data","fBodyBodyAccJerkMag-meanFreq()",0.0545998274521739
"13128",28,"WALKING_UPSTAIRS","training data","fBodyBodyAccJerkMag-meanFreq()",0.172325927735294
"13129",29,"STANDING","training data","fBodyBodyAccJerkMag-meanFreq()",0.388020547984615
"13130",29,"SITTING","training data","fBodyBodyAccJerkMag-meanFreq()",0.33623279745
"13131",29,"LAYING","training data","fBodyBodyAccJerkMag-meanFreq()",0.488088499666667
"13132",29,"WALKING","training data","fBodyBodyAccJerkMag-meanFreq()",-0.0437918181396792
"13133",29,"WALKING_DOWNSTAIRS","training data","fBodyBodyAccJerkMag-meanFreq()",0.0327322971791667
"13134",29,"WALKING_UPSTAIRS","training data","fBodyBodyAccJerkMag-meanFreq()",-0.00164314465612245
"13135",30,"STANDING","training data","fBodyBodyAccJerkMag-meanFreq()",0.0494752816016949
"13136",30,"SITTING","training data","fBodyBodyAccJerkMag-meanFreq()",0.318768530887097
"13137",30,"LAYING","training data","fBodyBodyAccJerkMag-meanFreq()",0.172121086168571
"13138",30,"WALKING","training data","fBodyBodyAccJerkMag-meanFreq()",0.115010838159538
"13139",30,"WALKING_DOWNSTAIRS","training data","fBodyBodyAccJerkMag-meanFreq()",-0.125210388757581
"13140",30,"WALKING_UPSTAIRS","training data","fBodyBodyAccJerkMag-meanFreq()",-0.0484762641046154
"13141",2,"STANDING","test data","fBodyBodyGyroMag-mean()",-0.961775904814815
"13142",2,"SITTING","test data","fBodyBodyGyroMag-mean()",-0.971840596086956
"13143",2,"LAYING","test data","fBodyBodyGyroMag-mean()",-0.972112972708333
"13144",2,"WALKING","test data","fBodyBodyGyroMag-mean()",-0.530704814745763
"13145",2,"WALKING_DOWNSTAIRS","test data","fBodyBodyGyroMag-mean()",-0.320838543553191
"13146",2,"WALKING_UPSTAIRS","test data","fBodyBodyGyroMag-mean()",-0.450612184791667
"13147",4,"STANDING","test data","fBodyBodyGyroMag-mean()",-0.914209165714286
"13148",4,"SITTING","test data","fBodyBodyGyroMag-mean()",-0.9487697524
"13149",4,"LAYING","test data","fBodyBodyGyroMag-mean()",-0.961556660185185
"13150",4,"WALKING","test data","fBodyBodyGyroMag-mean()",-0.609285588016667
"13151",4,"WALKING_DOWNSTAIRS","test data","fBodyBodyGyroMag-mean()",-0.429213369555556
"13152",4,"WALKING_UPSTAIRS","test data","fBodyBodyGyroMag-mean()",-0.575794072115385
"13153",9,"STANDING","test data","fBodyBodyGyroMag-mean()",-0.929769067777778
"13154",9,"SITTING","test data","fBodyBodyGyroMag-mean()",-0.9344377378
"13155",9,"LAYING","test data","fBodyBodyGyroMag-mean()",-0.9186053356
"13156",9,"WALKING","test data","fBodyBodyGyroMag-mean()",-0.513797480384615
"13157",9,"WALKING_DOWNSTAIRS","test data","fBodyBodyGyroMag-mean()",-0.347540226666667
"13158",9,"WALKING_UPSTAIRS","test data","fBodyBodyGyroMag-mean()",-0.531482693877551
"13159",10,"STANDING","test data","fBodyBodyGyroMag-mean()",-0.937786743409091
"13160",10,"SITTING","test data","fBodyBodyGyroMag-mean()",-0.974459732592593
"13161",10,"LAYING","test data","fBodyBodyGyroMag-mean()",-0.937692642586207
"13162",10,"WALKING","test data","fBodyBodyGyroMag-mean()",-0.412616909622642
"13163",10,"WALKING_DOWNSTAIRS","test data","fBodyBodyGyroMag-mean()",-0.312347510289474
"13164",10,"WALKING_UPSTAIRS","test data","fBodyBodyGyroMag-mean()",-0.265371689148936
"13165",12,"STANDING","test data","fBodyBodyGyroMag-mean()",-0.902356765573771
"13166",12,"SITTING","test data","fBodyBodyGyroMag-mean()",-0.958511866666667
"13167",12,"LAYING","test data","fBodyBodyGyroMag-mean()",-0.9454970225
"13168",12,"WALKING","test data","fBodyBodyGyroMag-mean()",-0.442503784
"13169",12,"WALKING_DOWNSTAIRS","test data","fBodyBodyGyroMag-mean()",-0.344938419969565
"13170",12,"WALKING_UPSTAIRS","test data","fBodyBodyGyroMag-mean()",-0.594032515192308
"13171",13,"STANDING","test data","fBodyBodyGyroMag-mean()",-0.957488799473684
"13172",13,"SITTING","test data","fBodyBodyGyroMag-mean()",-0.973258277755102
"13173",13,"LAYING","test data","fBodyBodyGyroMag-mean()",-0.957681621290323
"13174",13,"WALKING","test data","fBodyBodyGyroMag-mean()",-0.267472373877193
"13175",13,"WALKING_DOWNSTAIRS","test data","fBodyBodyGyroMag-mean()",-0.206121707212766
"13176",13,"WALKING_UPSTAIRS","test data","fBodyBodyGyroMag-mean()",-0.485477308909091
"13177",18,"STANDING","test data","fBodyBodyGyroMag-mean()",-0.972352593013699
"13178",18,"SITTING","test data","fBodyBodyGyroMag-mean()",-0.986535242105263
"13179",18,"LAYING","test data","fBodyBodyGyroMag-mean()",-0.984329092153846
"13180",18,"WALKING","test data","fBodyBodyGyroMag-mean()",-0.620331394285714
"13181",18,"WALKING_DOWNSTAIRS","test data","fBodyBodyGyroMag-mean()",-0.604735414363636
"13182",18,"WALKING_UPSTAIRS","test data","fBodyBodyGyroMag-mean()",-0.654029089310345
"13183",20,"STANDING","test data","fBodyBodyGyroMag-mean()",-0.879437674794521
"13184",20,"SITTING","test data","fBodyBodyGyroMag-mean()",-0.953399068181818
"13185",20,"LAYING","test data","fBodyBodyGyroMag-mean()",-0.969832241176471
"13186",20,"WALKING","test data","fBodyBodyGyroMag-mean()",-0.0520065599062745
"13187",20,"WALKING_DOWNSTAIRS","test data","fBodyBodyGyroMag-mean()",-0.100566103524444
"13188",20,"WALKING_UPSTAIRS","test data","fBodyBodyGyroMag-mean()",-0.286627716823529
"13189",24,"STANDING","test data","fBodyBodyGyroMag-mean()",-0.963922314202899
"13190",24,"SITTING","test data","fBodyBodyGyroMag-mean()",-0.977973720735294
"13191",24,"LAYING","test data","fBodyBodyGyroMag-mean()",-0.964001383472222
"13192",24,"WALKING","test data","fBodyBodyGyroMag-mean()",-0.534509163793103
"13193",24,"WALKING_DOWNSTAIRS","test data","fBodyBodyGyroMag-mean()",-0.374298686727273
"13194",24,"WALKING_UPSTAIRS","test data","fBodyBodyGyroMag-mean()",-0.564664994745763
"13195",1,"STANDING","training data","fBodyBodyGyroMag-mean()",-0.984617623396226
"13196",1,"SITTING","training data","fBodyBodyGyroMag-mean()",-0.958435589361702
"13197",1,"LAYING","training data","fBodyBodyGyroMag-mean()",-0.8621901854
"13198",1,"WALKING","training data","fBodyBodyGyroMag-mean()",-0.199252568986316
"13199",1,"WALKING_DOWNSTAIRS","training data","fBodyBodyGyroMag-mean()",-0.185720285744898
"13200",1,"WALKING_UPSTAIRS","training data","fBodyBodyGyroMag-mean()",-0.325961457396226
"13201",3,"STANDING","training data","fBodyBodyGyroMag-mean()",-0.913682362622951
"13202",3,"SITTING","training data","fBodyBodyGyroMag-mean()",-0.946664943653846
"13203",3,"LAYING","training data","fBodyBodyGyroMag-mean()",-0.96458672483871
"13204",3,"WALKING","training data","fBodyBodyGyroMag-mean()",-0.569755772241379
"13205",3,"WALKING_DOWNSTAIRS","training data","fBodyBodyGyroMag-mean()",-0.332376629371429
"13206",3,"WALKING_UPSTAIRS","training data","fBodyBodyGyroMag-mean()",-0.514211583728814
"13207",5,"STANDING","training data","fBodyBodyGyroMag-mean()",-0.904543921607143
"13208",5,"SITTING","training data","fBodyBodyGyroMag-mean()",-0.944760322045455
"13209",5,"LAYING","training data","fBodyBodyGyroMag-mean()",-0.968257068846154
"13210",5,"WALKING","training data","fBodyBodyGyroMag-mean()",-0.484262828928571
"13211",5,"WALKING_DOWNSTAIRS","training data","fBodyBodyGyroMag-mean()",-0.349338414731915
"13212",5,"WALKING_UPSTAIRS","training data","fBodyBodyGyroMag-mean()",-0.392564530851064
"13213",6,"STANDING","training data","fBodyBodyGyroMag-mean()",-0.926664297017544
"13214",6,"SITTING","training data","fBodyBodyGyroMag-mean()",-0.929725679272727
"13215",6,"LAYING","training data","fBodyBodyGyroMag-mean()",-0.930153639473684
"13216",6,"WALKING","training data","fBodyBodyGyroMag-mean()",-0.329681123368421
"13217",6,"WALKING_DOWNSTAIRS","training data","fBodyBodyGyroMag-mean()",-0.0143735434
"13218",6,"WALKING_UPSTAIRS","training data","fBodyBodyGyroMag-mean()",-0.230627015078431
"13219",7,"STANDING","training data","fBodyBodyGyroMag-mean()",-0.93870498490566
"13220",7,"SITTING","training data","fBodyBodyGyroMag-mean()",-0.933081955208333
"13221",7,"LAYING","training data","fBodyBodyGyroMag-mean()",-0.941130719230769
"13222",7,"WALKING","training data","fBodyBodyGyroMag-mean()",-0.192909765467895
"13223",7,"WALKING_DOWNSTAIRS","training data","fBodyBodyGyroMag-mean()",-0.255045057404255
"13224",7,"WALKING_UPSTAIRS","training data","fBodyBodyGyroMag-mean()",-0.533982945882353
"13225",8,"STANDING","training data","fBodyBodyGyroMag-mean()",-0.964564224074074
"13226",8,"SITTING","training data","fBodyBodyGyroMag-mean()",-0.965806789347826
"13227",8,"LAYING","training data","fBodyBodyGyroMag-mean()",-0.944528950555556
"13228",8,"WALKING","training data","fBodyBodyGyroMag-mean()",-0.301241848645833
"13229",8,"WALKING_DOWNSTAIRS","training data","fBodyBodyGyroMag-mean()",-0.00036272967368421
"13230",8,"WALKING_UPSTAIRS","training data","fBodyBodyGyroMag-mean()",-0.229610952609756
"13231",11,"STANDING","training data","fBodyBodyGyroMag-mean()",-0.982576519787234
"13232",11,"SITTING","training data","fBodyBodyGyroMag-mean()",-0.969799951132076
"13233",11,"LAYING","training data","fBodyBodyGyroMag-mean()",-0.967093356491228
"13234",11,"WALKING","training data","fBodyBodyGyroMag-mean()",-0.610222628813559
"13235",11,"WALKING_DOWNSTAIRS","training data","fBodyBodyGyroMag-mean()",-0.456170108913043
"13236",11,"WALKING_UPSTAIRS","training data","fBodyBodyGyroMag-mean()",-0.55009966
"13237",14,"STANDING","training data","fBodyBodyGyroMag-mean()",-0.944405563833333
"13238",14,"SITTING","training data","fBodyBodyGyroMag-mean()",-0.963320540555556
"13239",14,"LAYING","training data","fBodyBodyGyroMag-mean()",-0.930151731176471
"13240",14,"WALKING","training data","fBodyBodyGyroMag-mean()",-0.311386449661017
"13241",14,"WALKING_DOWNSTAIRS","training data","fBodyBodyGyroMag-mean()",-0.0787568406777778
"13242",14,"WALKING_UPSTAIRS","training data","fBodyBodyGyroMag-mean()",0.0488588668185185
"13243",15,"STANDING","training data","fBodyBodyGyroMag-mean()",-0.956733900188679
"13244",15,"SITTING","training data","fBodyBodyGyroMag-mean()",-0.973762179830509
"13245",15,"LAYING","training data","fBodyBodyGyroMag-mean()",-0.946812642361111
"13246",15,"WALKING","training data","fBodyBodyGyroMag-mean()",-0.489166383703704
"13247",15,"WALKING_DOWNSTAIRS","training data","fBodyBodyGyroMag-mean()",-0.373898631190476
"13248",15,"WALKING_UPSTAIRS","training data","fBodyBodyGyroMag-mean()",-0.45369356625
"13249",16,"STANDING","training data","fBodyBodyGyroMag-mean()",-0.975448632179487
"13250",16,"SITTING","training data","fBodyBodyGyroMag-mean()",-0.954060994347826
"13251",16,"LAYING","training data","fBodyBodyGyroMag-mean()",-0.970249638857143
"13252",16,"WALKING","training data","fBodyBodyGyroMag-mean()",-0.669228540784314
"13253",16,"WALKING_DOWNSTAIRS","training data","fBodyBodyGyroMag-mean()",-0.488253939574468
"13254",16,"WALKING_UPSTAIRS","training data","fBodyBodyGyroMag-mean()",-0.630546675490196
"13255",17,"STANDING","training data","fBodyBodyGyroMag-mean()",-0.984291131538461
"13256",17,"SITTING","training data","fBodyBodyGyroMag-mean()",-0.98336929234375
"13257",17,"LAYING","training data","fBodyBodyGyroMag-mean()",-0.969014444788732
"13258",17,"WALKING","training data","fBodyBodyGyroMag-mean()",-0.518618058688525
"13259",17,"WALKING_DOWNSTAIRS","training data","fBodyBodyGyroMag-mean()",-0.40943875826087
"13260",17,"WALKING_UPSTAIRS","training data","fBodyBodyGyroMag-mean()",-0.504066956875
"13261",19,"STANDING","training data","fBodyBodyGyroMag-mean()",-0.958578129589041
"13262",19,"SITTING","training data","fBodyBodyGyroMag-mean()",-0.964238768493151
"13263",19,"LAYING","training data","fBodyBodyGyroMag-mean()",-0.965624724457831
"13264",19,"WALKING","training data","fBodyBodyGyroMag-mean()",-0.0952460452365385
"13265",19,"WALKING_DOWNSTAIRS","training data","fBodyBodyGyroMag-mean()",0.203979764835897
"13266",19,"WALKING_UPSTAIRS","training data","fBodyBodyGyroMag-mean()",-0.28884026785
"13267",21,"STANDING","training data","fBodyBodyGyroMag-mean()",-0.956723022359551
"13268",21,"SITTING","training data","fBodyBodyGyroMag-mean()",-0.977839702352941
"13269",21,"LAYING","training data","fBodyBodyGyroMag-mean()",-0.962349012888889
"13270",21,"WALKING","training data","fBodyBodyGyroMag-mean()",-0.409516081153846
"13271",21,"WALKING_DOWNSTAIRS","training data","fBodyBodyGyroMag-mean()",-0.406392284444444
"13272",21,"WALKING_UPSTAIRS","training data","fBodyBodyGyroMag-mean()",-0.475369886808511
"13273",22,"STANDING","training data","fBodyBodyGyroMag-mean()",-0.932065270793651
"13274",22,"SITTING","training data","fBodyBodyGyroMag-mean()",-0.951952767258065
"13275",22,"LAYING","training data","fBodyBodyGyroMag-mean()",-0.946055840972222
"13276",22,"WALKING","training data","fBodyBodyGyroMag-mean()",-0.438378722826087
"13277",22,"WALKING_DOWNSTAIRS","training data","fBodyBodyGyroMag-mean()",-0.338417326388889
"13278",22,"WALKING_UPSTAIRS","training data","fBodyBodyGyroMag-mean()",-0.369902
"13279",23,"STANDING","training data","fBodyBodyGyroMag-mean()",-0.944583829705882
"13280",23,"SITTING","training data","fBodyBodyGyroMag-mean()",-0.952293277205882
"13281",23,"LAYING","training data","fBodyBodyGyroMag-mean()",-0.966239347916667
"13282",23,"WALKING","training data","fBodyBodyGyroMag-mean()",0.185078207383051
"13283",23,"WALKING_DOWNSTAIRS","training data","fBodyBodyGyroMag-mean()",0.150825734842593
"13284",23,"WALKING_UPSTAIRS","training data","fBodyBodyGyroMag-mean()",-0.380388292223529
"13285",25,"STANDING","training data","fBodyBodyGyroMag-mean()",-0.968972499594595
"13286",25,"SITTING","training data","fBodyBodyGyroMag-mean()",-0.979350913692308
"13287",25,"LAYING","training data","fBodyBodyGyroMag-mean()",-0.910126993561644
"13288",25,"WALKING","training data","fBodyBodyGyroMag-mean()",-0.562733252702703
"13289",25,"WALKING_DOWNSTAIRS","training data","fBodyBodyGyroMag-mean()",-0.485763582068966
"13290",25,"WALKING_UPSTAIRS","training data","fBodyBodyGyroMag-mean()",-0.567153469846154
"13291",26,"STANDING","training data","fBodyBodyGyroMag-mean()",-0.972333108648649
"13292",26,"SITTING","training data","fBodyBodyGyroMag-mean()",-0.97646387
"13293",26,"LAYING","training data","fBodyBodyGyroMag-mean()",-0.974305179605263
"13294",26,"WALKING","training data","fBodyBodyGyroMag-mean()",-0.551927613050847
"13295",26,"WALKING_DOWNSTAIRS","training data","fBodyBodyGyroMag-mean()",-0.3345099466
"13296",26,"WALKING_UPSTAIRS","training data","fBodyBodyGyroMag-mean()",-0.556084778181818
"13297",27,"STANDING","training data","fBodyBodyGyroMag-mean()",-0.975525565625
"13298",27,"SITTING","training data","fBodyBodyGyroMag-mean()",-0.979482820857143
"13299",27,"LAYING","training data","fBodyBodyGyroMag-mean()",-0.979890667972973
"13300",27,"WALKING","training data","fBodyBodyGyroMag-mean()",-0.519451704035088
"13301",27,"WALKING_DOWNSTAIRS","training data","fBodyBodyGyroMag-mean()",-0.359113724772727
"13302",27,"WALKING_UPSTAIRS","training data","fBodyBodyGyroMag-mean()",-0.607667730196078
"13303",28,"STANDING","training data","fBodyBodyGyroMag-mean()",-0.909652436329114
"13304",28,"SITTING","training data","fBodyBodyGyroMag-mean()",-0.960297525
"13305",28,"LAYING","training data","fBodyBodyGyroMag-mean()",-0.944218369375
"13306",28,"WALKING","training data","fBodyBodyGyroMag-mean()",-0.514602424814815
"13307",28,"WALKING_DOWNSTAIRS","training data","fBodyBodyGyroMag-mean()",-0.223354793921739
"13308",28,"WALKING_UPSTAIRS","training data","fBodyBodyGyroMag-mean()",-0.534835409607843
"13309",29,"STANDING","training data","fBodyBodyGyroMag-mean()",-0.980879722923077
"13310",29,"SITTING","training data","fBodyBodyGyroMag-mean()",-0.980269425833333
"13311",29,"LAYING","training data","fBodyBodyGyroMag-mean()",-0.98400134173913
"13312",29,"WALKING","training data","fBodyBodyGyroMag-mean()",-0.416817853396226
"13313",29,"WALKING_DOWNSTAIRS","training data","fBodyBodyGyroMag-mean()",-0.381459881875
"13314",29,"WALKING_UPSTAIRS","training data","fBodyBodyGyroMag-mean()",-0.357213897032653
"13315",30,"STANDING","training data","fBodyBodyGyroMag-mean()",-0.917449417288136
"13316",30,"SITTING","training data","fBodyBodyGyroMag-mean()",-0.973876282903226
"13317",30,"LAYING","training data","fBodyBodyGyroMag-mean()",-0.962001199
"13318",30,"WALKING","training data","fBodyBodyGyroMag-mean()",-0.358344356
"13319",30,"WALKING_DOWNSTAIRS","training data","fBodyBodyGyroMag-mean()",-0.356772347348871
"13320",30,"WALKING_UPSTAIRS","training data","fBodyBodyGyroMag-mean()",-0.449150735076923
"13321",2,"STANDING","test data","fBodyBodyGyroMag-std()",-0.956788725740741
"13322",2,"SITTING","test data","fBodyBodyGyroMag-std()",-0.961385745217391
"13323",2,"LAYING","test data","fBodyBodyGyroMag-std()",-0.96109837875
"13324",2,"WALKING","test data","fBodyBodyGyroMag-std()",-0.651792839661017
"13325",2,"WALKING_DOWNSTAIRS","test data","fBodyBodyGyroMag-std()",-0.372576755361702
"13326",2,"WALKING_UPSTAIRS","test data","fBodyBodyGyroMag-std()",-0.438620401875
"13327",4,"STANDING","test data","fBodyBodyGyroMag-std()",-0.887194404285714
"13328",4,"SITTING","test data","fBodyBodyGyroMag-std()",-0.9288505544
"13329",4,"LAYING","test data","fBodyBodyGyroMag-std()",-0.947100325185185
"13330",4,"WALKING","test data","fBodyBodyGyroMag-std()",-0.593937200833333
"13331",4,"WALKING_DOWNSTAIRS","test data","fBodyBodyGyroMag-std()",-0.457674088
"13332",4,"WALKING_UPSTAIRS","test data","fBodyBodyGyroMag-std()",-0.552489628846154
"13333",9,"STANDING","test data","fBodyBodyGyroMag-std()",-0.910909659555556
"13334",9,"SITTING","test data","fBodyBodyGyroMag-std()",-0.9064712292
"13335",9,"LAYING","test data","fBodyBodyGyroMag-std()",-0.9034005814
"13336",9,"WALKING","test data","fBodyBodyGyroMag-std()",-0.562714528653846
"13337",9,"WALKING_DOWNSTAIRS","test data","fBodyBodyGyroMag-std()",-0.424170737142857
"13338",9,"WALKING_UPSTAIRS","test data","fBodyBodyGyroMag-std()",-0.456841325204082
"13339",10,"STANDING","test data","fBodyBodyGyroMag-std()",-0.922961550454545
"13340",10,"SITTING","test data","fBodyBodyGyroMag-std()",-0.962459956111111
"13341",10,"LAYING","test data","fBodyBodyGyroMag-std()",-0.933701315344828
"13342",10,"WALKING","test data","fBodyBodyGyroMag-std()",-0.499759796981132
"13343",10,"WALKING_DOWNSTAIRS","test data","fBodyBodyGyroMag-std()",-0.387780104447368
"13344",10,"WALKING_UPSTAIRS","test data","fBodyBodyGyroMag-std()",-0.166969377765957
"13345",12,"STANDING","test data","fBodyBodyGyroMag-std()",-0.850033171967213
"13346",12,"SITTING","test data","fBodyBodyGyroMag-std()",-0.948460978823529
"13347",12,"LAYING","test data","fBodyBodyGyroMag-std()",-0.940373827666667
"13348",12,"WALKING","test data","fBodyBodyGyroMag-std()",-0.4948022154
"13349",12,"WALKING_DOWNSTAIRS","test data","fBodyBodyGyroMag-std()",-0.423553971956522
"13350",12,"WALKING_UPSTAIRS","test data","fBodyBodyGyroMag-std()",-0.564435086711538
"13351",13,"STANDING","test data","fBodyBodyGyroMag-std()",-0.946857485438596
"13352",13,"SITTING","test data","fBodyBodyGyroMag-std()",-0.96426809755102
"13353",13,"LAYING","test data","fBodyBodyGyroMag-std()",-0.946133432096774
"13354",13,"WALKING","test data","fBodyBodyGyroMag-std()",-0.379951835438597
"13355",13,"WALKING_DOWNSTAIRS","test data","fBodyBodyGyroMag-std()",-0.400560061212766
"13356",13,"WALKING_UPSTAIRS","test data","fBodyBodyGyroMag-std()",-0.470770800363636
"13357",18,"STANDING","test data","fBodyBodyGyroMag-std()",-0.95911345739726
"13358",18,"SITTING","test data","fBodyBodyGyroMag-std()",-0.981252632807018
"13359",18,"LAYING","test data","fBodyBodyGyroMag-std()",-0.981468841692308
"13360",18,"WALKING","test data","fBodyBodyGyroMag-std()",-0.668908146607143
"13361",18,"WALKING_DOWNSTAIRS","test data","fBodyBodyGyroMag-std()",-0.533844932145455
"13362",18,"WALKING_UPSTAIRS","test data","fBodyBodyGyroMag-std()",-0.533044636034483
"13363",20,"STANDING","test data","fBodyBodyGyroMag-std()",-0.849127347123288
"13364",20,"SITTING","test data","fBodyBodyGyroMag-std()",-0.943725755909091
"13365",20,"LAYING","test data","fBodyBodyGyroMag-std()",-0.964205915441177
"13366",20,"WALKING","test data","fBodyBodyGyroMag-std()",-0.196210236058824
"13367",20,"WALKING_DOWNSTAIRS","test data","fBodyBodyGyroMag-std()",-0.151681987177778
"13368",20,"WALKING_UPSTAIRS","test data","fBodyBodyGyroMag-std()",-0.360948341823529
"13369",24,"STANDING","test data","fBodyBodyGyroMag-std()",-0.954407176956522
"13370",24,"SITTING","test data","fBodyBodyGyroMag-std()",-0.969105899117647
"13371",24,"LAYING","test data","fBodyBodyGyroMag-std()",-0.961369084583333
"13372",24,"WALKING","test data","fBodyBodyGyroMag-std()",-0.668032801896552
"13373",24,"WALKING_DOWNSTAIRS","test data","fBodyBodyGyroMag-std()",-0.470147270181818
"13374",24,"WALKING_UPSTAIRS","test data","fBodyBodyGyroMag-std()",-0.54907099
"13375",1,"STANDING","training data","fBodyBodyGyroMag-std()",-0.978466072075472
"13376",1,"SITTING","training data","fBodyBodyGyroMag-std()",-0.932198374893617
"13377",1,"LAYING","training data","fBodyBodyGyroMag-std()",-0.82431943968
"13378",1,"WALKING","training data","fBodyBodyGyroMag-std()",-0.321017953894737
"13379",1,"WALKING_DOWNSTAIRS","training data","fBodyBodyGyroMag-std()",-0.398350390122449
"13380",1,"WALKING_UPSTAIRS","training data","fBodyBodyGyroMag-std()",-0.182985518264151
"13381",3,"STANDING","training data","fBodyBodyGyroMag-std()",-0.883439718032787
"13382",3,"SITTING","training data","fBodyBodyGyroMag-std()",-0.925449629
"13383",3,"LAYING","training data","fBodyBodyGyroMag-std()",-0.955441855806452
"13384",3,"WALKING","training data","fBodyBodyGyroMag-std()",-0.632643292931034
"13385",3,"WALKING_DOWNSTAIRS","training data","fBodyBodyGyroMag-std()",-0.322440827020408
"13386",3,"WALKING_UPSTAIRS","training data","fBodyBodyGyroMag-std()",-0.445181802430508
"13387",5,"STANDING","training data","fBodyBodyGyroMag-std()",-0.868913993928571
"13388",5,"SITTING","training data","fBodyBodyGyroMag-std()",-0.934746865454545
"13389",5,"LAYING","training data","fBodyBodyGyroMag-std()",-0.959263063269231
"13390",5,"WALKING","training data","fBodyBodyGyroMag-std()",-0.589741506785714
"13391",5,"WALKING_DOWNSTAIRS","training data","fBodyBodyGyroMag-std()",-0.484141274255319
"13392",5,"WALKING_UPSTAIRS","training data","fBodyBodyGyroMag-std()",-0.440445051914894
"13393",6,"STANDING","training data","fBodyBodyGyroMag-std()",-0.923108761578947
"13394",6,"SITTING","training data","fBodyBodyGyroMag-std()",-0.929549141636364
"13395",6,"LAYING","training data","fBodyBodyGyroMag-std()",-0.928694890175439
"13396",6,"WALKING","training data","fBodyBodyGyroMag-std()",-0.510648322631579
"13397",6,"WALKING_DOWNSTAIRS","training data","fBodyBodyGyroMag-std()",-0.242353857320833
"13398",6,"WALKING_UPSTAIRS","training data","fBodyBodyGyroMag-std()",-0.318173892545098
"13399",7,"STANDING","training data","fBodyBodyGyroMag-std()",-0.919848139056604
"13400",7,"SITTING","training data","fBodyBodyGyroMag-std()",-0.895804978125
"13401",7,"LAYING","training data","fBodyBodyGyroMag-std()",-0.918892518653846
"13402",7,"WALKING","training data","fBodyBodyGyroMag-std()",-0.343894914947368
"13403",7,"WALKING_DOWNSTAIRS","training data","fBodyBodyGyroMag-std()",-0.396909651702128
"13404",7,"WALKING_UPSTAIRS","training data","fBodyBodyGyroMag-std()",-0.444994481882353
"13405",8,"STANDING","training data","fBodyBodyGyroMag-std()",-0.954119826296296
"13406",8,"SITTING","training data","fBodyBodyGyroMag-std()",-0.953251156521739
"13407",8,"LAYING","training data","fBodyBodyGyroMag-std()",-0.93678697
"13408",8,"WALKING","training data","fBodyBodyGyroMag-std()",-0.327459577895833
"13409",8,"WALKING_DOWNSTAIRS","training data","fBodyBodyGyroMag-std()",-0.255590314210526
"13410",8,"WALKING_UPSTAIRS","training data","fBodyBodyGyroMag-std()",-0.183325647134146
"13411",11,"STANDING","training data","fBodyBodyGyroMag-std()",-0.977437710851064
"13412",11,"SITTING","training data","fBodyBodyGyroMag-std()",-0.960711241886792
"13413",11,"LAYING","training data","fBodyBodyGyroMag-std()",-0.954849053508772
"13414",11,"WALKING","training data","fBodyBodyGyroMag-std()",-0.59974543779661
"13415",11,"WALKING_DOWNSTAIRS","training data","fBodyBodyGyroMag-std()",-0.380559426947826
"13416",11,"WALKING_UPSTAIRS","training data","fBodyBodyGyroMag-std()",-0.381223382777778
"13417",14,"STANDING","training data","fBodyBodyGyroMag-std()",-0.934815560833333
"13418",14,"SITTING","training data","fBodyBodyGyroMag-std()",-0.946517963703704
"13419",14,"LAYING","training data","fBodyBodyGyroMag-std()",-0.917760104901961
"13420",14,"WALKING","training data","fBodyBodyGyroMag-std()",-0.265504551525424
"13421",14,"WALKING_DOWNSTAIRS","training data","fBodyBodyGyroMag-std()",-0.223927430580444
"13422",14,"WALKING_UPSTAIRS","training data","fBodyBodyGyroMag-std()",0.236659662496296
"13423",15,"STANDING","training data","fBodyBodyGyroMag-std()",-0.928838303773585
"13424",15,"SITTING","training data","fBodyBodyGyroMag-std()",-0.963378228474576
"13425",15,"LAYING","training data","fBodyBodyGyroMag-std()",-0.923682244861111
"13426",15,"WALKING","training data","fBodyBodyGyroMag-std()",-0.481750218518519
"13427",15,"WALKING_DOWNSTAIRS","training data","fBodyBodyGyroMag-std()",-0.34938720602381
"13428",15,"WALKING_UPSTAIRS","training data","fBodyBodyGyroMag-std()",-0.308585869854167
"13429",16,"STANDING","training data","fBodyBodyGyroMag-std()",-0.963574736025641
"13430",16,"SITTING","training data","fBodyBodyGyroMag-std()",-0.938863215072464
"13431",16,"LAYING","training data","fBodyBodyGyroMag-std()",-0.958975084
"13432",16,"WALKING","training data","fBodyBodyGyroMag-std()",-0.721137001568627
"13433",16,"WALKING_DOWNSTAIRS","training data","fBodyBodyGyroMag-std()",-0.479939845914894
"13434",16,"WALKING_UPSTAIRS","training data","fBodyBodyGyroMag-std()",-0.532486721568627
"13435",17,"STANDING","training data","fBodyBodyGyroMag-std()",-0.977263418717949
"13436",17,"SITTING","training data","fBodyBodyGyroMag-std()",-0.97471085296875
"13437",17,"LAYING","training data","fBodyBodyGyroMag-std()",-0.96002383915493
"13438",17,"WALKING","training data","fBodyBodyGyroMag-std()",-0.615320077704918
"13439",17,"WALKING_DOWNSTAIRS","training data","fBodyBodyGyroMag-std()",-0.428868687826087
"13440",17,"WALKING_UPSTAIRS","training data","fBodyBodyGyroMag-std()",-0.496444579791667
"13441",19,"STANDING","training data","fBodyBodyGyroMag-std()",-0.936723548493151
"13442",19,"SITTING","training data","fBodyBodyGyroMag-std()",-0.950484417260274
"13443",19,"LAYING","training data","fBodyBodyGyroMag-std()",-0.957496024457831
"13444",19,"WALKING","training data","fBodyBodyGyroMag-std()",-0.141598402309615
"13445",19,"WALKING_DOWNSTAIRS","training data","fBodyBodyGyroMag-std()",0.0320366671179487
"13446",19,"WALKING_UPSTAIRS","training data","fBodyBodyGyroMag-std()",-0.3771327525
"13447",21,"STANDING","training data","fBodyBodyGyroMag-std()",-0.947763172921348
"13448",21,"SITTING","training data","fBodyBodyGyroMag-std()",-0.972027251294118
"13449",21,"LAYING","training data","fBodyBodyGyroMag-std()",-0.949736575111111
"13450",21,"WALKING","training data","fBodyBodyGyroMag-std()",-0.512249343076923
"13451",21,"WALKING_DOWNSTAIRS","training data","fBodyBodyGyroMag-std()",-0.484489974222222
"13452",21,"WALKING_UPSTAIRS","training data","fBodyBodyGyroMag-std()",-0.483407096425532
"13453",22,"STANDING","training data","fBodyBodyGyroMag-std()",-0.900222411269841
"13454",22,"SITTING","training data","fBodyBodyGyroMag-std()",-0.93356300983871
"13455",22,"LAYING","training data","fBodyBodyGyroMag-std()",-0.923552358194444
"13456",22,"WALKING","training data","fBodyBodyGyroMag-std()",-0.464019127391304
"13457",22,"WALKING_DOWNSTAIRS","training data","fBodyBodyGyroMag-std()",-0.341863671805556
"13458",22,"WALKING_UPSTAIRS","training data","fBodyBodyGyroMag-std()",-0.234023031571429
"13459",23,"STANDING","training data","fBodyBodyGyroMag-std()",-0.924805421470588
"13460",23,"SITTING","training data","fBodyBodyGyroMag-std()",-0.938680776617647
"13461",23,"LAYING","training data","fBodyBodyGyroMag-std()",-0.959025538194444
"13462",23,"WALKING","training data","fBodyBodyGyroMag-std()",-0.061476584759322
"13463",23,"WALKING_DOWNSTAIRS","training data","fBodyBodyGyroMag-std()",-0.218930425944444
"13464",23,"WALKING_UPSTAIRS","training data","fBodyBodyGyroMag-std()",-0.470491576431373
"13465",25,"STANDING","training data","fBodyBodyGyroMag-std()",-0.961090396891892
"13466",25,"SITTING","training data","fBodyBodyGyroMag-std()",-0.970321897230769
"13467",25,"LAYING","training data","fBodyBodyGyroMag-std()",-0.850661340684931
"13468",25,"WALKING","training data","fBodyBodyGyroMag-std()",-0.529262243378378
"13469",25,"WALKING_DOWNSTAIRS","training data","fBodyBodyGyroMag-std()",-0.423707329706897
"13470",25,"WALKING_UPSTAIRS","training data","fBodyBodyGyroMag-std()",-0.386612992876923
"13471",26,"STANDING","training data","fBodyBodyGyroMag-std()",-0.962967605810811
"13472",26,"SITTING","training data","fBodyBodyGyroMag-std()",-0.963650652307692
"13473",26,"LAYING","training data","fBodyBodyGyroMag-std()",-0.96613921868421
"13474",26,"WALKING","training data","fBodyBodyGyroMag-std()",-0.60946621661017
"13475",26,"WALKING_DOWNSTAIRS","training data","fBodyBodyGyroMag-std()",-0.39299065312
"13476",26,"WALKING_UPSTAIRS","training data","fBodyBodyGyroMag-std()",-0.569632
"13477",27,"STANDING","training data","fBodyBodyGyroMag-std()",-0.96540017025
"13478",27,"SITTING","training data","fBodyBodyGyroMag-std()",-0.970528266285714
"13479",27,"LAYING","training data","fBodyBodyGyroMag-std()",-0.971806236756757
"13480",27,"WALKING","training data","fBodyBodyGyroMag-std()",-0.546888146491228
"13481",27,"WALKING_DOWNSTAIRS","training data","fBodyBodyGyroMag-std()",-0.397984195568182
"13482",27,"WALKING_UPSTAIRS","training data","fBodyBodyGyroMag-std()",-0.523335975411765
"13483",28,"STANDING","training data","fBodyBodyGyroMag-std()",-0.878459662025316
"13484",28,"SITTING","training data","fBodyBodyGyroMag-std()",-0.953534292638889
"13485",28,"LAYING","training data","fBodyBodyGyroMag-std()",-0.931675004125
"13486",28,"WALKING","training data","fBodyBodyGyroMag-std()",-0.516811574074074
"13487",28,"WALKING_DOWNSTAIRS","training data","fBodyBodyGyroMag-std()",-0.362903836717391
"13488",28,"WALKING_UPSTAIRS","training data","fBodyBodyGyroMag-std()",-0.528187016862745
"13489",29,"STANDING","training data","fBodyBodyGyroMag-std()",-0.975938728769231
"13490",29,"SITTING","training data","fBodyBodyGyroMag-std()",-0.971011373
"13491",29,"LAYING","training data","fBodyBodyGyroMag-std()",-0.976679046231884
"13492",29,"WALKING","training data","fBodyBodyGyroMag-std()",-0.429156830566038
"13493",29,"WALKING_DOWNSTAIRS","training data","fBodyBodyGyroMag-std()",-0.323024575098542
"13494",29,"WALKING_UPSTAIRS","training data","fBodyBodyGyroMag-std()",-0.074331469755102
"13495",30,"STANDING","training data","fBodyBodyGyroMag-std()",-0.888872227966102
"13496",30,"SITTING","training data","fBodyBodyGyroMag-std()",-0.959513937258065
"13497",30,"LAYING","training data","fBodyBodyGyroMag-std()",-0.952644449285714
"13498",30,"WALKING","training data","fBodyBodyGyroMag-std()",-0.331541740923077
"13499",30,"WALKING_DOWNSTAIRS","training data","fBodyBodyGyroMag-std()",-0.252361882572581
"13500",30,"WALKING_UPSTAIRS","training data","fBodyBodyGyroMag-std()",-0.151472278383077
"13501",2,"STANDING","test data","fBodyBodyGyroMag-meanFreq()",-0.0661266045796296
"13502",2,"SITTING","test data","fBodyBodyGyroMag-meanFreq()",-0.106358909173913
"13503",2,"LAYING","test data","fBodyBodyGyroMag-meanFreq()",0.01856447223125
"13504",2,"WALKING","test data","fBodyBodyGyroMag-meanFreq()",0.305283825254237
"13505",2,"WALKING_DOWNSTAIRS","test data","fBodyBodyGyroMag-meanFreq()",0.103971241706383
"13506",2,"WALKING_UPSTAIRS","test data","fBodyBodyGyroMag-meanFreq()",-0.022752769044375
"13507",4,"STANDING","test data","fBodyBodyGyroMag-meanFreq()",-0.286128312085714
"13508",4,"SITTING","test data","fBodyBodyGyroMag-meanFreq()",-0.20008475764
"13509",4,"LAYING","test data","fBodyBodyGyroMag-meanFreq()",-0.259851969798148
"13510",4,"WALKING","test data","fBodyBodyGyroMag-meanFreq()",0.0697301245295
"13511",4,"WALKING_DOWNSTAIRS","test data","fBodyBodyGyroMag-meanFreq()",0.0600292045888889
"13512",4,"WALKING_UPSTAIRS","test data","fBodyBodyGyroMag-meanFreq()",-0.150274479246154
"13513",9,"STANDING","test data","fBodyBodyGyroMag-meanFreq()",-0.174953568622222
"13514",9,"SITTING","test data","fBodyBodyGyroMag-meanFreq()",-0.19597005159
"13515",9,"LAYING","test data","fBodyBodyGyroMag-meanFreq()",-0.20634356866
"13516",9,"WALKING","test data","fBodyBodyGyroMag-meanFreq()",0.127416241121154
"13517",9,"WALKING_DOWNSTAIRS","test data","fBodyBodyGyroMag-meanFreq()",0.0656782201880952
"13518",9,"WALKING_UPSTAIRS","test data","fBodyBodyGyroMag-meanFreq()",-0.259962957795918
"13519",10,"STANDING","test data","fBodyBodyGyroMag-meanFreq()",-0.226492596295455
"13520",10,"SITTING","test data","fBodyBodyGyroMag-meanFreq()",0.00581337385185185
"13521",10,"LAYING","test data","fBodyBodyGyroMag-meanFreq()",0.216535434472414
"13522",10,"WALKING","test data","fBodyBodyGyroMag-meanFreq()",0.129100106828302
"13523",10,"WALKING_DOWNSTAIRS","test data","fBodyBodyGyroMag-meanFreq()",0.0774362595943947
"13524",10,"WALKING_UPSTAIRS","test data","fBodyBodyGyroMag-meanFreq()",-0.194447276040426
"13525",12,"STANDING","test data","fBodyBodyGyroMag-meanFreq()",-0.261496565898361
"13526",12,"SITTING","test data","fBodyBodyGyroMag-meanFreq()",-0.111982191447059
"13527",12,"LAYING","test data","fBodyBodyGyroMag-meanFreq()",0.00220615496116666
"13528",12,"WALKING","test data","fBodyBodyGyroMag-meanFreq()",0.14607536673
"13529",12,"WALKING_DOWNSTAIRS","test data","fBodyBodyGyroMag-meanFreq()",0.113540447665217
"13530",12,"WALKING_UPSTAIRS","test data","fBodyBodyGyroMag-meanFreq()",-0.107077796403846
"13531",13,"STANDING","test data","fBodyBodyGyroMag-meanFreq()",-0.116504835842105
"13532",13,"SITTING","test data","fBodyBodyGyroMag-meanFreq()",0.00767543343469388
"13533",13,"LAYING","test data","fBodyBodyGyroMag-meanFreq()",0.050207734033871
"13534",13,"WALKING","test data","fBodyBodyGyroMag-meanFreq()",0.302576933403509
"13535",13,"WALKING_DOWNSTAIRS","test data","fBodyBodyGyroMag-meanFreq()",0.257421061128511
"13536",13,"WALKING_UPSTAIRS","test data","fBodyBodyGyroMag-meanFreq()",-0.104131147823636
"13537",18,"STANDING","test data","fBodyBodyGyroMag-meanFreq()",-0.212559690808219
"13538",18,"SITTING","test data","fBodyBodyGyroMag-meanFreq()",0.0492559518473684
"13539",18,"LAYING","test data","fBodyBodyGyroMag-meanFreq()",0.159375426572308
"13540",18,"WALKING","test data","fBodyBodyGyroMag-meanFreq()",0.17563858115
"13541",18,"WALKING_DOWNSTAIRS","test data","fBodyBodyGyroMag-meanFreq()",-0.159221075909091
"13542",18,"WALKING_UPSTAIRS","test data","fBodyBodyGyroMag-meanFreq()",-0.338125776827586
"13543",20,"STANDING","test data","fBodyBodyGyroMag-meanFreq()",-0.305415318547945
"13544",20,"SITTING","test data","fBodyBodyGyroMag-meanFreq()",-0.174980134954545
"13545",20,"LAYING","test data","fBodyBodyGyroMag-meanFreq()",0.0116918216382353
"13546",20,"WALKING","test data","fBodyBodyGyroMag-meanFreq()",0.206699112843137
"13547",20,"WALKING_DOWNSTAIRS","test data","fBodyBodyGyroMag-meanFreq()",-0.0374111876106667
"13548",20,"WALKING_UPSTAIRS","test data","fBodyBodyGyroMag-meanFreq()",0.00461127344235294
"13549",24,"STANDING","test data","fBodyBodyGyroMag-meanFreq()",-0.221536877376812
"13550",24,"SITTING","test data","fBodyBodyGyroMag-meanFreq()",-0.103804539543971
"13551",24,"LAYING","test data","fBodyBodyGyroMag-meanFreq()",0.0544279335515278
"13552",24,"WALKING","test data","fBodyBodyGyroMag-meanFreq()",0.351492001672414
"13553",24,"WALKING_DOWNSTAIRS","test data","fBodyBodyGyroMag-meanFreq()",0.164772642932727
"13554",24,"WALKING_UPSTAIRS","test data","fBodyBodyGyroMag-meanFreq()",-0.0612402085
"13555",1,"STANDING","training data","fBodyBodyGyroMag-meanFreq()",-0.0286057725328302
"13556",1,"SITTING","training data","fBodyBodyGyroMag-meanFreq()",-0.000262186717021277
"13557",1,"LAYING","training data","fBodyBodyGyroMag-meanFreq()",-0.1397750127
"13558",1,"WALKING","training data","fBodyBodyGyroMag-meanFreq()",0.268844367525895
"13559",1,"WALKING_DOWNSTAIRS","training data","fBodyBodyGyroMag-meanFreq()",0.349613895469388
"13560",1,"WALKING_UPSTAIRS","training data","fBodyBodyGyroMag-meanFreq()",-0.219303376110566
"13561",3,"STANDING","training data","fBodyBodyGyroMag-meanFreq()",-0.309822161422951
"13562",3,"SITTING","training data","fBodyBodyGyroMag-meanFreq()",-0.115525765230769
"13563",3,"LAYING","training data","fBodyBodyGyroMag-meanFreq()",-0.0229296114693548
"13564",3,"WALKING","training data","fBodyBodyGyroMag-meanFreq()",0.180946463034483
"13565",3,"WALKING_DOWNSTAIRS","training data","fBodyBodyGyroMag-meanFreq()",-0.0516699550093633
"13566",3,"WALKING_UPSTAIRS","training data","fBodyBodyGyroMag-meanFreq()",-0.177730591459322
"13567",5,"STANDING","training data","fBodyBodyGyroMag-meanFreq()",-0.157768871232143
"13568",5,"SITTING","training data","fBodyBodyGyroMag-meanFreq()",-0.00578350086590909
"13569",5,"LAYING","training data","fBodyBodyGyroMag-meanFreq()",0.102441765923077
"13570",5,"WALKING","training data","fBodyBodyGyroMag-meanFreq()",0.250620609769643
"13571",5,"WALKING_DOWNSTAIRS","training data","fBodyBodyGyroMag-meanFreq()",0.204633757510638
"13572",5,"WALKING_UPSTAIRS","training data","fBodyBodyGyroMag-meanFreq()",-0.0234001987774468
"13573",6,"STANDING","training data","fBodyBodyGyroMag-meanFreq()",-0.0701196902631579
"13574",6,"SITTING","training data","fBodyBodyGyroMag-meanFreq()",0.0461735838090909
"13575",6,"LAYING","training data","fBodyBodyGyroMag-meanFreq()",0.119317522942105
"13576",6,"WALKING","training data","fBodyBodyGyroMag-meanFreq()",0.293109613491228
"13577",6,"WALKING_DOWNSTAIRS","training data","fBodyBodyGyroMag-meanFreq()",0.230693028479167
"13578",6,"WALKING_UPSTAIRS","training data","fBodyBodyGyroMag-meanFreq()",0.0144807316545098
"13579",7,"STANDING","training data","fBodyBodyGyroMag-meanFreq()",-0.187181670020755
"13580",7,"SITTING","training data","fBodyBodyGyroMag-meanFreq()",-0.142830891383333
"13581",7,"LAYING","training data","fBodyBodyGyroMag-meanFreq()",-0.265784491092308
"13582",7,"WALKING","training data","fBodyBodyGyroMag-meanFreq()",0.300315718087719
"13583",7,"WALKING_DOWNSTAIRS","training data","fBodyBodyGyroMag-meanFreq()",0.235200926489362
"13584",7,"WALKING_UPSTAIRS","training data","fBodyBodyGyroMag-meanFreq()",-0.165200896648451
"13585",8,"STANDING","training data","fBodyBodyGyroMag-meanFreq()",-0.108780315687387
"13586",8,"SITTING","training data","fBodyBodyGyroMag-meanFreq()",-0.141126202673913
"13587",8,"LAYING","training data","fBodyBodyGyroMag-meanFreq()",-0.0620563752462963
"13588",8,"WALKING","training data","fBodyBodyGyroMag-meanFreq()",0.0890005737952083
"13589",8,"WALKING_DOWNSTAIRS","training data","fBodyBodyGyroMag-meanFreq()",0.267675982868421
"13590",8,"WALKING_UPSTAIRS","training data","fBodyBodyGyroMag-meanFreq()",-0.128115003341463
"13591",11,"STANDING","training data","fBodyBodyGyroMag-meanFreq()",-0.0478486176276596
"13592",11,"SITTING","training data","fBodyBodyGyroMag-meanFreq()",-0.0398966601509434
"13593",11,"LAYING","training data","fBodyBodyGyroMag-meanFreq()",0.0406004062738596
"13594",11,"WALKING","training data","fBodyBodyGyroMag-meanFreq()",-0.0748370693566102
"13595",11,"WALKING_DOWNSTAIRS","training data","fBodyBodyGyroMag-meanFreq()",-0.169884463904348
"13596",11,"WALKING_UPSTAIRS","training data","fBodyBodyGyroMag-meanFreq()",-0.377996100925926
"13597",14,"STANDING","training data","fBodyBodyGyroMag-meanFreq()",-0.191031011271667
"13598",14,"SITTING","training data","fBodyBodyGyroMag-meanFreq()",-0.171970730796296
"13599",14,"LAYING","training data","fBodyBodyGyroMag-meanFreq()",-0.190837039343137
"13600",14,"WALKING","training data","fBodyBodyGyroMag-meanFreq()",-0.0398346768694915
"13601",14,"WALKING_DOWNSTAIRS","training data","fBodyBodyGyroMag-meanFreq()",0.0800347917133333
"13602",14,"WALKING_UPSTAIRS","training data","fBodyBodyGyroMag-meanFreq()",-0.287413084037037
"13603",15,"STANDING","training data","fBodyBodyGyroMag-meanFreq()",-0.199913549754717
"13604",15,"SITTING","training data","fBodyBodyGyroMag-meanFreq()",-0.0544036755389831
"13605",15,"LAYING","training data","fBodyBodyGyroMag-meanFreq()",-0.196344267730556
"13606",15,"WALKING","training data","fBodyBodyGyroMag-meanFreq()",-0.04588148655205
"13607",15,"WALKING_DOWNSTAIRS","training data","fBodyBodyGyroMag-meanFreq()",-0.110970740980952
"13608",15,"WALKING_UPSTAIRS","training data","fBodyBodyGyroMag-meanFreq()",-0.291977707054167
"13609",16,"STANDING","training data","fBodyBodyGyroMag-meanFreq()",-0.0835937870487179
"13610",16,"SITTING","training data","fBodyBodyGyroMag-meanFreq()",0.000688060278260866
"13611",16,"LAYING","training data","fBodyBodyGyroMag-meanFreq()",-0.124998552485714
"13612",16,"WALKING","training data","fBodyBodyGyroMag-meanFreq()",0.179727428509804
"13613",16,"WALKING_DOWNSTAIRS","training data","fBodyBodyGyroMag-meanFreq()",0.041547289106383
"13614",16,"WALKING_UPSTAIRS","training data","fBodyBodyGyroMag-meanFreq()",-0.279231071313725
"13615",17,"STANDING","training data","fBodyBodyGyroMag-meanFreq()",-0.115635141833333
"13616",17,"SITTING","training data","fBodyBodyGyroMag-meanFreq()",-0.0181759388351563
"13617",17,"LAYING","training data","fBodyBodyGyroMag-meanFreq()",-0.0465567390414085
"13618",17,"WALKING","training data","fBodyBodyGyroMag-meanFreq()",0.351564688770492
"13619",17,"WALKING_DOWNSTAIRS","training data","fBodyBodyGyroMag-meanFreq()",-0.0258920214847826
"13620",17,"WALKING_UPSTAIRS","training data","fBodyBodyGyroMag-meanFreq()",-0.103520890333333
"13621",19,"STANDING","training data","fBodyBodyGyroMag-meanFreq()",-0.24702361689726
"13622",19,"SITTING","training data","fBodyBodyGyroMag-meanFreq()",-0.192451620806849
"13623",19,"LAYING","training data","fBodyBodyGyroMag-meanFreq()",0.0778651216506024
"13624",19,"WALKING","training data","fBodyBodyGyroMag-meanFreq()",0.174359231311538
"13625",19,"WALKING_DOWNSTAIRS","training data","fBodyBodyGyroMag-meanFreq()",0.163417975410256
"13626",19,"WALKING_UPSTAIRS","training data","fBodyBodyGyroMag-meanFreq()",0.0750700310425
"13627",21,"STANDING","training data","fBodyBodyGyroMag-meanFreq()",-0.141992346874157
"13628",21,"SITTING","training data","fBodyBodyGyroMag-meanFreq()",0.0449663254035294
"13629",21,"LAYING","training data","fBodyBodyGyroMag-meanFreq()",-0.20657270175
"13630",21,"WALKING","training data","fBodyBodyGyroMag-meanFreq()",0.385567790384615
"13631",21,"WALKING_DOWNSTAIRS","training data","fBodyBodyGyroMag-meanFreq()",0.130888037993333
"13632",21,"WALKING_UPSTAIRS","training data","fBodyBodyGyroMag-meanFreq()",-0.0184299309085106
"13633",22,"STANDING","training data","fBodyBodyGyroMag-meanFreq()",-0.382818529412698
"13634",22,"SITTING","training data","fBodyBodyGyroMag-meanFreq()",-0.17107118966129
"13635",22,"LAYING","training data","fBodyBodyGyroMag-meanFreq()",-0.0786142233430556
"13636",22,"WALKING","training data","fBodyBodyGyroMag-meanFreq()",0.210282322456522
"13637",22,"WALKING_DOWNSTAIRS","training data","fBodyBodyGyroMag-meanFreq()",-0.0581080717
"13638",22,"WALKING_UPSTAIRS","training data","fBodyBodyGyroMag-meanFreq()",-0.224891603642857
"13639",23,"STANDING","training data","fBodyBodyGyroMag-meanFreq()",-0.121999620029412
"13640",23,"SITTING","training data","fBodyBodyGyroMag-meanFreq()",0.125456560348529
"13641",23,"LAYING","training data","fBodyBodyGyroMag-meanFreq()",0.102453271218056
"13642",23,"WALKING","training data","fBodyBodyGyroMag-meanFreq()",0.409521611525424
"13643",23,"WALKING_DOWNSTAIRS","training data","fBodyBodyGyroMag-meanFreq()",0.402651090185185
"13644",23,"WALKING_UPSTAIRS","training data","fBodyBodyGyroMag-meanFreq()",0.079223297227451
"13645",25,"STANDING","training data","fBodyBodyGyroMag-meanFreq()",-0.169383482278649
"13646",25,"SITTING","training data","fBodyBodyGyroMag-meanFreq()",-0.0911441489753846
"13647",25,"LAYING","training data","fBodyBodyGyroMag-meanFreq()",-0.334849564949315
"13648",25,"WALKING","training data","fBodyBodyGyroMag-meanFreq()",-0.151513801493243
"13649",25,"WALKING_DOWNSTAIRS","training data","fBodyBodyGyroMag-meanFreq()",-0.159588770951724
"13650",25,"WALKING_UPSTAIRS","training data","fBodyBodyGyroMag-meanFreq()",-0.414531992523077
"13651",26,"STANDING","training data","fBodyBodyGyroMag-meanFreq()",-0.144605013921622
"13652",26,"SITTING","training data","fBodyBodyGyroMag-meanFreq()",-0.185666085064103
"13653",26,"LAYING","training data","fBodyBodyGyroMag-meanFreq()",0.111740579146316
"13654",26,"WALKING","training data","fBodyBodyGyroMag-meanFreq()",0.220811667864407
"13655",26,"WALKING_DOWNSTAIRS","training data","fBodyBodyGyroMag-meanFreq()",0.00599108142158
"13656",26,"WALKING_UPSTAIRS","training data","fBodyBodyGyroMag-meanFreq()",-0.0255131300387273
"13657",27,"STANDING","training data","fBodyBodyGyroMag-meanFreq()",-0.16571391208
"13658",27,"SITTING","training data","fBodyBodyGyroMag-meanFreq()",-0.0230774093425714
"13659",27,"LAYING","training data","fBodyBodyGyroMag-meanFreq()",0.174311654377973
"13660",27,"WALKING","training data","fBodyBodyGyroMag-meanFreq()",0.148717231122807
"13661",27,"WALKING_DOWNSTAIRS","training data","fBodyBodyGyroMag-meanFreq()",0.0988527908931818
"13662",27,"WALKING_UPSTAIRS","training data","fBodyBodyGyroMag-meanFreq()",-0.128116124333333
"13663",28,"STANDING","training data","fBodyBodyGyroMag-meanFreq()",-0.317383910594937
"13664",28,"SITTING","training data","fBodyBodyGyroMag-meanFreq()",-0.137706077690278
"13665",28,"LAYING","training data","fBodyBodyGyroMag-meanFreq()",-0.18113593077125
"13666",28,"WALKING","training data","fBodyBodyGyroMag-meanFreq()",-0.00198466764814815
"13667",28,"WALKING_DOWNSTAIRS","training data","fBodyBodyGyroMag-meanFreq()",0.114889052615435
"13668",28,"WALKING_UPSTAIRS","training data","fBodyBodyGyroMag-meanFreq()",-0.0526395586039216
"13669",29,"STANDING","training data","fBodyBodyGyroMag-meanFreq()",-0.0723347010092308
"13670",29,"SITTING","training data","fBodyBodyGyroMag-meanFreq()",-0.0696604205566667
"13671",29,"LAYING","training data","fBodyBodyGyroMag-meanFreq()",0.233760096173913
"13672",29,"WALKING","training data","fBodyBodyGyroMag-meanFreq()",0.0351798881018868
"13673",29,"WALKING_DOWNSTAIRS","training data","fBodyBodyGyroMag-meanFreq()",-0.1015920763425
"13674",29,"WALKING_UPSTAIRS","training data","fBodyBodyGyroMag-meanFreq()",-0.399892274714286
"13675",30,"STANDING","training data","fBodyBodyGyroMag-meanFreq()",-0.318309078220339
"13676",30,"SITTING","training data","fBodyBodyGyroMag-meanFreq()",-0.146608517580645
"13677",30,"LAYING","training data","fBodyBodyGyroMag-meanFreq()",-0.0802049169128571
"13678",30,"WALKING","training data","fBodyBodyGyroMag-meanFreq()",-0.06888716012
"13679",30,"WALKING_DOWNSTAIRS","training data","fBodyBodyGyroMag-meanFreq()",-0.175931348782258
"13680",30,"WALKING_UPSTAIRS","training data","fBodyBodyGyroMag-meanFreq()",-0.456638670923077
"13681",2,"STANDING","test data","fBodyBodyGyroJerkMag-mean()",-0.977849827407407
"13682",2,"SITTING","test data","fBodyBodyGyroJerkMag-mean()",-0.989861950869565
"13683",2,"LAYING","test data","fBodyBodyGyroJerkMag-mean()",-0.990248702291667
"13684",2,"WALKING","test data","fBodyBodyGyroJerkMag-mean()",-0.583249293389831
"13685",2,"WALKING_DOWNSTAIRS","test data","fBodyBodyGyroJerkMag-mean()",-0.380175306489362
"13686",2,"WALKING_UPSTAIRS","test data","fBodyBodyGyroJerkMag-mean()",-0.60079849625
"13687",4,"STANDING","test data","fBodyBodyGyroJerkMag-mean()",-0.964471139464286
"13688",4,"SITTING","test data","fBodyBodyGyroJerkMag-mean()",-0.9765477634
"13689",4,"LAYING","test data","fBodyBodyGyroJerkMag-mean()",-0.983609073333333
"13690",4,"WALKING","test data","fBodyBodyGyroJerkMag-mean()",-0.724327420666667
"13691",4,"WALKING_DOWNSTAIRS","test data","fBodyBodyGyroJerkMag-mean()",-0.621752455777778
"13692",4,"WALKING_UPSTAIRS","test data","fBodyBodyGyroJerkMag-mean()",-0.740749226346154
"13693",9,"STANDING","test data","fBodyBodyGyroJerkMag-mean()",-0.967491628
"13694",9,"SITTING","test data","fBodyBodyGyroJerkMag-mean()",-0.9683155878
"13695",9,"LAYING","test data","fBodyBodyGyroJerkMag-mean()",-0.9558062546
"13696",9,"WALKING","test data","fBodyBodyGyroJerkMag-mean()",-0.602581618269231
"13697",9,"WALKING_DOWNSTAIRS","test data","fBodyBodyGyroJerkMag-mean()",-0.463172053809524
"13698",9,"WALKING_UPSTAIRS","test data","fBodyBodyGyroJerkMag-mean()",-0.734159449387755
"13699",10,"STANDING","test data","fBodyBodyGyroJerkMag-mean()",-0.965614081363636
"13700",10,"SITTING","test data","fBodyBodyGyroJerkMag-mean()",-0.992191529259259
"13701",10,"LAYING","test data","fBodyBodyGyroJerkMag-mean()",-0.960976821551724
"13702",10,"WALKING","test data","fBodyBodyGyroJerkMag-mean()",-0.515065335849057
"13703",10,"WALKING_DOWNSTAIRS","test data","fBodyBodyGyroJerkMag-mean()",-0.484196484736842
"13704",10,"WALKING_UPSTAIRS","test data","fBodyBodyGyroJerkMag-mean()",-0.600582998297872
"13705",12,"STANDING","test data","fBodyBodyGyroJerkMag-mean()",-0.963059791967213
"13706",12,"SITTING","test data","fBodyBodyGyroJerkMag-mean()",-0.97848445372549
"13707",12,"LAYING","test data","fBodyBodyGyroJerkMag-mean()",-0.963949607166667
"13708",12,"WALKING","test data","fBodyBodyGyroJerkMag-mean()",-0.5611764414
"13709",12,"WALKING_DOWNSTAIRS","test data","fBodyBodyGyroJerkMag-mean()",-0.458227490826087
"13710",12,"WALKING_UPSTAIRS","test data","fBodyBodyGyroJerkMag-mean()",-0.714332592115385
"13711",13,"STANDING","test data","fBodyBodyGyroJerkMag-mean()",-0.977197403859649
"13712",13,"SITTING","test data","fBodyBodyGyroJerkMag-mean()",-0.991723741632653
"13713",13,"LAYING","test data","fBodyBodyGyroJerkMag-mean()",-0.978150814032258
"13714",13,"WALKING","test data","fBodyBodyGyroJerkMag-mean()",-0.338527133789474
"13715",13,"WALKING_DOWNSTAIRS","test data","fBodyBodyGyroJerkMag-mean()",-0.266399903210638
"13716",13,"WALKING_UPSTAIRS","test data","fBodyBodyGyroJerkMag-mean()",-0.656088544363636
"13717",18,"STANDING","test data","fBodyBodyGyroJerkMag-mean()",-0.988960668767123
"13718",18,"SITTING","test data","fBodyBodyGyroJerkMag-mean()",-0.99480818754386
"13719",18,"LAYING","test data","fBodyBodyGyroJerkMag-mean()",-0.991901007538462
"13720",18,"WALKING","test data","fBodyBodyGyroJerkMag-mean()",-0.710596311071429
"13721",18,"WALKING_DOWNSTAIRS","test data","fBodyBodyGyroJerkMag-mean()",-0.744236045090909
"13722",18,"WALKING_UPSTAIRS","test data","fBodyBodyGyroJerkMag-mean()",-0.826193160862069
"13723",20,"STANDING","test data","fBodyBodyGyroJerkMag-mean()",-0.929600007123288
"13724",20,"SITTING","test data","fBodyBodyGyroJerkMag-mean()",-0.976108353787879
"13725",20,"LAYING","test data","fBodyBodyGyroJerkMag-mean()",-0.981119820588235
"13726",20,"WALKING","test data","fBodyBodyGyroJerkMag-mean()",-0.180365335498431
"13727",20,"WALKING_DOWNSTAIRS","test data","fBodyBodyGyroJerkMag-mean()",-0.311668472555556
"13728",20,"WALKING_UPSTAIRS","test data","fBodyBodyGyroJerkMag-mean()",-0.450393446470588
"13729",24,"STANDING","test data","fBodyBodyGyroJerkMag-mean()",-0.981119237826087
"13730",24,"SITTING","test data","fBodyBodyGyroJerkMag-mean()",-0.990854751176471
"13731",24,"LAYING","test data","fBodyBodyGyroJerkMag-mean()",-0.978596740694444
"13732",24,"WALKING","test data","fBodyBodyGyroJerkMag-mean()",-0.571594392068966
"13733",24,"WALKING_DOWNSTAIRS","test data","fBodyBodyGyroJerkMag-mean()",-0.474449925818182
"13734",24,"WALKING_UPSTAIRS","test data","fBodyBodyGyroJerkMag-mean()",-0.64611467
"13735",1,"STANDING","training data","fBodyBodyGyroJerkMag-mean()",-0.994815376981132
"13736",1,"SITTING","training data","fBodyBodyGyroJerkMag-mean()",-0.989797547234043
"13737",1,"LAYING","training data","fBodyBodyGyroJerkMag-mean()",-0.9423669466
"13738",1,"WALKING","training data","fBodyBodyGyroJerkMag-mean()",-0.319308593778947
"13739",1,"WALKING_DOWNSTAIRS","training data","fBodyBodyGyroJerkMag-mean()",-0.281963359177551
"13740",1,"WALKING_UPSTAIRS","training data","fBodyBodyGyroJerkMag-mean()",-0.634665082075472
"13741",3,"STANDING","training data","fBodyBodyGyroJerkMag-mean()",-0.960331717868852
"13742",3,"SITTING","training data","fBodyBodyGyroJerkMag-mean()",-0.977898105576923
"13743",3,"LAYING","training data","fBodyBodyGyroJerkMag-mean()",-0.984278251290323
"13744",3,"WALKING","training data","fBodyBodyGyroJerkMag-mean()",-0.607751646034483
"13745",3,"WALKING_DOWNSTAIRS","training data","fBodyBodyGyroJerkMag-mean()",-0.576277199387755
"13746",3,"WALKING_UPSTAIRS","training data","fBodyBodyGyroJerkMag-mean()",-0.716877778644068
"13747",5,"STANDING","training data","fBodyBodyGyroJerkMag-mean()",-0.952286438035714
"13748",5,"SITTING","training data","fBodyBodyGyroJerkMag-mean()",-0.971598370227273
"13749",5,"LAYING","training data","fBodyBodyGyroJerkMag-mean()",-0.984618025769231
"13750",5,"WALKING","training data","fBodyBodyGyroJerkMag-mean()",-0.548053574821429
"13751",5,"WALKING_DOWNSTAIRS","training data","fBodyBodyGyroJerkMag-mean()",-0.453697247021277
"13752",5,"WALKING_UPSTAIRS","training data","fBodyBodyGyroJerkMag-mean()",-0.571344138723404
"13753",6,"STANDING","training data","fBodyBodyGyroJerkMag-mean()",-0.955425138245614
"13754",6,"SITTING","training data","fBodyBodyGyroJerkMag-mean()",-0.952034566
"13755",6,"LAYING","training data","fBodyBodyGyroJerkMag-mean()",-0.953695957368421
"13756",6,"WALKING","training data","fBodyBodyGyroJerkMag-mean()",-0.366500534122807
"13757",6,"WALKING_DOWNSTAIRS","training data","fBodyBodyGyroJerkMag-mean()",-0.132705384364583
"13758",6,"WALKING_UPSTAIRS","training data","fBodyBodyGyroJerkMag-mean()",-0.45923633377451
"13759",7,"STANDING","training data","fBodyBodyGyroJerkMag-mean()",-0.973671168679245
"13760",7,"SITTING","training data","fBodyBodyGyroJerkMag-mean()",-0.978634991458333
"13761",7,"LAYING","training data","fBodyBodyGyroJerkMag-mean()",-0.974117912115385
"13762",7,"WALKING","training data","fBodyBodyGyroJerkMag-mean()",-0.155339855862632
"13763",7,"WALKING_DOWNSTAIRS","training data","fBodyBodyGyroJerkMag-mean()",-0.289096677191489
"13764",7,"WALKING_UPSTAIRS","training data","fBodyBodyGyroJerkMag-mean()",-0.673327281960784
"13765",8,"STANDING","training data","fBodyBodyGyroJerkMag-mean()",-0.983709233333333
"13766",8,"SITTING","training data","fBodyBodyGyroJerkMag-mean()",-0.987730604130435
"13767",8,"LAYING","training data","fBodyBodyGyroJerkMag-mean()",-0.968403945925926
"13768",8,"WALKING","training data","fBodyBodyGyroJerkMag-mean()",-0.473026230833333
"13769",8,"WALKING_DOWNSTAIRS","training data","fBodyBodyGyroJerkMag-mean()",-0.125179586744737
"13770",8,"WALKING_UPSTAIRS","training data","fBodyBodyGyroJerkMag-mean()",-0.46327057804878
"13771",11,"STANDING","training data","fBodyBodyGyroJerkMag-mean()",-0.992981019787234
"13772",11,"SITTING","training data","fBodyBodyGyroJerkMag-mean()",-0.987255972641509
"13773",11,"LAYING","training data","fBodyBodyGyroJerkMag-mean()",-0.985978837192982
"13774",11,"WALKING","training data","fBodyBodyGyroJerkMag-mean()",-0.751914457457627
"13775",11,"WALKING_DOWNSTAIRS","training data","fBodyBodyGyroJerkMag-mean()",-0.668340527608696
"13776",11,"WALKING_UPSTAIRS","training data","fBodyBodyGyroJerkMag-mean()",-0.795986113703704
"13777",14,"STANDING","training data","fBodyBodyGyroJerkMag-mean()",-0.969175636833333
"13778",14,"SITTING","training data","fBodyBodyGyroJerkMag-mean()",-0.987324239259259
"13779",14,"LAYING","training data","fBodyBodyGyroJerkMag-mean()",-0.966455343137255
"13780",14,"WALKING","training data","fBodyBodyGyroJerkMag-mean()",-0.591036936101695
"13781",14,"WALKING_DOWNSTAIRS","training data","fBodyBodyGyroJerkMag-mean()",-0.254747132274667
"13782",14,"WALKING_UPSTAIRS","training data","fBodyBodyGyroJerkMag-mean()",-0.457250612407407
"13783",15,"STANDING","training data","fBodyBodyGyroJerkMag-mean()",-0.983188091886792
"13784",15,"SITTING","training data","fBodyBodyGyroJerkMag-mean()",-0.990180959322034
"13785",15,"LAYING","training data","fBodyBodyGyroJerkMag-mean()",-0.975727853888889
"13786",15,"WALKING","training data","fBodyBodyGyroJerkMag-mean()",-0.645075178148148
"13787",15,"WALKING_DOWNSTAIRS","training data","fBodyBodyGyroJerkMag-mean()",-0.565396130714286
"13788",15,"WALKING_UPSTAIRS","training data","fBodyBodyGyroJerkMag-mean()",-0.731422357916667
"13789",16,"STANDING","training data","fBodyBodyGyroJerkMag-mean()",-0.99117243
"13790",16,"SITTING","training data","fBodyBodyGyroJerkMag-mean()",-0.989363136376812
"13791",16,"LAYING","training data","fBodyBodyGyroJerkMag-mean()",-0.988695277714286
"13792",16,"WALKING","training data","fBodyBodyGyroJerkMag-mean()",-0.72068229
"13793",16,"WALKING_DOWNSTAIRS","training data","fBodyBodyGyroJerkMag-mean()",-0.58966315
"13794",16,"WALKING_UPSTAIRS","training data","fBodyBodyGyroJerkMag-mean()",-0.787833632352941
"13795",17,"STANDING","training data","fBodyBodyGyroJerkMag-mean()",-0.992723939358974
"13796",17,"SITTING","training data","fBodyBodyGyroJerkMag-mean()",-0.995204564375
"13797",17,"LAYING","training data","fBodyBodyGyroJerkMag-mean()",-0.982765526478873
"13798",17,"WALKING","training data","fBodyBodyGyroJerkMag-mean()",-0.582711859672131
"13799",17,"WALKING_DOWNSTAIRS","training data","fBodyBodyGyroJerkMag-mean()",-0.57734888
"13800",17,"WALKING_UPSTAIRS","training data","fBodyBodyGyroJerkMag-mean()",-0.669008763541667
"13801",19,"STANDING","training data","fBodyBodyGyroJerkMag-mean()",-0.984536610136986
"13802",19,"SITTING","training data","fBodyBodyGyroJerkMag-mean()",-0.986727418493151
"13803",19,"LAYING","training data","fBodyBodyGyroJerkMag-mean()",-0.981890470361446
"13804",19,"WALKING","training data","fBodyBodyGyroJerkMag-mean()",-0.262442822846154
"13805",19,"WALKING_DOWNSTAIRS","training data","fBodyBodyGyroJerkMag-mean()",-0.0229045295641026
"13806",19,"WALKING_UPSTAIRS","training data","fBodyBodyGyroJerkMag-mean()",-0.4771839145
"13807",21,"STANDING","training data","fBodyBodyGyroJerkMag-mean()",-0.976126760674157
"13808",21,"SITTING","training data","fBodyBodyGyroJerkMag-mean()",-0.990014272588235
"13809",21,"LAYING","training data","fBodyBodyGyroJerkMag-mean()",-0.982993315111111
"13810",21,"WALKING","training data","fBodyBodyGyroJerkMag-mean()",-0.4995972025
"13811",21,"WALKING_DOWNSTAIRS","training data","fBodyBodyGyroJerkMag-mean()",-0.490804948444444
"13812",21,"WALKING_UPSTAIRS","training data","fBodyBodyGyroJerkMag-mean()",-0.628915748723404
"13813",22,"STANDING","training data","fBodyBodyGyroJerkMag-mean()",-0.968377798253968
"13814",22,"SITTING","training data","fBodyBodyGyroJerkMag-mean()",-0.977775448387097
"13815",22,"LAYING","training data","fBodyBodyGyroJerkMag-mean()",-0.976638980972222
"13816",22,"WALKING","training data","fBodyBodyGyroJerkMag-mean()",-0.553946121521739
"13817",22,"WALKING_DOWNSTAIRS","training data","fBodyBodyGyroJerkMag-mean()",-0.583510518055556
"13818",22,"WALKING_UPSTAIRS","training data","fBodyBodyGyroJerkMag-mean()",-0.667996003333333
"13819",23,"STANDING","training data","fBodyBodyGyroJerkMag-mean()",-0.972598810882353
"13820",23,"SITTING","training data","fBodyBodyGyroJerkMag-mean()",-0.980707211470588
"13821",23,"LAYING","training data","fBodyBodyGyroJerkMag-mean()",-0.981846854305556
"13822",23,"WALKING","training data","fBodyBodyGyroJerkMag-mean()",0.146618569064407
"13823",23,"WALKING_DOWNSTAIRS","training data","fBodyBodyGyroJerkMag-mean()",0.0746754643666667
"13824",23,"WALKING_UPSTAIRS","training data","fBodyBodyGyroJerkMag-mean()",-0.51871565
"13825",25,"STANDING","training data","fBodyBodyGyroJerkMag-mean()",-0.98401783027027
"13826",25,"SITTING","training data","fBodyBodyGyroJerkMag-mean()",-0.991781701692308
"13827",25,"LAYING","training data","fBodyBodyGyroJerkMag-mean()",-0.96825160890411
"13828",25,"WALKING","training data","fBodyBodyGyroJerkMag-mean()",-0.770300895540541
"13829",25,"WALKING_DOWNSTAIRS","training data","fBodyBodyGyroJerkMag-mean()",-0.687034281206897
"13830",25,"WALKING_UPSTAIRS","training data","fBodyBodyGyroJerkMag-mean()",-0.822403906
"13831",26,"STANDING","training data","fBodyBodyGyroJerkMag-mean()",-0.985762255540541
"13832",26,"SITTING","training data","fBodyBodyGyroJerkMag-mean()",-0.993985447564103
"13833",26,"LAYING","training data","fBodyBodyGyroJerkMag-mean()",-0.990430914078947
"13834",26,"WALKING","training data","fBodyBodyGyroJerkMag-mean()",-0.619461036101695
"13835",26,"WALKING_DOWNSTAIRS","training data","fBodyBodyGyroJerkMag-mean()",-0.4722007526
"13836",26,"WALKING_UPSTAIRS","training data","fBodyBodyGyroJerkMag-mean()",-0.673580662727273
"13837",27,"STANDING","training data","fBodyBodyGyroJerkMag-mean()",-0.98941848275
"13838",27,"SITTING","training data","fBodyBodyGyroJerkMag-mean()",-0.992390264285714
"13839",27,"LAYING","training data","fBodyBodyGyroJerkMag-mean()",-0.993563778648649
"13840",27,"WALKING","training data","fBodyBodyGyroJerkMag-mean()",-0.623288199649123
"13841",27,"WALKING_DOWNSTAIRS","training data","fBodyBodyGyroJerkMag-mean()",-0.46777776875
"13842",27,"WALKING_UPSTAIRS","training data","fBodyBodyGyroJerkMag-mean()",-0.71917980372549
"13843",28,"STANDING","training data","fBodyBodyGyroJerkMag-mean()",-0.958758576835443
"13844",28,"SITTING","training data","fBodyBodyGyroJerkMag-mean()",-0.979465868888889
"13845",28,"LAYING","training data","fBodyBodyGyroJerkMag-mean()",-0.971830582375
"13846",28,"WALKING","training data","fBodyBodyGyroJerkMag-mean()",-0.595965103703704
"13847",28,"WALKING_DOWNSTAIRS","training data","fBodyBodyGyroJerkMag-mean()",-0.396720714347826
"13848",28,"WALKING_UPSTAIRS","training data","fBodyBodyGyroJerkMag-mean()",-0.662505819411765
"13849",29,"STANDING","training data","fBodyBodyGyroJerkMag-mean()",-0.991672052
"13850",29,"SITTING","training data","fBodyBodyGyroJerkMag-mean()",-0.995063049
"13851",29,"LAYING","training data","fBodyBodyGyroJerkMag-mean()",-0.997617389275362
"13852",29,"WALKING","training data","fBodyBodyGyroJerkMag-mean()",-0.628501115849057
"13853",29,"WALKING_DOWNSTAIRS","training data","fBodyBodyGyroJerkMag-mean()",-0.596578626041667
"13854",29,"WALKING_UPSTAIRS","training data","fBodyBodyGyroJerkMag-mean()",-0.697454553061225
"13855",30,"STANDING","training data","fBodyBodyGyroJerkMag-mean()",-0.959242165084746
"13856",30,"SITTING","training data","fBodyBodyGyroJerkMag-mean()",-0.991750682096774
"13857",30,"LAYING","training data","fBodyBodyGyroJerkMag-mean()",-0.977821335571429
"13858",30,"WALKING","training data","fBodyBodyGyroJerkMag-mean()",-0.547621753230769
"13859",30,"WALKING_DOWNSTAIRS","training data","fBodyBodyGyroJerkMag-mean()",-0.617578814032258
"13860",30,"WALKING_UPSTAIRS","training data","fBodyBodyGyroJerkMag-mean()",-0.773974451846154
"13861",2,"STANDING","test data","fBodyBodyGyroJerkMag-std()",-0.977754298148148
"13862",2,"SITTING","test data","fBodyBodyGyroJerkMag-std()",-0.989632908913043
"13863",2,"LAYING","test data","fBodyBodyGyroJerkMag-std()",-0.989492660416667
"13864",2,"WALKING","test data","fBodyBodyGyroJerkMag-std()",-0.558104554745763
"13865",2,"WALKING_DOWNSTAIRS","test data","fBodyBodyGyroJerkMag-std()",-0.343698985425532
"13866",2,"WALKING_UPSTAIRS","test data","fBodyBodyGyroJerkMag-std()",-0.621820202916667
"13867",4,"STANDING","test data","fBodyBodyGyroJerkMag-std()",-0.9664302175
"13868",4,"SITTING","test data","fBodyBodyGyroJerkMag-std()",-0.9762617538
"13869",4,"LAYING","test data","fBodyBodyGyroJerkMag-std()",-0.982543631666667
"13870",4,"WALKING","test data","fBodyBodyGyroJerkMag-std()",-0.757768081166667
"13871",4,"WALKING_DOWNSTAIRS","test data","fBodyBodyGyroJerkMag-std()",-0.685470931777778
"13872",4,"WALKING_UPSTAIRS","test data","fBodyBodyGyroJerkMag-std()",-0.794209483076923
"13873",9,"STANDING","test data","fBodyBodyGyroJerkMag-std()",-0.964770799111111
"13874",9,"SITTING","test data","fBodyBodyGyroJerkMag-std()",-0.9659970148
"13875",9,"LAYING","test data","fBodyBodyGyroJerkMag-std()",-0.9522904702
"13876",9,"WALKING","test data","fBodyBodyGyroJerkMag-std()",-0.624351923653846
"13877",9,"WALKING_DOWNSTAIRS","test data","fBodyBodyGyroJerkMag-std()",-0.485158906904762
"13878",9,"WALKING_UPSTAIRS","test data","fBodyBodyGyroJerkMag-std()",-0.787781590816326
"13879",10,"STANDING","test data","fBodyBodyGyroJerkMag-std()",-0.965055815454545
"13880",10,"SITTING","test data","fBodyBodyGyroJerkMag-std()",-0.991409100925926
"13881",10,"LAYING","test data","fBodyBodyGyroJerkMag-std()",-0.960772875517241
"13882",10,"WALKING","test data","fBodyBodyGyroJerkMag-std()",-0.517675799056604
"13883",10,"WALKING_DOWNSTAIRS","test data","fBodyBodyGyroJerkMag-std()",-0.544988519210526
"13884",10,"WALKING_UPSTAIRS","test data","fBodyBodyGyroJerkMag-std()",-0.67129056212766
"13885",12,"STANDING","test data","fBodyBodyGyroJerkMag-std()",-0.962909739016393
"13886",12,"SITTING","test data","fBodyBodyGyroJerkMag-std()",-0.979256387058824
"13887",12,"LAYING","test data","fBodyBodyGyroJerkMag-std()",-0.961911612333333
"13888",12,"WALKING","test data","fBodyBodyGyroJerkMag-std()",-0.5649340126
"13889",12,"WALKING_DOWNSTAIRS","test data","fBodyBodyGyroJerkMag-std()",-0.486780424347826
"13890",12,"WALKING_UPSTAIRS","test data","fBodyBodyGyroJerkMag-std()",-0.733130764423077
"13891",13,"STANDING","test data","fBodyBodyGyroJerkMag-std()",-0.976467330175439
"13892",13,"SITTING","test data","fBodyBodyGyroJerkMag-std()",-0.991219445918367
"13893",13,"LAYING","test data","fBodyBodyGyroJerkMag-std()",-0.972798632258065
"13894",13,"WALKING","test data","fBodyBodyGyroJerkMag-std()",-0.349285611070175
"13895",13,"WALKING_DOWNSTAIRS","test data","fBodyBodyGyroJerkMag-std()",-0.343094861202128
"13896",13,"WALKING_UPSTAIRS","test data","fBodyBodyGyroJerkMag-std()",-0.712261499636364
"13897",18,"STANDING","test data","fBodyBodyGyroJerkMag-std()",-0.988407465205479
"13898",18,"SITTING","test data","fBodyBodyGyroJerkMag-std()",-0.994967621754386
"13899",18,"LAYING","test data","fBodyBodyGyroJerkMag-std()",-0.992737961692308
"13900",18,"WALKING","test data","fBodyBodyGyroJerkMag-std()",-0.769408385535714
"13901",18,"WALKING_DOWNSTAIRS","test data","fBodyBodyGyroJerkMag-std()",-0.763430801654545
"13902",18,"WALKING_UPSTAIRS","test data","fBodyBodyGyroJerkMag-std()",-0.860910992241379
"13903",20,"STANDING","test data","fBodyBodyGyroJerkMag-std()",-0.927225720410959
"13904",20,"SITTING","test data","fBodyBodyGyroJerkMag-std()",-0.975226588333333
"13905",20,"LAYING","test data","fBodyBodyGyroJerkMag-std()",-0.981986152941177
"13906",20,"WALKING","test data","fBodyBodyGyroJerkMag-std()",-0.171975765239216
"13907",20,"WALKING_DOWNSTAIRS","test data","fBodyBodyGyroJerkMag-std()",-0.281657285946667
"13908",20,"WALKING_UPSTAIRS","test data","fBodyBodyGyroJerkMag-std()",-0.50282154372549
"13909",24,"STANDING","test data","fBodyBodyGyroJerkMag-std()",-0.9797551
"13910",24,"SITTING","test data","fBodyBodyGyroJerkMag-std()",-0.990933058235294
"13911",24,"LAYING","test data","fBodyBodyGyroJerkMag-std()",-0.980096981111111
"13912",24,"WALKING","test data","fBodyBodyGyroJerkMag-std()",-0.567447731896552
"13913",24,"WALKING_DOWNSTAIRS","test data","fBodyBodyGyroJerkMag-std()",-0.478030486181818
"13914",24,"WALKING_UPSTAIRS","test data","fBodyBodyGyroJerkMag-std()",-0.653876950677966
"13915",1,"STANDING","training data","fBodyBodyGyroJerkMag-std()",-0.994671123207547
"13916",1,"SITTING","training data","fBodyBodyGyroJerkMag-std()",-0.987049617234043
"13917",1,"LAYING","training data","fBodyBodyGyroJerkMag-std()",-0.9326606676
"13918",1,"WALKING","training data","fBodyBodyGyroJerkMag-std()",-0.381601911789474
"13919",1,"WALKING_DOWNSTAIRS","training data","fBodyBodyGyroJerkMag-std()",-0.391919876612245
"13920",1,"WALKING_UPSTAIRS","training data","fBodyBodyGyroJerkMag-std()",-0.693930521509434
"13921",3,"STANDING","training data","fBodyBodyGyroJerkMag-std()",-0.957121510491803
"13922",3,"SITTING","training data","fBodyBodyGyroJerkMag-std()",-0.976689802692308
"13923",3,"LAYING","training data","fBodyBodyGyroJerkMag-std()",-0.982568158064516
"13924",3,"WALKING","training data","fBodyBodyGyroJerkMag-std()",-0.549087007931034
"13925",3,"WALKING_DOWNSTAIRS","training data","fBodyBodyGyroJerkMag-std()",-0.624910820612245
"13926",3,"WALKING_UPSTAIRS","training data","fBodyBodyGyroJerkMag-std()",-0.740033436271186
"13927",5,"STANDING","training data","fBodyBodyGyroJerkMag-std()",-0.946196462857143
"13928",5,"SITTING","training data","fBodyBodyGyroJerkMag-std()",-0.970675403409091
"13929",5,"LAYING","training data","fBodyBodyGyroJerkMag-std()",-0.983434493076923
"13930",5,"WALKING","training data","fBodyBodyGyroJerkMag-std()",-0.455665300892857
"13931",5,"WALKING_DOWNSTAIRS","training data","fBodyBodyGyroJerkMag-std()",-0.487128422553191
"13932",5,"WALKING_UPSTAIRS","training data","fBodyBodyGyroJerkMag-std()",-0.572485019787234
"13933",6,"STANDING","training data","fBodyBodyGyroJerkMag-std()",-0.952088499473684
"13934",6,"SITTING","training data","fBodyBodyGyroJerkMag-std()",-0.951196693454545
"13935",6,"LAYING","training data","fBodyBodyGyroJerkMag-std()",-0.955504654561404
"13936",6,"WALKING","training data","fBodyBodyGyroJerkMag-std()",-0.408078906482456
"13937",6,"WALKING_DOWNSTAIRS","training data","fBodyBodyGyroJerkMag-std()",-0.145733545496458
"13938",6,"WALKING_UPSTAIRS","training data","fBodyBodyGyroJerkMag-std()",-0.455937719019608
"13939",7,"STANDING","training data","fBodyBodyGyroJerkMag-std()",-0.971899418301887
"13940",7,"SITTING","training data","fBodyBodyGyroJerkMag-std()",-0.97496593875
"13941",7,"LAYING","training data","fBodyBodyGyroJerkMag-std()",-0.969403035384615
"13942",7,"WALKING","training data","fBodyBodyGyroJerkMag-std()",-0.0841663774087719
"13943",7,"WALKING_DOWNSTAIRS","training data","fBodyBodyGyroJerkMag-std()",-0.353544695678723
"13944",7,"WALKING_UPSTAIRS","training data","fBodyBodyGyroJerkMag-std()",-0.704090967843137
"13945",8,"STANDING","training data","fBodyBodyGyroJerkMag-std()",-0.981832336296296
"13946",8,"SITTING","training data","fBodyBodyGyroJerkMag-std()",-0.986147262608696
"13947",8,"LAYING","training data","fBodyBodyGyroJerkMag-std()",-0.971793279814815
"13948",8,"WALKING","training data","fBodyBodyGyroJerkMag-std()",-0.581240190833333
"13949",8,"WALKING_DOWNSTAIRS","training data","fBodyBodyGyroJerkMag-std()",-0.26298447
"13950",8,"WALKING_UPSTAIRS","training data","fBodyBodyGyroJerkMag-std()",-0.575733290731707
"13951",11,"STANDING","training data","fBodyBodyGyroJerkMag-std()",-0.992277468510638
"13952",11,"SITTING","training data","fBodyBodyGyroJerkMag-std()",-0.985607229245283
"13953",11,"LAYING","training data","fBodyBodyGyroJerkMag-std()",-0.983569468245614
"13954",11,"WALKING","training data","fBodyBodyGyroJerkMag-std()",-0.773574064745763
"13955",11,"WALKING_DOWNSTAIRS","training data","fBodyBodyGyroJerkMag-std()",-0.714229669347826
"13956",11,"WALKING_UPSTAIRS","training data","fBodyBodyGyroJerkMag-std()",-0.822428718888889
"13957",14,"STANDING","training data","fBodyBodyGyroJerkMag-std()",-0.966019259166667
"13958",14,"SITTING","training data","fBodyBodyGyroJerkMag-std()",-0.987065177777778
"13959",14,"LAYING","training data","fBodyBodyGyroJerkMag-std()",-0.963666018039216
"13960",14,"WALKING","training data","fBodyBodyGyroJerkMag-std()",-0.65567766220339
"13961",14,"WALKING_DOWNSTAIRS","training data","fBodyBodyGyroJerkMag-std()",-0.356849425488889
"13962",14,"WALKING_UPSTAIRS","training data","fBodyBodyGyroJerkMag-std()",-0.564964076388889
"13963",15,"STANDING","training data","fBodyBodyGyroJerkMag-std()",-0.980329709433962
"13964",15,"SITTING","training data","fBodyBodyGyroJerkMag-std()",-0.989503941694915
"13965",15,"LAYING","training data","fBodyBodyGyroJerkMag-std()",-0.972645710694444
"13966",15,"WALKING","training data","fBodyBodyGyroJerkMag-std()",-0.654010147222222
"13967",15,"WALKING_DOWNSTAIRS","training data","fBodyBodyGyroJerkMag-std()",-0.593472444285714
"13968",15,"WALKING_UPSTAIRS","training data","fBodyBodyGyroJerkMag-std()",-0.793104483333333
"13969",16,"STANDING","training data","fBodyBodyGyroJerkMag-std()",-0.990672800769231
"13970",16,"SITTING","training data","fBodyBodyGyroJerkMag-std()",-0.987506348985507
"13971",16,"LAYING","training data","fBodyBodyGyroJerkMag-std()",-0.988058401142857
"13972",16,"WALKING","training data","fBodyBodyGyroJerkMag-std()",-0.745726853921569
"13973",16,"WALKING_DOWNSTAIRS","training data","fBodyBodyGyroJerkMag-std()",-0.633479804680851
"13974",16,"WALKING_UPSTAIRS","training data","fBodyBodyGyroJerkMag-std()",-0.825314327058824
"13975",17,"STANDING","training data","fBodyBodyGyroJerkMag-std()",-0.992177303589744
"13976",17,"SITTING","training data","fBodyBodyGyroJerkMag-std()",-0.99362452375
"13977",17,"LAYING","training data","fBodyBodyGyroJerkMag-std()",-0.981983437605634
"13978",17,"WALKING","training data","fBodyBodyGyroJerkMag-std()",-0.520385479180328
"13979",17,"WALKING_DOWNSTAIRS","training data","fBodyBodyGyroJerkMag-std()",-0.643399203913044
"13980",17,"WALKING_UPSTAIRS","training data","fBodyBodyGyroJerkMag-std()",-0.7241557425
"13981",19,"STANDING","training data","fBodyBodyGyroJerkMag-std()",-0.982228582191781
"13982",19,"SITTING","training data","fBodyBodyGyroJerkMag-std()",-0.985416444657534
"13983",19,"LAYING","training data","fBodyBodyGyroJerkMag-std()",-0.97932784746988
"13984",19,"WALKING","training data","fBodyBodyGyroJerkMag-std()",-0.336148733
"13985",19,"WALKING_DOWNSTAIRS","training data","fBodyBodyGyroJerkMag-std()",-0.143254547512821
"13986",19,"WALKING_UPSTAIRS","training data","fBodyBodyGyroJerkMag-std()",-0.58828966075
"13987",21,"STANDING","training data","fBodyBodyGyroJerkMag-std()",-0.977706619550562
"13988",21,"SITTING","training data","fBodyBodyGyroJerkMag-std()",-0.991062204823529
"13989",21,"LAYING","training data","fBodyBodyGyroJerkMag-std()",-0.982305117444444
"13990",21,"WALKING","training data","fBodyBodyGyroJerkMag-std()",-0.429323466346154
"13991",21,"WALKING_DOWNSTAIRS","training data","fBodyBodyGyroJerkMag-std()",-0.571666834444444
"13992",21,"WALKING_UPSTAIRS","training data","fBodyBodyGyroJerkMag-std()",-0.700980410425532
"13993",22,"STANDING","training data","fBodyBodyGyroJerkMag-std()",-0.965344726666667
"13994",22,"SITTING","training data","fBodyBodyGyroJerkMag-std()",-0.976318114516129
"13995",22,"LAYING","training data","fBodyBodyGyroJerkMag-std()",-0.972789020833333
"13996",22,"WALKING","training data","fBodyBodyGyroJerkMag-std()",-0.476405270434783
"13997",22,"WALKING_DOWNSTAIRS","training data","fBodyBodyGyroJerkMag-std()",-0.697451438611111
"13998",22,"WALKING_UPSTAIRS","training data","fBodyBodyGyroJerkMag-std()",-0.70987053452381
"13999",23,"STANDING","training data","fBodyBodyGyroJerkMag-std()",-0.973849691470588
"14000",23,"SITTING","training data","fBodyBodyGyroJerkMag-std()",-0.978499038088235
"14001",23,"LAYING","training data","fBodyBodyGyroJerkMag-std()",-0.98158514125
"14002",23,"WALKING","training data","fBodyBodyGyroJerkMag-std()",0.287834616098305
"14003",23,"WALKING_DOWNSTAIRS","training data","fBodyBodyGyroJerkMag-std()",-0.0398573780185185
"14004",23,"WALKING_UPSTAIRS","training data","fBodyBodyGyroJerkMag-std()",-0.632659461568627
"14005",25,"STANDING","training data","fBodyBodyGyroJerkMag-std()",-0.983098935945946
"14006",25,"SITTING","training data","fBodyBodyGyroJerkMag-std()",-0.992019559538462
"14007",25,"LAYING","training data","fBodyBodyGyroJerkMag-std()",-0.970457947534247
"14008",25,"WALKING","training data","fBodyBodyGyroJerkMag-std()",-0.75738578027027
"14009",25,"WALKING_DOWNSTAIRS","training data","fBodyBodyGyroJerkMag-std()",-0.693032409137931
"14010",25,"WALKING_UPSTAIRS","training data","fBodyBodyGyroJerkMag-std()",-0.841061012153846
"14011",26,"STANDING","training data","fBodyBodyGyroJerkMag-std()",-0.983313996081081
"14012",26,"SITTING","training data","fBodyBodyGyroJerkMag-std()",-0.99420976974359
"14013",26,"LAYING","training data","fBodyBodyGyroJerkMag-std()",-0.989628012236842
"14014",26,"WALKING","training data","fBodyBodyGyroJerkMag-std()",-0.612930343220339
"14015",26,"WALKING_DOWNSTAIRS","training data","fBodyBodyGyroJerkMag-std()",-0.4894973794
"14016",26,"WALKING_UPSTAIRS","training data","fBodyBodyGyroJerkMag-std()",-0.669846294545455
"14017",27,"STANDING","training data","fBodyBodyGyroJerkMag-std()",-0.988579092
"14018",27,"SITTING","training data","fBodyBodyGyroJerkMag-std()",-0.991967776285714
"14019",27,"LAYING","training data","fBodyBodyGyroJerkMag-std()",-0.993552299324324
"14020",27,"WALKING","training data","fBodyBodyGyroJerkMag-std()",-0.639242384210526
"14021",27,"WALKING_DOWNSTAIRS","training data","fBodyBodyGyroJerkMag-std()",-0.502831373477273
"14022",27,"WALKING_UPSTAIRS","training data","fBodyBodyGyroJerkMag-std()",-0.751714312941177
"14023",28,"STANDING","training data","fBodyBodyGyroJerkMag-std()",-0.955983424556962
"14024",28,"SITTING","training data","fBodyBodyGyroJerkMag-std()",-0.97839537
"14025",28,"LAYING","training data","fBodyBodyGyroJerkMag-std()",-0.96931982125
"14026",28,"WALKING","training data","fBodyBodyGyroJerkMag-std()",-0.589071730555556
"14027",28,"WALKING_DOWNSTAIRS","training data","fBodyBodyGyroJerkMag-std()",-0.464722244347826
"14028",28,"WALKING_UPSTAIRS","training data","fBodyBodyGyroJerkMag-std()",-0.70485275745098
"14029",29,"STANDING","training data","fBodyBodyGyroJerkMag-std()",-0.991516778307692
"14030",29,"SITTING","training data","fBodyBodyGyroJerkMag-std()",-0.994742028
"14031",29,"LAYING","training data","fBodyBodyGyroJerkMag-std()",-0.99758523057971
"14032",29,"WALKING","training data","fBodyBodyGyroJerkMag-std()",-0.618667722641509
"14033",29,"WALKING_DOWNSTAIRS","training data","fBodyBodyGyroJerkMag-std()",-0.626675982083333
"14034",29,"WALKING_UPSTAIRS","training data","fBodyBodyGyroJerkMag-std()",-0.756464186122449
"14035",30,"STANDING","training data","fBodyBodyGyroJerkMag-std()",-0.955008564237288
"14036",30,"SITTING","training data","fBodyBodyGyroJerkMag-std()",-0.990946424516129
"14037",30,"LAYING","training data","fBodyBodyGyroJerkMag-std()",-0.975481548714286
"14038",30,"WALKING","training data","fBodyBodyGyroJerkMag-std()",-0.578580044615385
"14039",30,"WALKING_DOWNSTAIRS","training data","fBodyBodyGyroJerkMag-std()",-0.645503942419355
"14040",30,"WALKING_UPSTAIRS","training data","fBodyBodyGyroJerkMag-std()",-0.791349425076923
"14041",2,"STANDING","test data","fBodyBodyGyroJerkMag-meanFreq()",0.160662823925926
"14042",2,"SITTING","test data","fBodyBodyGyroJerkMag-meanFreq()",0.1947221493
"14043",2,"LAYING","test data","fBodyBodyGyroJerkMag-meanFreq()",0.264801505395833
"14044",2,"WALKING","test data","fBodyBodyGyroJerkMag-meanFreq()",0.126344614439492
"14045",2,"WALKING_DOWNSTAIRS","test data","fBodyBodyGyroJerkMag-meanFreq()",-0.0512479640553192
"14046",2,"WALKING_UPSTAIRS","test data","fBodyBodyGyroJerkMag-meanFreq()",0.0467433991041667
"14047",4,"STANDING","test data","fBodyBodyGyroJerkMag-meanFreq()",0.0609850024464286
"14048",4,"SITTING","test data","fBodyBodyGyroJerkMag-meanFreq()",0.08593420296
"14049",4,"LAYING","test data","fBodyBodyGyroJerkMag-meanFreq()",0.202949381537037
"14050",4,"WALKING","test data","fBodyBodyGyroJerkMag-meanFreq()",0.26535537398
"14051",4,"WALKING_DOWNSTAIRS","test data","fBodyBodyGyroJerkMag-meanFreq()",0.144436925733333
"14052",4,"WALKING_UPSTAIRS","test data","fBodyBodyGyroJerkMag-meanFreq()",0.179517012258654
"14053",9,"STANDING","test data","fBodyBodyGyroJerkMag-meanFreq()",0.0243650848444444
"14054",9,"SITTING","test data","fBodyBodyGyroJerkMag-meanFreq()",0.031534866288
"14055",9,"LAYING","test data","fBodyBodyGyroJerkMag-meanFreq()",-0.016201378678
"14056",9,"WALKING","test data","fBodyBodyGyroJerkMag-meanFreq()",0.243222181771154
"14057",9,"WALKING_DOWNSTAIRS","test data","fBodyBodyGyroJerkMag-meanFreq()",0.132021014566667
"14058",9,"WALKING_UPSTAIRS","test data","fBodyBodyGyroJerkMag-meanFreq()",0.136001150144898
"14059",10,"STANDING","test data","fBodyBodyGyroJerkMag-meanFreq()",0.0133897488363636
"14060",10,"SITTING","test data","fBodyBodyGyroJerkMag-meanFreq()",0.344008502777778
"14061",10,"LAYING","test data","fBodyBodyGyroJerkMag-meanFreq()",0.202624700274138
"14062",10,"WALKING","test data","fBodyBodyGyroJerkMag-meanFreq()",-0.000234019224528301
"14063",10,"WALKING_DOWNSTAIRS","test data","fBodyBodyGyroJerkMag-meanFreq()",0.178773116957895
"14064",10,"WALKING_UPSTAIRS","test data","fBodyBodyGyroJerkMag-meanFreq()",0.158591030929787
"14065",12,"STANDING","test data","fBodyBodyGyroJerkMag-meanFreq()",0.0162815453606557
"14066",12,"SITTING","test data","fBodyBodyGyroJerkMag-meanFreq()",0.161268230154706
"14067",12,"LAYING","test data","fBodyBodyGyroJerkMag-meanFreq()",0.022700424095
"14068",12,"WALKING","test data","fBodyBodyGyroJerkMag-meanFreq()",0.0777777588444
"14069",12,"WALKING_DOWNSTAIRS","test data","fBodyBodyGyroJerkMag-meanFreq()",0.0658769890173913
"14070",12,"WALKING_UPSTAIRS","test data","fBodyBodyGyroJerkMag-meanFreq()",0.0978624347986538
"14071",13,"STANDING","test data","fBodyBodyGyroJerkMag-meanFreq()",0.175957474047544
"14072",13,"SITTING","test data","fBodyBodyGyroJerkMag-meanFreq()",0.191102234
"14073",13,"LAYING","test data","fBodyBodyGyroJerkMag-meanFreq()",0.0544469963870968
"14074",13,"WALKING","test data","fBodyBodyGyroJerkMag-meanFreq()",0.229037956496491
"14075",13,"WALKING_DOWNSTAIRS","test data","fBodyBodyGyroJerkMag-meanFreq()",0.207435719
"14076",13,"WALKING_UPSTAIRS","test data","fBodyBodyGyroJerkMag-meanFreq()",0.107301253870909
"14077",18,"STANDING","test data","fBodyBodyGyroJerkMag-meanFreq()",0.098540152739726
"14078",18,"SITTING","test data","fBodyBodyGyroJerkMag-meanFreq()",0.329617466666667
"14079",18,"LAYING","test data","fBodyBodyGyroJerkMag-meanFreq()",0.320132235323077
"14080",18,"WALKING","test data","fBodyBodyGyroJerkMag-meanFreq()",0.269967615048214
"14081",18,"WALKING_DOWNSTAIRS","test data","fBodyBodyGyroJerkMag-meanFreq()",0.0717609181272727
"14082",18,"WALKING_UPSTAIRS","test data","fBodyBodyGyroJerkMag-meanFreq()",0.0772586583160345
"14083",20,"STANDING","test data","fBodyBodyGyroJerkMag-meanFreq()",-0.133751440545753
"14084",20,"SITTING","test data","fBodyBodyGyroJerkMag-meanFreq()",0.13363534380303
"14085",20,"LAYING","test data","fBodyBodyGyroJerkMag-meanFreq()",0.199653647476471
"14086",20,"WALKING","test data","fBodyBodyGyroJerkMag-meanFreq()",0.0212252251039216
"14087",20,"WALKING_DOWNSTAIRS","test data","fBodyBodyGyroJerkMag-meanFreq()",-0.0429685325555556
"14088",20,"WALKING_UPSTAIRS","test data","fBodyBodyGyroJerkMag-meanFreq()",0.119029196719608
"14089",24,"STANDING","test data","fBodyBodyGyroJerkMag-meanFreq()",0.144869050927536
"14090",24,"SITTING","test data","fBodyBodyGyroJerkMag-meanFreq()",0.212296511463971
"14091",24,"LAYING","test data","fBodyBodyGyroJerkMag-meanFreq()",0.261813945015278
"14092",24,"WALKING","test data","fBodyBodyGyroJerkMag-meanFreq()",0.209200417647241
"14093",24,"WALKING_DOWNSTAIRS","test data","fBodyBodyGyroJerkMag-meanFreq()",0.0997292208543636
"14094",24,"WALKING_UPSTAIRS","test data","fBodyBodyGyroJerkMag-meanFreq()",0.0122259033220339
"14095",1,"STANDING","training data","fBodyBodyGyroJerkMag-meanFreq()",0.334498734301887
"14096",1,"SITTING","training data","fBodyBodyGyroJerkMag-meanFreq()",0.184775928085106
"14097",1,"LAYING","training data","fBodyBodyGyroJerkMag-meanFreq()",0.17648590708
"14098",1,"WALKING","training data","fBodyBodyGyroJerkMag-meanFreq()",0.190663448793684
"14099",1,"WALKING_DOWNSTAIRS","training data","fBodyBodyGyroJerkMag-meanFreq()",0.190000706165102
"14100",1,"WALKING_UPSTAIRS","training data","fBodyBodyGyroJerkMag-meanFreq()",0.114277342454717
"14101",3,"STANDING","training data","fBodyBodyGyroJerkMag-meanFreq()",-0.020630781795082
"14102",3,"SITTING","training data","fBodyBodyGyroJerkMag-meanFreq()",0.0871902338923077
"14103",3,"LAYING","training data","fBodyBodyGyroJerkMag-meanFreq()",0.110697704185484
"14104",3,"WALKING","training data","fBodyBodyGyroJerkMag-meanFreq()",0.0457622957586207
"14105",3,"WALKING_DOWNSTAIRS","training data","fBodyBodyGyroJerkMag-meanFreq()",0.0654444360816327
"14106",3,"WALKING_UPSTAIRS","training data","fBodyBodyGyroJerkMag-meanFreq()",0.0753843584661017
"14107",5,"STANDING","training data","fBodyBodyGyroJerkMag-meanFreq()",-0.0393135966410714
"14108",5,"SITTING","training data","fBodyBodyGyroJerkMag-meanFreq()",0.08129013264
"14109",5,"LAYING","training data","fBodyBodyGyroJerkMag-meanFreq()",0.0247367106615385
"14110",5,"WALKING","training data","fBodyBodyGyroJerkMag-meanFreq()",0.0527330125375
"14111",5,"WALKING_DOWNSTAIRS","training data","fBodyBodyGyroJerkMag-meanFreq()",0.0723815085255319
"14112",5,"WALKING_UPSTAIRS","training data","fBodyBodyGyroJerkMag-meanFreq()",0.00578631120914894
"14113",6,"STANDING","training data","fBodyBodyGyroJerkMag-meanFreq()",0.0276252654912281
"14114",6,"SITTING","training data","fBodyBodyGyroJerkMag-meanFreq()",0.121846501998182
"14115",6,"LAYING","training data","fBodyBodyGyroJerkMag-meanFreq()",0.16376531874386
"14116",6,"WALKING","training data","fBodyBodyGyroJerkMag-meanFreq()",0.10092473178193
"14117",6,"WALKING_DOWNSTAIRS","training data","fBodyBodyGyroJerkMag-meanFreq()",0.0369462966260417
"14118",6,"WALKING_UPSTAIRS","training data","fBodyBodyGyroJerkMag-meanFreq()",0.0285053836466667
"14119",7,"STANDING","training data","fBodyBodyGyroJerkMag-meanFreq()",0.0954707400377358
"14120",7,"SITTING","training data","fBodyBodyGyroJerkMag-meanFreq()",0.0553638918958333
"14121",7,"LAYING","training data","fBodyBodyGyroJerkMag-meanFreq()",0.104422952923077
"14122",7,"WALKING","training data","fBodyBodyGyroJerkMag-meanFreq()",0.000880340047368421
"14123",7,"WALKING_DOWNSTAIRS","training data","fBodyBodyGyroJerkMag-meanFreq()",0.0819463659585106
"14124",7,"WALKING_UPSTAIRS","training data","fBodyBodyGyroJerkMag-meanFreq()",0.047334927254902
"14125",8,"STANDING","training data","fBodyBodyGyroJerkMag-meanFreq()",0.179173689962963
"14126",8,"SITTING","training data","fBodyBodyGyroJerkMag-meanFreq()",0.166638747782609
"14127",8,"LAYING","training data","fBodyBodyGyroJerkMag-meanFreq()",0.219371246142593
"14128",8,"WALKING","training data","fBodyBodyGyroJerkMag-meanFreq()",0.294590006666667
"14129",8,"WALKING_DOWNSTAIRS","training data","fBodyBodyGyroJerkMag-meanFreq()",0.242843618736842
"14130",8,"WALKING_UPSTAIRS","training data","fBodyBodyGyroJerkMag-meanFreq()",0.251663318243902
"14131",11,"STANDING","training data","fBodyBodyGyroJerkMag-meanFreq()",0.223297408893617
"14132",11,"SITTING","training data","fBodyBodyGyroJerkMag-meanFreq()",0.159345366839623
"14133",11,"LAYING","training data","fBodyBodyGyroJerkMag-meanFreq()",0.256034976912281
"14134",11,"WALKING","training data","fBodyBodyGyroJerkMag-meanFreq()",0.0563648369084746
"14135",11,"WALKING_DOWNSTAIRS","training data","fBodyBodyGyroJerkMag-meanFreq()",-0.00942507352173913
"14136",11,"WALKING_UPSTAIRS","training data","fBodyBodyGyroJerkMag-meanFreq()",0.0153270269092593
"14137",14,"STANDING","training data","fBodyBodyGyroJerkMag-meanFreq()",0.0125408702516667
"14138",14,"SITTING","training data","fBodyBodyGyroJerkMag-meanFreq()",0.0740675933385185
"14139",14,"LAYING","training data","fBodyBodyGyroJerkMag-meanFreq()",0.121643800647059
"14140",14,"WALKING","training data","fBodyBodyGyroJerkMag-meanFreq()",0.200917234084746
"14141",14,"WALKING_DOWNSTAIRS","training data","fBodyBodyGyroJerkMag-meanFreq()",0.05293374262
"14142",14,"WALKING_UPSTAIRS","training data","fBodyBodyGyroJerkMag-meanFreq()",0.076347168
"14143",15,"STANDING","training data","fBodyBodyGyroJerkMag-meanFreq()",0.0570238664471698
"14144",15,"SITTING","training data","fBodyBodyGyroJerkMag-meanFreq()",0.208016817940678
"14145",15,"LAYING","training data","fBodyBodyGyroJerkMag-meanFreq()",0.0886671328836111
"14146",15,"WALKING","training data","fBodyBodyGyroJerkMag-meanFreq()",0.00706010794259259
"14147",15,"WALKING_DOWNSTAIRS","training data","fBodyBodyGyroJerkMag-meanFreq()",0.0564155791166667
"14148",15,"WALKING_UPSTAIRS","training data","fBodyBodyGyroJerkMag-meanFreq()",0.144010749210625
"14149",16,"STANDING","training data","fBodyBodyGyroJerkMag-meanFreq()",0.211078134223077
"14150",16,"SITTING","training data","fBodyBodyGyroJerkMag-meanFreq()",0.232631765847826
"14151",16,"LAYING","training data","fBodyBodyGyroJerkMag-meanFreq()",0.090987582813
"14152",16,"WALKING","training data","fBodyBodyGyroJerkMag-meanFreq()",0.1076755658
"14153",16,"WALKING_DOWNSTAIRS","training data","fBodyBodyGyroJerkMag-meanFreq()",0.102927876712766
"14154",16,"WALKING_UPSTAIRS","training data","fBodyBodyGyroJerkMag-meanFreq()",0.13453789232549
"14155",17,"STANDING","training data","fBodyBodyGyroJerkMag-meanFreq()",0.314617814282051
"14156",17,"SITTING","training data","fBodyBodyGyroJerkMag-meanFreq()",0.3586823609625
"14157",17,"LAYING","training data","fBodyBodyGyroJerkMag-meanFreq()",0.242850862323944
"14158",17,"WALKING","training data","fBodyBodyGyroJerkMag-meanFreq()",0.152044228696721
"14159",17,"WALKING_DOWNSTAIRS","training data","fBodyBodyGyroJerkMag-meanFreq()",0.163045288093478
"14160",17,"WALKING_UPSTAIRS","training data","fBodyBodyGyroJerkMag-meanFreq()",0.0865541719604167
"14161",19,"STANDING","training data","fBodyBodyGyroJerkMag-meanFreq()",0.0645676883
"14162",19,"SITTING","training data","fBodyBodyGyroJerkMag-meanFreq()",0.0978646251164384
"14163",19,"LAYING","training data","fBodyBodyGyroJerkMag-meanFreq()",0.0457006718048193
"14164",19,"WALKING","training data","fBodyBodyGyroJerkMag-meanFreq()",0.250382686807692
"14165",19,"WALKING_DOWNSTAIRS","training data","fBodyBodyGyroJerkMag-meanFreq()",0.185185491589744
"14166",19,"WALKING_UPSTAIRS","training data","fBodyBodyGyroJerkMag-meanFreq()",0.260346441375
"14167",21,"STANDING","training data","fBodyBodyGyroJerkMag-meanFreq()",0.149979231510112
"14168",21,"SITTING","training data","fBodyBodyGyroJerkMag-meanFreq()",0.248299546952471
"14169",21,"LAYING","training data","fBodyBodyGyroJerkMag-meanFreq()",0.209995237416667
"14170",21,"WALKING","training data","fBodyBodyGyroJerkMag-meanFreq()",0.207788240815385
"14171",21,"WALKING_DOWNSTAIRS","training data","fBodyBodyGyroJerkMag-meanFreq()",0.221357994106667
"14172",21,"WALKING_UPSTAIRS","training data","fBodyBodyGyroJerkMag-meanFreq()",0.20815593406383
"14173",22,"STANDING","training data","fBodyBodyGyroJerkMag-meanFreq()",-0.182923596577778
"14174",22,"SITTING","training data","fBodyBodyGyroJerkMag-meanFreq()",0.0911684162903226
"14175",22,"LAYING","training data","fBodyBodyGyroJerkMag-meanFreq()",0.112423708402778
"14176",22,"WALKING","training data","fBodyBodyGyroJerkMag-meanFreq()",0.279574103891304
"14177",22,"WALKING_DOWNSTAIRS","training data","fBodyBodyGyroJerkMag-meanFreq()",0.339656340833333
"14178",22,"WALKING_UPSTAIRS","training data","fBodyBodyGyroJerkMag-meanFreq()",0.263527183357143
"14179",23,"STANDING","training data","fBodyBodyGyroJerkMag-meanFreq()",0.128376237985294
"14180",23,"SITTING","training data","fBodyBodyGyroJerkMag-meanFreq()",0.0531832551514706
"14181",23,"LAYING","training data","fBodyBodyGyroJerkMag-meanFreq()",0.225885068995833
"14182",23,"WALKING","training data","fBodyBodyGyroJerkMag-meanFreq()",0.176693448469492
"14183",23,"WALKING_DOWNSTAIRS","training data","fBodyBodyGyroJerkMag-meanFreq()",0.221849483707407
"14184",23,"WALKING_UPSTAIRS","training data","fBodyBodyGyroJerkMag-meanFreq()",0.233770059509804
"14185",25,"STANDING","training data","fBodyBodyGyroJerkMag-meanFreq()",0.0811606181486487
"14186",25,"SITTING","training data","fBodyBodyGyroJerkMag-meanFreq()",0.253370240815385
"14187",25,"LAYING","training data","fBodyBodyGyroJerkMag-meanFreq()",0.0859903395931507
"14188",25,"WALKING","training data","fBodyBodyGyroJerkMag-meanFreq()",-0.00363397452945946
"14189",25,"WALKING_DOWNSTAIRS","training data","fBodyBodyGyroJerkMag-meanFreq()",-0.101278802667241
"14190",25,"WALKING_UPSTAIRS","training data","fBodyBodyGyroJerkMag-meanFreq()",-0.0511617273270769
"14191",26,"STANDING","training data","fBodyBodyGyroJerkMag-meanFreq()",0.104516777617568
"14192",26,"SITTING","training data","fBodyBodyGyroJerkMag-meanFreq()",0.300529363615385
"14193",26,"LAYING","training data","fBodyBodyGyroJerkMag-meanFreq()",0.239935477563158
"14194",26,"WALKING","training data","fBodyBodyGyroJerkMag-meanFreq()",0.194215469318644
"14195",26,"WALKING_DOWNSTAIRS","training data","fBodyBodyGyroJerkMag-meanFreq()",-0.00434100877638
"14196",26,"WALKING_UPSTAIRS","training data","fBodyBodyGyroJerkMag-meanFreq()",-0.0512559511836364
"14197",27,"STANDING","training data","fBodyBodyGyroJerkMag-meanFreq()",0.21289531030875
"14198",27,"SITTING","training data","fBodyBodyGyroJerkMag-meanFreq()",0.224975047905714
"14199",27,"LAYING","training data","fBodyBodyGyroJerkMag-meanFreq()",0.348321453205405
"14200",27,"WALKING","training data","fBodyBodyGyroJerkMag-meanFreq()",0.085975680254386
"14201",27,"WALKING_DOWNSTAIRS","training data","fBodyBodyGyroJerkMag-meanFreq()",0.084123192215
"14202",27,"WALKING_UPSTAIRS","training data","fBodyBodyGyroJerkMag-meanFreq()",0.184859987184314
"14203",28,"STANDING","training data","fBodyBodyGyroJerkMag-meanFreq()",-0.112442882634177
"14204",28,"SITTING","training data","fBodyBodyGyroJerkMag-meanFreq()",0.00249592740972222
"14205",28,"LAYING","training data","fBodyBodyGyroJerkMag-meanFreq()",0.01188286097125
"14206",28,"WALKING","training data","fBodyBodyGyroJerkMag-meanFreq()",-0.07608392765
"14207",28,"WALKING_DOWNSTAIRS","training data","fBodyBodyGyroJerkMag-meanFreq()",0.131260126216957
"14208",28,"WALKING_UPSTAIRS","training data","fBodyBodyGyroJerkMag-meanFreq()",0.0991311624941176
"14209",29,"STANDING","training data","fBodyBodyGyroJerkMag-meanFreq()",0.219867066
"14210",29,"SITTING","training data","fBodyBodyGyroJerkMag-meanFreq()",0.3077908781325
"14211",29,"LAYING","training data","fBodyBodyGyroJerkMag-meanFreq()",0.426301679855072
"14212",29,"WALKING","training data","fBodyBodyGyroJerkMag-meanFreq()",0.0796848521886792
"14213",29,"WALKING_DOWNSTAIRS","training data","fBodyBodyGyroJerkMag-meanFreq()",0.0844737247270833
"14214",29,"WALKING_UPSTAIRS","training data","fBodyBodyGyroJerkMag-meanFreq()",0.0535852933469388
"14215",30,"STANDING","training data","fBodyBodyGyroJerkMag-meanFreq()",-0.131720538194746
"14216",30,"SITTING","training data","fBodyBodyGyroJerkMag-meanFreq()",0.216651118587097
"14217",30,"LAYING","training data","fBodyBodyGyroJerkMag-meanFreq()",0.107252553754286
"14218",30,"WALKING","training data","fBodyBodyGyroJerkMag-meanFreq()",0.102346297253846
"14219",30,"WALKING_DOWNSTAIRS","training data","fBodyBodyGyroJerkMag-meanFreq()",0.0227158393209677
"14220",30,"WALKING_UPSTAIRS","training data","fBodyBodyGyroJerkMag-meanFreq()",-0.0714398678692308
